Centro Nacional de Control de Energia
Precios de Energia en Nodos Distribuidos del MTR (Calculo ExPost)
Sistema Interconectado Nacional
Reporte Mensual
Mes de Noviembre de 2020
Archivo descargado desde el Sistema de Informacion del Mercado (Area Publica) creado el 10/Diciembre/2020 08:30:25 hrs.
Nota: Los acentos de este reporte se omiten intencionalmente por sistema
Fecha,Hora,Zona de Carga,Precio Zonal  ($/MWh),Componente energia  ($/MWh),Componente perdidas  ($/MWh),Componente Congestion  ($/MWh),
2020-11-16,1,ACAPULCO,647.91,575.01,72.9,0
2020-11-16,2,ACAPULCO,603.19,540.96,62.23,0
2020-11-16,3,ACAPULCO,585.89,529.48,56.41,0
2020-11-16,4,ACAPULCO,568.79,515.77,53.02,0
2020-11-16,5,ACAPULCO,576.05,522.53,53.53,0
2020-11-16,6,ACAPULCO,586.59,530.75,55.84,0
2020-11-16,7,ACAPULCO,590.56,535.15,55.4,0
2020-11-16,8,ACAPULCO,596.68,539.51,57.17,0
2020-11-16,9,ACAPULCO,586.73,530.03,56.7,0
2020-11-16,10,ACAPULCO,582.46,524.83,57.64,0
2020-11-16,11,ACAPULCO,598.05,538.65,59.4,0
2020-11-16,12,ACAPULCO,611.89,549.09,62.8,0
2020-11-16,13,ACAPULCO,621.64,556,65.64,0
2020-11-16,14,ACAPULCO,620.89,555.9,64.99,0
2020-11-16,15,ACAPULCO,609.43,546.06,63.38,0
2020-11-16,16,ACAPULCO,609.71,544.89,64.83,0
2020-11-16,17,ACAPULCO,614.1,549.86,64.24,0
2020-11-16,18,ACAPULCO,692.58,615.59,77,0
2020-11-16,19,ACAPULCO,941.61,631.51,86.51,223.59
2020-11-16,20,ACAPULCO,1174.84,1042.14,141.39,-8.68
2020-11-16,21,ACAPULCO,906.59,796.15,111.96,-1.51
2020-11-16,22,ACAPULCO,749.84,656.6,93.24,0
2020-11-16,23,ACAPULCO,713.65,628.07,85.58,0
2020-11-16,24,ACAPULCO,658.16,584.52,73.65,0
2020-11-16,1,AGUASCALIENTES,568.89,575.01,-6.13,0
2020-11-16,2,AGUASCALIENTES,535.06,540.96,-5.9,0
2020-11-16,3,AGUASCALIENTES,523.47,529.48,-6,0
2020-11-16,4,AGUASCALIENTES,510.26,515.77,-5.51,0
2020-11-16,5,AGUASCALIENTES,516.68,522.53,-5.85,0
2020-11-16,6,AGUASCALIENTES,525.31,530.75,-5.44,0
2020-11-16,7,AGUASCALIENTES,531.14,535.15,-4.01,0
2020-11-16,8,AGUASCALIENTES,534.28,539.51,-5.23,0
2020-11-16,9,AGUASCALIENTES,520.27,530.03,-9.76,0
2020-11-16,10,AGUASCALIENTES,513.49,524.83,-11.34,0
2020-11-16,11,AGUASCALIENTES,527.9,538.65,-10.75,0
2020-11-16,12,AGUASCALIENTES,539.1,549.09,-9.99,0
2020-11-16,13,AGUASCALIENTES,545.61,556,-10.39,0
2020-11-16,14,AGUASCALIENTES,545.15,555.9,-10.74,0
2020-11-16,15,AGUASCALIENTES,534.96,546.06,-11.1,0
2020-11-16,16,AGUASCALIENTES,533.2,544.89,-11.69,0
2020-11-16,17,AGUASCALIENTES,539.21,549.86,-10.65,0
2020-11-16,18,AGUASCALIENTES,608.1,615.59,-7.49,0
2020-11-16,19,AGUASCALIENTES,672.11,631.51,-4.47,45.08
2020-11-16,20,AGUASCALIENTES,1103.17,1042.14,-5.5,66.53
2020-11-16,21,AGUASCALIENTES,803.3,796.15,-4.43,11.58
2020-11-16,22,AGUASCALIENTES,654.01,656.6,-2.58,0
2020-11-16,23,AGUASCALIENTES,626.43,628.07,-1.64,0
2020-11-16,24,AGUASCALIENTES,582.62,584.52,-1.89,0
2020-11-16,1,APATZINGAN,603.17,575.01,28.16,0
2020-11-16,2,APATZINGAN,563.63,540.96,22.67,0
2020-11-16,3,APATZINGAN,548.36,529.48,18.88,0
2020-11-16,4,APATZINGAN,533.22,515.77,17.45,0
2020-11-16,5,APATZINGAN,540.11,522.53,17.58,0
2020-11-16,6,APATZINGAN,550.16,530.75,19.41,0
2020-11-16,7,APATZINGAN,557.72,535.15,22.57,0
2020-11-16,8,APATZINGAN,566.62,539.51,27.11,0
2020-11-16,9,APATZINGAN,558.18,530.03,28.15,0
2020-11-16,10,APATZINGAN,553.96,524.83,29.13,0
2020-11-16,11,APATZINGAN,569.4,538.65,30.75,0
2020-11-16,12,APATZINGAN,582.73,549.09,33.64,0
2020-11-16,13,APATZINGAN,591.4,556,35.4,0
2020-11-16,14,APATZINGAN,591.18,555.9,35.28,0
2020-11-16,15,APATZINGAN,580.89,546.06,34.83,0
2020-11-16,16,APATZINGAN,581.04,544.89,36.15,0
2020-11-16,17,APATZINGAN,586.59,549.86,36.74,0
2020-11-16,18,APATZINGAN,658.64,615.59,43.06,0
2020-11-16,19,APATZINGAN,735.72,631.51,48.61,55.6
2020-11-16,20,APATZINGAN,1140.25,1042.14,84.08,14.03
2020-11-16,21,APATZINGAN,863.16,796.15,64.58,2.44
2020-11-16,22,APATZINGAN,708.61,656.6,52.02,0
2020-11-16,23,APATZINGAN,673.77,628.07,45.69,0
2020-11-16,24,APATZINGAN,621.25,584.52,36.73,0
2020-11-16,1,CABORCA,511.53,575.01,-63.49,0
2020-11-16,2,CABORCA,481.79,540.96,-59.17,0
2020-11-16,3,CABORCA,473.77,529.48,-55.71,0
2020-11-16,4,CABORCA,467.85,515.77,-47.92,0
2020-11-16,5,CABORCA,467.61,522.53,-54.92,0
2020-11-16,6,CABORCA,475.97,530.75,-54.77,0
2020-11-16,7,CABORCA,483.23,535.15,-51.92,0
2020-11-16,8,CABORCA,485.63,539.51,-53.88,0
2020-11-16,9,CABORCA,453.4,530.03,-76.64,0
2020-11-16,10,CABORCA,381.76,524.83,-143.07,0
2020-11-16,11,CABORCA,371.65,538.65,-167,0
2020-11-16,12,CABORCA,383.1,549.09,-164.85,-1.15
2020-11-16,13,CABORCA,393.51,556,-162.49,0
2020-11-16,14,CABORCA,396.63,555.9,-159.26,0
2020-11-16,15,CABORCA,396.23,546.06,-149.83,0
2020-11-16,16,CABORCA,396.3,544.89,-148.59,0
2020-11-16,17,CABORCA,410.3,549.86,-139.56,0
2020-11-16,18,CABORCA,503.28,615.59,-112.3,0
2020-11-16,19,CABORCA,596.58,631.51,-64.07,29.14
2020-11-16,20,CABORCA,757.1,1042.14,-122.16,-162.88
2020-11-16,21,CABORCA,673.48,796.15,-94.35,-28.32
2020-11-16,22,CABORCA,596.67,656.6,-59.93,0
2020-11-16,23,CABORCA,577.55,628.07,-50.52,0
2020-11-16,24,CABORCA,544.6,584.52,-39.92,0
2020-11-16,1,CAMARGO,536.86,575.01,-38.15,0
2020-11-16,2,CAMARGO,504.63,540.96,-36.33,0
2020-11-16,3,CAMARGO,498.24,529.48,-31.24,0
2020-11-16,4,CAMARGO,491.79,515.77,-23.98,0
2020-11-16,5,CAMARGO,496.11,522.53,-26.42,0
2020-11-16,6,CAMARGO,505.48,530.75,-25.26,0
2020-11-16,7,CAMARGO,513.59,535.15,-21.56,0
2020-11-16,8,CAMARGO,516.27,539.51,-23.24,0
2020-11-16,9,CAMARGO,492.61,530.03,-37.42,0
2020-11-16,10,CAMARGO,467.19,524.83,-57.63,0
2020-11-16,11,CAMARGO,470.93,538.65,-67.72,0
2020-11-16,12,CAMARGO,483.88,549.09,-65.2,0
2020-11-16,13,CAMARGO,490.23,556,-65.77,0
2020-11-16,14,CAMARGO,490.48,555.9,-65.42,0
2020-11-16,15,CAMARGO,485.55,546.06,-60.51,0
2020-11-16,16,CAMARGO,487.36,544.89,-57.53,0
2020-11-16,17,CAMARGO,499.59,549.86,-50.27,0
2020-11-16,18,CAMARGO,574.12,615.59,-41.46,0
2020-11-16,19,CAMARGO,620.34,631.51,-28.29,17.12
2020-11-16,20,CAMARGO,718.34,1042.14,-67.26,-256.54
2020-11-16,21,CAMARGO,694.17,796.15,-57.38,-44.61
2020-11-16,22,CAMARGO,622.89,656.6,-33.7,0
2020-11-16,23,CAMARGO,599.98,628.07,-28.09,0
2020-11-16,24,CAMARGO,565.37,584.52,-19.14,0
2020-11-16,1,CAMPECHE,662.9,575.01,87.89,0
2020-11-16,2,CAMPECHE,614.92,540.96,73.96,0
2020-11-16,3,CAMPECHE,595.79,529.48,66.32,0
2020-11-16,4,CAMPECHE,576.73,515.77,60.96,0
2020-11-16,5,CAMPECHE,576.98,522.53,54.46,0
2020-11-16,6,CAMPECHE,585.34,530.75,54.6,0
2020-11-16,7,CAMPECHE,579.01,535.15,43.85,0
2020-11-16,8,CAMPECHE,587.74,539.51,48.23,0
2020-11-16,9,CAMPECHE,580.89,530.03,50.86,0
2020-11-16,10,CAMPECHE,571.16,524.83,46.34,0
2020-11-16,11,CAMPECHE,579.86,538.65,41.22,0
2020-11-16,12,CAMPECHE,592.7,549.09,43.61,0
2020-11-16,13,CAMPECHE,604.67,556,48.67,0
2020-11-16,14,CAMPECHE,605.97,555.9,50.07,0
2020-11-16,15,CAMPECHE,596.74,546.06,50.69,0
2020-11-16,16,CAMPECHE,592.02,544.89,47.13,0
2020-11-16,17,CAMPECHE,597.95,549.86,48.09,0
2020-11-16,18,CAMPECHE,683.96,615.59,68.37,0
2020-11-16,19,CAMPECHE,1059.68,631.51,77.54,350.62
2020-11-16,20,CAMPECHE,1132.49,1042.14,107.82,-17.47
2020-11-16,21,CAMPECHE,875.59,796.15,82.48,-3.04
2020-11-16,22,CAMPECHE,736.81,656.6,80.22,0
2020-11-16,23,CAMPECHE,701.72,628.07,73.65,0
2020-11-16,24,CAMPECHE,654.52,584.52,70,0
2020-11-16,1,CANCUN,653.22,575.01,78.2,0
2020-11-16,2,CANCUN,607.87,540.96,66.91,0
2020-11-16,3,CANCUN,592.03,529.48,62.56,0
2020-11-16,4,CANCUN,574.23,515.77,58.46,0
2020-11-16,5,CANCUN,571.23,522.53,48.71,0
2020-11-16,6,CANCUN,580.59,530.75,49.84,0
2020-11-16,7,CANCUN,574.84,535.15,39.69,0
2020-11-16,8,CANCUN,586.78,539.51,47.28,0
2020-11-16,9,CANCUN,582.67,530.03,52.64,0
2020-11-16,10,CANCUN,571.02,524.83,46.19,0
2020-11-16,11,CANCUN,578.94,538.65,40.29,0
2020-11-16,12,CANCUN,588.39,549.09,39.3,0
2020-11-16,13,CANCUN,600.51,556,44.51,0
2020-11-16,14,CANCUN,600.78,555.9,44.88,0
2020-11-16,15,CANCUN,595.25,546.06,49.19,0
2020-11-16,16,CANCUN,590.37,544.89,45.48,0
2020-11-16,17,CANCUN,594.2,549.86,44.35,0
2020-11-16,18,CANCUN,673.44,615.59,57.85,0
2020-11-16,19,CANCUN,1048.43,631.51,66.3,350.62
2020-11-16,20,CANCUN,1112.86,1042.14,88.19,-17.47
2020-11-16,21,CANCUN,859.95,796.15,66.84,-3.04
2020-11-16,22,CANCUN,723.95,656.6,67.35,0
2020-11-16,23,CANCUN,683.5,628.07,55.43,0
2020-11-16,24,CANCUN,639.35,584.52,54.83,0
2020-11-16,1,CARMEN,691.71,575.01,116.7,0
2020-11-16,2,CARMEN,640.53,540.96,99.57,0
2020-11-16,3,CARMEN,619.06,529.48,89.58,0
2020-11-16,4,CARMEN,598.01,515.77,82.24,0
2020-11-16,5,CARMEN,598.38,522.53,75.86,0
2020-11-16,6,CARMEN,606.04,530.75,75.29,0
2020-11-16,7,CARMEN,598.65,535.15,63.5,0
2020-11-16,8,CARMEN,606.53,539.51,67.02,0
2020-11-16,9,CARMEN,598.73,530.03,68.7,0
2020-11-16,10,CARMEN,589.91,524.83,65.08,0
2020-11-16,11,CARMEN,599.58,538.65,60.93,0
2020-11-16,12,CARMEN,613.77,549.09,64.69,0
2020-11-16,13,CARMEN,626.25,556,70.25,0
2020-11-16,14,CARMEN,628.47,555.9,72.57,0
2020-11-16,15,CARMEN,618.56,546.06,72.51,0
2020-11-16,16,CARMEN,614.29,544.89,69.4,0
2020-11-16,17,CARMEN,621.05,549.86,71.2,0
2020-11-16,18,CARMEN,711.98,615.59,96.4,0
2020-11-16,19,CARMEN,1091.27,631.51,109.14,350.62
2020-11-16,20,CARMEN,1187.05,1042.14,162.39,-17.47
2020-11-16,21,CARMEN,919.1,796.15,125.99,-3.04
2020-11-16,22,CARMEN,773.53,656.6,116.93,0
2020-11-16,23,CARMEN,738.64,628.07,110.57,0
2020-11-16,24,CARMEN,687.88,584.52,103.36,0
2020-11-16,1,CASAS GRANDES,490.69,575.01,-84.32,0
2020-11-16,2,CASAS GRANDES,462.06,540.96,-78.9,0
2020-11-16,3,CASAS GRANDES,457.08,529.48,-72.39,0
2020-11-16,4,CASAS GRANDES,452.41,515.77,-63.36,0
2020-11-16,5,CASAS GRANDES,454.84,522.53,-67.69,0
2020-11-16,6,CASAS GRANDES,463.69,530.75,-67.06,0
2020-11-16,7,CASAS GRANDES,471.67,535.15,-63.48,0
2020-11-16,8,CASAS GRANDES,474.16,539.51,-65.35,0
2020-11-16,9,CASAS GRANDES,451.02,530.03,-79.02,0
2020-11-16,10,CASAS GRANDES,418.91,524.83,-105.91,0
2020-11-16,11,CASAS GRANDES,418.86,538.65,-119.79,0
2020-11-16,12,CASAS GRANDES,430.09,549.09,-119,0
2020-11-16,13,CASAS GRANDES,436.33,556,-119.67,0
2020-11-16,14,CASAS GRANDES,436.48,555.9,-119.42,0
2020-11-16,15,CASAS GRANDES,434.77,546.06,-111.29,0
2020-11-16,16,CASAS GRANDES,436.03,544.89,-108.86,0
2020-11-16,17,CASAS GRANDES,448.91,549.86,-100.95,0
2020-11-16,18,CASAS GRANDES,518.85,615.59,-96.74,0
2020-11-16,19,CASAS GRANDES,570.25,631.51,-82.14,20.88
2020-11-16,20,CASAS GRANDES,653.67,1042.14,-160.88,-227.59
2020-11-16,21,CASAS GRANDES,628.41,796.15,-128.17,-39.57
2020-11-16,22,CASAS GRANDES,568.28,656.6,-88.32,0
2020-11-16,23,CASAS GRANDES,550.68,628.07,-77.39,0
2020-11-16,24,CASAS GRANDES,521.65,584.52,-62.87,0
2020-11-16,1,CELAYA,577.99,575.01,2.98,0
2020-11-16,2,CELAYA,543.25,540.96,2.29,0
2020-11-16,3,CELAYA,531.76,529.48,2.28,0
2020-11-16,4,CELAYA,517.88,515.77,2.11,0
2020-11-16,5,CELAYA,525.7,522.53,3.17,0
2020-11-16,6,CELAYA,533.32,530.75,2.57,0
2020-11-16,7,CELAYA,539.07,535.15,3.92,0
2020-11-16,8,CELAYA,543.81,539.51,4.3,0
2020-11-16,9,CELAYA,533.77,530.03,3.74,0
2020-11-16,10,CELAYA,528.33,524.83,3.5,0
2020-11-16,11,CELAYA,543.17,538.65,4.52,0
2020-11-16,12,CELAYA,553.09,549.09,4,0
2020-11-16,13,CELAYA,560.13,556,4.13,0
2020-11-16,14,CELAYA,560.13,555.9,4.24,0
2020-11-16,15,CELAYA,549.37,546.06,3.31,0
2020-11-16,16,CELAYA,548.39,544.89,3.5,0
2020-11-16,17,CELAYA,553.99,549.86,4.13,0
2020-11-16,18,CELAYA,621.16,615.59,5.57,0
2020-11-16,19,CELAYA,658.21,631.51,6.84,19.86
2020-11-16,20,CELAYA,1064.51,1042.14,11.72,10.65
2020-11-16,21,CELAYA,806.98,796.15,8.97,1.87
2020-11-16,22,CELAYA,663.68,656.6,7.08,0
2020-11-16,23,CELAYA,635.25,628.07,7.18,0
2020-11-16,24,CELAYA,590.88,584.52,6.36,0
2020-11-16,1,CENTRO ORIENTE,600.09,575.01,25.08,0
2020-11-16,2,CENTRO ORIENTE,562.15,540.96,21.19,0
2020-11-16,3,CENTRO ORIENTE,548.69,529.48,19.22,0
2020-11-16,4,CENTRO ORIENTE,534.13,515.77,18.36,0
2020-11-16,5,CENTRO ORIENTE,540.58,522.53,18.05,0
2020-11-16,6,CENTRO ORIENTE,549.62,530.75,18.88,0
2020-11-16,7,CENTRO ORIENTE,553.44,535.15,18.29,0
2020-11-16,8,CENTRO ORIENTE,558.46,539.51,18.95,0
2020-11-16,9,CENTRO ORIENTE,550.17,530.03,20.14,0
2020-11-16,10,CENTRO ORIENTE,545.55,524.83,20.72,0
2020-11-16,11,CENTRO ORIENTE,558.81,538.65,20.16,0
2020-11-16,12,CENTRO ORIENTE,571.23,549.09,22.14,0
2020-11-16,13,CENTRO ORIENTE,579.54,556,23.54,0
2020-11-16,14,CENTRO ORIENTE,579.71,555.9,23.81,0
2020-11-16,15,CENTRO ORIENTE,569.01,546.06,22.95,0
2020-11-16,16,CENTRO ORIENTE,568.1,544.89,23.22,0
2020-11-16,17,CENTRO ORIENTE,573.73,549.86,23.87,0
2020-11-16,18,CENTRO ORIENTE,644.75,615.59,29.17,0
2020-11-16,19,CENTRO ORIENTE,640.36,631.51,31.84,-22.99
2020-11-16,20,CENTRO ORIENTE,1080.51,1042.14,51.51,-13.14
2020-11-16,21,CENTRO ORIENTE,832.66,796.15,38.81,-2.29
2020-11-16,22,CENTRO ORIENTE,687.27,656.6,30.68,0
2020-11-16,23,CENTRO ORIENTE,654.41,628.07,26.34,0
2020-11-16,24,CENTRO ORIENTE,606.1,584.52,21.59,0
2020-11-16,1,CENTRO SUR,611.03,575.01,36.02,0
2020-11-16,2,CENTRO SUR,571.46,540.96,30.5,0
2020-11-16,3,CENTRO SUR,558.41,529.48,28.94,0
2020-11-16,4,CENTRO SUR,543.76,515.77,27.99,0
2020-11-16,5,CENTRO SUR,550.46,522.53,27.93,0
2020-11-16,6,CENTRO SUR,559.97,530.75,29.23,0
2020-11-16,7,CENTRO SUR,563.88,535.15,28.73,0
2020-11-16,8,CENTRO SUR,568.6,539.51,29.09,0
2020-11-16,9,CENTRO SUR,559.27,530.03,29.24,0
2020-11-16,10,CENTRO SUR,554.45,524.83,29.63,0
2020-11-16,11,CENTRO SUR,568.34,538.65,29.7,0
2020-11-16,12,CENTRO SUR,581.17,549.09,32.08,0
2020-11-16,13,CENTRO SUR,589.77,556,33.76,0
2020-11-16,14,CENTRO SUR,589.42,555.9,33.52,0
2020-11-16,15,CENTRO SUR,578.59,546.06,32.54,0
2020-11-16,16,CENTRO SUR,577.92,544.89,33.03,0
2020-11-16,17,CENTRO SUR,582.88,549.86,33.03,0
2020-11-16,18,CENTRO SUR,655.78,615.59,40.19,0
2020-11-16,19,CENTRO SUR,819.73,631.51,42.55,145.67
2020-11-16,20,CENTRO SUR,1096.86,1042.14,63.24,-8.52
2020-11-16,21,CENTRO SUR,844.44,796.15,49.77,-1.48
2020-11-16,22,CENTRO SUR,698.67,656.6,42.08,0
2020-11-16,23,CENTRO SUR,666.54,628.07,38.47,0
2020-11-16,24,CENTRO SUR,617.84,584.52,33.32,0
2020-11-16,1,CHETUMAL,665.82,575.01,90.81,0
2020-11-16,2,CHETUMAL,617.16,540.96,76.2,0
2020-11-16,3,CHETUMAL,597.58,529.48,68.1,0
2020-11-16,4,CHETUMAL,578.35,515.77,62.58,0
2020-11-16,5,CHETUMAL,578.62,522.53,56.1,0
2020-11-16,6,CHETUMAL,587.12,530.75,56.38,0
2020-11-16,7,CHETUMAL,580.96,535.15,45.81,0
2020-11-16,8,CHETUMAL,589.65,539.51,50.14,0
2020-11-16,9,CHETUMAL,582.79,530.03,52.76,0
2020-11-16,10,CHETUMAL,573.64,524.83,48.81,0
2020-11-16,11,CHETUMAL,582.72,538.65,44.07,0
2020-11-16,12,CHETUMAL,595.23,549.09,46.14,0
2020-11-16,13,CHETUMAL,607.33,556,51.32,0
2020-11-16,14,CHETUMAL,608.8,555.9,52.9,0
2020-11-16,15,CHETUMAL,599.81,546.06,53.75,0
2020-11-16,16,CHETUMAL,595.46,544.89,50.58,0
2020-11-16,17,CHETUMAL,601.6,549.86,51.74,0
2020-11-16,18,CHETUMAL,689.14,615.59,73.56,0
2020-11-16,19,CHETUMAL,1065.64,631.51,83.51,350.62
2020-11-16,20,CHETUMAL,1142.14,1042.14,117.47,-17.47
2020-11-16,21,CHETUMAL,882.49,796.15,89.38,-3.04
2020-11-16,22,CHETUMAL,741.76,656.6,85.17,0
2020-11-16,23,CHETUMAL,705.56,628.07,77.49,0
2020-11-16,24,CHETUMAL,657.1,584.52,72.58,0
2020-11-16,1,CHIHUAHUA,504.33,575.01,-70.68,0
2020-11-16,2,CHIHUAHUA,473.63,540.96,-67.33,0
2020-11-16,3,CHIHUAHUA,468.3,529.48,-61.18,0
2020-11-16,4,CHIHUAHUA,462.56,515.77,-53.21,0
2020-11-16,5,CHIHUAHUA,466.41,522.53,-56.12,0
2020-11-16,6,CHIHUAHUA,475.3,530.75,-55.45,0
2020-11-16,7,CHIHUAHUA,483.98,535.15,-51.17,0
2020-11-16,8,CHIHUAHUA,487.06,539.51,-52.45,0
2020-11-16,9,CHIHUAHUA,465.41,530.03,-64.62,0
2020-11-16,10,CHIHUAHUA,440.83,524.83,-84,0
2020-11-16,11,CHIHUAHUA,443.14,538.65,-95.51,0
2020-11-16,12,CHIHUAHUA,454.89,549.09,-94.2,0
2020-11-16,13,CHIHUAHUA,460.81,556,-95.2,0
2020-11-16,14,CHIHUAHUA,461.49,555.9,-94.41,0
2020-11-16,15,CHIHUAHUA,458.39,546.06,-87.66,0
2020-11-16,16,CHIHUAHUA,459.7,544.89,-85.19,0
2020-11-16,17,CHIHUAHUA,470.85,549.86,-79.01,0
2020-11-16,18,CHIHUAHUA,538.53,615.59,-77.05,0
2020-11-16,19,CHIHUAHUA,583.97,631.51,-64.9,17.36
2020-11-16,20,CHIHUAHUA,657.84,1042.14,-129.2,-255.09
2020-11-16,21,CHIHUAHUA,646.95,796.15,-104.84,-44.35
2020-11-16,22,CHIHUAHUA,584.45,656.6,-72.14,0
2020-11-16,23,CHIHUAHUA,563.95,628.07,-64.12,0
2020-11-16,24,CHIHUAHUA,532.9,584.52,-51.62,0
2020-11-16,1,CHILPANCINGO,644.41,575.01,69.4,0
2020-11-16,2,CHILPANCINGO,600.65,540.96,59.69,0
2020-11-16,3,CHILPANCINGO,584.12,529.48,54.65,0
2020-11-16,4,CHILPANCINGO,567.5,515.77,51.73,0
2020-11-16,5,CHILPANCINGO,574.61,522.53,52.09,0
2020-11-16,6,CHILPANCINGO,584.8,530.75,54.06,0
2020-11-16,7,CHILPANCINGO,589.02,535.15,53.87,0
2020-11-16,8,CHILPANCINGO,595.18,539.51,55.67,0
2020-11-16,9,CHILPANCINGO,585.85,530.03,55.81,0
2020-11-16,10,CHILPANCINGO,581.21,524.83,56.39,0
2020-11-16,11,CHILPANCINGO,596.16,538.65,57.52,0
2020-11-16,12,CHILPANCINGO,609.91,549.09,60.82,0
2020-11-16,13,CHILPANCINGO,619.55,556,63.55,0
2020-11-16,14,CHILPANCINGO,619.11,555.9,63.22,0
2020-11-16,15,CHILPANCINGO,607.77,546.06,61.71,0
2020-11-16,16,CHILPANCINGO,607.73,544.89,62.85,0
2020-11-16,17,CHILPANCINGO,612.27,549.86,62.42,0
2020-11-16,18,CHILPANCINGO,690.5,615.59,74.91,0
2020-11-16,19,CHILPANCINGO,953.04,631.51,83.95,237.58
2020-11-16,20,CHILPANCINGO,1169.57,1042.14,137.24,-9.8
2020-11-16,21,CHILPANCINGO,901.72,796.15,107.28,-1.71
2020-11-16,22,CHILPANCINGO,745.12,656.6,88.52,0
2020-11-16,23,CHILPANCINGO,708.33,628.07,80.26,0
2020-11-16,24,CHILPANCINGO,653.9,584.52,69.39,0
2020-11-16,1,CHONTALPA,619.26,575.01,44.25,0
2020-11-16,2,CHONTALPA,574.21,540.96,33.25,0
2020-11-16,3,CHONTALPA,556.23,529.48,26.75,0
2020-11-16,4,CHONTALPA,539.3,515.77,23.53,0
2020-11-16,5,CHONTALPA,543.06,522.53,20.54,0
2020-11-16,6,CHONTALPA,551.31,530.75,20.57,0
2020-11-16,7,CHONTALPA,547.75,535.15,12.59,0
2020-11-16,8,CHONTALPA,554.63,539.51,15.12,0
2020-11-16,9,CHONTALPA,544.51,530.03,14.47,0
2020-11-16,10,CHONTALPA,535.5,524.83,10.68,0
2020-11-16,11,CHONTALPA,543.12,538.65,4.47,0
2020-11-16,12,CHONTALPA,556.85,549.09,7.76,0
2020-11-16,13,CHONTALPA,567.33,556,11.33,0
2020-11-16,14,CHONTALPA,569.03,555.9,13.14,0
2020-11-16,15,CHONTALPA,556.74,546.06,10.68,0
2020-11-16,16,CHONTALPA,551.26,544.89,6.37,0
2020-11-16,17,CHONTALPA,558.37,549.86,8.51,0
2020-11-16,18,CHONTALPA,640.21,615.59,24.63,0
2020-11-16,19,CHONTALPA,1010.47,631.51,28.34,350.62
2020-11-16,20,CHONTALPA,1051.57,1042.14,26.9,-17.47
2020-11-16,21,CHONTALPA,815.12,796.15,22.01,-3.04
2020-11-16,22,CHONTALPA,687.34,656.6,30.74,0
2020-11-16,23,CHONTALPA,659.01,628.07,30.94,0
2020-11-16,24,CHONTALPA,615.89,584.52,31.38,0
2020-11-16,1,CIENEGA,580.69,575.01,5.67,0
2020-11-16,2,CIENEGA,543.85,540.96,2.89,0
2020-11-16,3,CIENEGA,530.38,529.48,.9,0
2020-11-16,4,CIENEGA,516.92,515.77,1.15,0
2020-11-16,5,CIENEGA,523.15,522.53,.63,0
2020-11-16,6,CIENEGA,532.1,530.75,1.36,0
2020-11-16,7,CIENEGA,538.56,535.15,3.41,0
2020-11-16,8,CIENEGA,543.26,539.51,3.75,0
2020-11-16,9,CIENEGA,531.81,530.03,1.78,0
2020-11-16,10,CIENEGA,524.9,524.83,.07,0
2020-11-16,11,CIENEGA,538.48,538.65,-.17,0
2020-11-16,12,CIENEGA,550.48,549.09,1.4,0
2020-11-16,13,CIENEGA,558.58,556,2.58,0
2020-11-16,14,CIENEGA,558.53,555.9,2.63,0
2020-11-16,15,CIENEGA,549.15,546.06,3.09,0
2020-11-16,16,CIENEGA,548.76,544.89,3.87,0
2020-11-16,17,CIENEGA,555.55,549.86,5.7,0
2020-11-16,18,CIENEGA,624.42,615.59,8.84,0
2020-11-16,19,CIENEGA,696.77,631.51,11,54.26
2020-11-16,20,CIENEGA,1079.31,1042.14,21.79,15.38
2020-11-16,21,CIENEGA,816.5,796.15,17.68,2.67
2020-11-16,22,CIENEGA,672.95,656.6,16.36,0
2020-11-16,23,CIENEGA,645.08,628.07,17.01,0
2020-11-16,24,CIENEGA,597.36,584.52,12.85,0
2020-11-16,1,COATZACOALCOS,618.72,575.01,43.71,0
2020-11-16,2,COATZACOALCOS,574.68,540.96,33.72,0
2020-11-16,3,COATZACOALCOS,557.11,529.48,27.63,0
2020-11-16,4,COATZACOALCOS,540.8,515.77,25.03,0
2020-11-16,5,COATZACOALCOS,546.07,522.53,23.54,0
2020-11-16,6,COATZACOALCOS,555.3,530.75,24.55,0
2020-11-16,7,COATZACOALCOS,553.05,535.15,17.9,0
2020-11-16,8,COATZACOALCOS,559.85,539.51,20.34,0
2020-11-16,9,COATZACOALCOS,549.16,530.03,19.12,0
2020-11-16,10,COATZACOALCOS,540.32,524.83,15.49,0
2020-11-16,11,COATZACOALCOS,548.6,538.65,9.95,0
2020-11-16,12,COATZACOALCOS,562.59,549.09,13.5,0
2020-11-16,13,COATZACOALCOS,572.68,556,16.68,0
2020-11-16,14,COATZACOALCOS,574.39,555.9,18.49,0
2020-11-16,15,COATZACOALCOS,561.67,546.06,15.61,0
2020-11-16,16,COATZACOALCOS,557.64,544.89,12.76,0
2020-11-16,17,COATZACOALCOS,563.76,549.86,13.91,0
2020-11-16,18,COATZACOALCOS,644.3,615.59,28.72,0
2020-11-16,19,COATZACOALCOS,1012.09,631.51,30.36,350.22
2020-11-16,20,COATZACOALCOS,1056.16,1042.14,31.51,-17.49
2020-11-16,21,COATZACOALCOS,818.79,796.15,25.69,-3.04
2020-11-16,22,COATZACOALCOS,688.31,656.6,31.71,0
2020-11-16,23,COATZACOALCOS,660.19,628.07,32.12,0
2020-11-16,24,COATZACOALCOS,616.21,584.52,31.69,0
2020-11-16,1,COLIMA,582.46,575.01,7.45,0
2020-11-16,2,COLIMA,545.66,540.96,4.7,0
2020-11-16,3,COLIMA,531.69,529.48,2.22,0
2020-11-16,4,COLIMA,518.45,515.77,2.68,0
2020-11-16,5,COLIMA,524.74,522.53,2.22,0
2020-11-16,6,COLIMA,533.77,530.75,3.02,0
2020-11-16,7,COLIMA,539.99,535.15,4.84,0
2020-11-16,8,COLIMA,545.25,539.51,5.74,0
2020-11-16,9,COLIMA,534.52,530.03,4.49,0
2020-11-16,10,COLIMA,528,524.83,3.18,0
2020-11-16,11,COLIMA,542.03,538.65,3.39,0
2020-11-16,12,COLIMA,554.48,549.09,5.39,0
2020-11-16,13,COLIMA,562.06,556,6.06,0
2020-11-16,14,COLIMA,562.06,555.9,6.16,0
2020-11-16,15,COLIMA,552.5,546.06,6.45,0
2020-11-16,16,COLIMA,551.94,544.89,7.05,0
2020-11-16,17,COLIMA,558.41,549.86,8.55,0
2020-11-16,18,COLIMA,626.53,615.59,10.94,0
2020-11-16,19,COLIMA,700.63,631.51,11.52,57.6
2020-11-16,20,COLIMA,1076.27,1042.14,20.61,13.53
2020-11-16,21,COLIMA,816.09,796.15,17.59,2.35
2020-11-16,22,COLIMA,673.43,656.6,16.83,0
2020-11-16,23,COLIMA,645.64,628.07,17.56,0
2020-11-16,24,COLIMA,598.29,584.52,13.77,0
2020-11-16,1,CORDOBA,606.08,575.01,31.07,0
2020-11-16,2,CORDOBA,564.9,540.96,23.94,0
2020-11-16,3,CORDOBA,547.79,529.48,18.31,0
2020-11-16,4,CORDOBA,532.29,515.77,16.52,0
2020-11-16,5,CORDOBA,538.55,522.53,16.02,0
2020-11-16,6,CORDOBA,547.56,530.75,16.82,0
2020-11-16,7,CORDOBA,548.32,535.15,13.17,0
2020-11-16,8,CORDOBA,554.47,539.51,14.96,0
2020-11-16,9,CORDOBA,544.76,530.03,14.73,0
2020-11-16,10,CORDOBA,537.79,524.83,12.96,0
2020-11-16,11,CORDOBA,547.77,538.65,9.12,0
2020-11-16,12,CORDOBA,561.53,549.09,12.44,0
2020-11-16,13,CORDOBA,570.82,556,14.82,0
2020-11-16,14,CORDOBA,571.83,555.9,15.93,0
2020-11-16,15,CORDOBA,560.27,546.06,14.22,0
2020-11-16,16,CORDOBA,558.39,544.89,13.5,0
2020-11-16,17,CORDOBA,563.87,549.86,14.01,0
2020-11-16,18,CORDOBA,640.3,615.59,24.72,0
2020-11-16,19,CORDOBA,990.7,631.51,27.29,331.91
2020-11-16,20,CORDOBA,1059.53,1042.14,35.78,-18.39
2020-11-16,21,CORDOBA,821.24,796.15,28.29,-3.2
2020-11-16,22,CORDOBA,683.57,656.6,26.98,0
2020-11-16,23,CORDOBA,651.94,628.07,23.87,0
2020-11-16,24,CORDOBA,604.93,584.52,20.41,0
2020-11-16,1,CUAUHTEMOC,523.57,575.01,-51.44,0
2020-11-16,2,CUAUHTEMOC,491.39,540.96,-49.58,0
2020-11-16,3,CUAUHTEMOC,485.38,529.48,-44.1,0
2020-11-16,4,CUAUHTEMOC,479.84,515.77,-35.93,0
2020-11-16,5,CUAUHTEMOC,484.95,522.53,-37.58,0
2020-11-16,6,CUAUHTEMOC,493.97,530.75,-36.78,0
2020-11-16,7,CUAUHTEMOC,501.96,535.15,-33.19,0
2020-11-16,8,CUAUHTEMOC,504.95,539.51,-34.56,0
2020-11-16,9,CUAUHTEMOC,483.27,530.03,-46.76,0
2020-11-16,10,CUAUHTEMOC,459.2,524.83,-65.63,0
2020-11-16,11,CUAUHTEMOC,461.73,538.65,-76.92,0
2020-11-16,12,CUAUHTEMOC,475.12,549.09,-73.97,0
2020-11-16,13,CUAUHTEMOC,481.82,556,-74.18,0
2020-11-16,14,CUAUHTEMOC,482.01,555.9,-73.89,0
2020-11-16,15,CUAUHTEMOC,478.19,546.06,-67.87,0
2020-11-16,16,CUAUHTEMOC,480.05,544.89,-64.83,0
2020-11-16,17,CUAUHTEMOC,491.59,549.86,-58.27,0
2020-11-16,18,CUAUHTEMOC,560.03,615.59,-55.56,0
2020-11-16,19,CUAUHTEMOC,605.01,631.51,-43.76,17.26
2020-11-16,20,CUAUHTEMOC,691.91,1042.14,-94.33,-255.9
2020-11-16,21,CUAUHTEMOC,673.5,796.15,-78.16,-44.49
2020-11-16,22,CUAUHTEMOC,606.3,656.6,-50.3,0
2020-11-16,23,CUAUHTEMOC,584.07,628.07,-44,0
2020-11-16,24,CUAUHTEMOC,551.79,584.52,-32.73,0
2020-11-16,1,CUAUTLA,613.93,575.01,38.92,0
2020-11-16,2,CUAUTLA,574,540.96,33.04,0
2020-11-16,3,CUAUTLA,559.66,529.48,30.18,0
2020-11-16,4,CUAUTLA,544.66,515.77,28.89,0
2020-11-16,5,CUAUTLA,551.2,522.53,28.68,0
2020-11-16,6,CUAUTLA,560.46,530.75,29.72,0
2020-11-16,7,CUAUTLA,564.06,535.15,28.91,0
2020-11-16,8,CUAUTLA,569.73,539.51,30.22,0
2020-11-16,9,CUAUTLA,561.29,530.03,31.25,0
2020-11-16,10,CUAUTLA,556.6,524.83,31.78,0
2020-11-16,11,CUAUTLA,569.86,538.65,31.22,0
2020-11-16,12,CUAUTLA,583.28,549.09,34.19,0
2020-11-16,13,CUAUTLA,592.19,556,36.19,0
2020-11-16,14,CUAUTLA,592.09,555.9,36.19,0
2020-11-16,15,CUAUTLA,581.06,546.06,35,0
2020-11-16,16,CUAUTLA,580.24,544.89,35.36,0
2020-11-16,17,CUAUTLA,585.66,549.86,35.8,0
2020-11-16,18,CUAUTLA,660.11,615.59,44.52,0
2020-11-16,19,CUAUTLA,972.67,631.51,48.36,292.8
2020-11-16,20,CUAUTLA,1103.71,1042.14,75.11,-13.54
2020-11-16,21,CUAUTLA,851.86,796.15,58.07,-2.35
2020-11-16,22,CUAUTLA,704.55,656.6,47.95,0
2020-11-16,23,CUAUTLA,670.12,628.07,42.05,0
2020-11-16,24,CUAUTLA,620.35,584.52,35.83,0
2020-11-16,1,CUERNAVACA,613.91,575.01,38.9,0
2020-11-16,2,CUERNAVACA,573.7,540.96,32.74,0
2020-11-16,3,CUERNAVACA,559.21,529.48,29.73,0
2020-11-16,4,CUERNAVACA,544.04,515.77,28.27,0
2020-11-16,5,CUERNAVACA,550.53,522.53,28,0
2020-11-16,6,CUERNAVACA,559.93,530.75,29.18,0
2020-11-16,7,CUERNAVACA,563.25,535.15,28.1,0
2020-11-16,8,CUERNAVACA,568.73,539.51,29.22,0
2020-11-16,9,CUERNAVACA,560.47,530.03,30.43,0
2020-11-16,10,CUERNAVACA,555.73,524.83,30.9,0
2020-11-16,11,CUERNAVACA,569.39,538.65,30.75,0
2020-11-16,12,CUERNAVACA,582.83,549.09,33.74,0
2020-11-16,13,CUERNAVACA,591.81,556,35.81,0
2020-11-16,14,CUERNAVACA,591.77,555.9,35.87,0
2020-11-16,15,CUERNAVACA,580.88,546.06,34.82,0
2020-11-16,16,CUERNAVACA,580.22,544.89,35.34,0
2020-11-16,17,CUERNAVACA,585.31,549.86,35.46,0
2020-11-16,18,CUERNAVACA,659.68,615.59,44.09,0
2020-11-16,19,CUERNAVACA,955.36,631.51,47.61,276.24
2020-11-16,20,CUERNAVACA,1102.91,1042.14,73.72,-12.95
2020-11-16,21,CUERNAVACA,851.21,796.15,57.32,-2.25
2020-11-16,22,CUERNAVACA,703.93,656.6,47.33,0
2020-11-16,23,CUERNAVACA,670.09,628.07,42.02,0
2020-11-16,24,CUERNAVACA,620.19,584.52,35.67,0
2020-11-16,1,CULIACAN,518.97,575.01,-56.04,0
2020-11-16,2,CULIACAN,488.5,540.96,-52.46,0
2020-11-16,3,CULIACAN,477.47,529.48,-52,0
2020-11-16,4,CULIACAN,468.43,515.77,-47.35,0
2020-11-16,5,CULIACAN,469.78,522.53,-52.75,0
2020-11-16,6,CULIACAN,476.5,530.75,-54.24,0
2020-11-16,7,CULIACAN,481.77,535.15,-53.38,0
2020-11-16,8,CULIACAN,482.88,539.51,-56.63,0
2020-11-16,9,CULIACAN,467.74,530.03,-62.3,0
2020-11-16,10,CULIACAN,450.61,524.83,-74.21,0
2020-11-16,11,CULIACAN,458.05,538.65,-80.6,0
2020-11-16,12,CULIACAN,469.86,549.09,-79.23,0
2020-11-16,13,CULIACAN,477.75,556,-78.25,0
2020-11-16,14,CULIACAN,477.3,555.9,-78.6,0
2020-11-16,15,CULIACAN,474.78,546.06,-71.28,0
2020-11-16,16,CULIACAN,476.77,544.89,-68.12,0
2020-11-16,17,CULIACAN,487.17,549.86,-62.69,0
2020-11-16,18,CULIACAN,550.71,615.59,-64.88,0
2020-11-16,19,CULIACAN,608.14,631.51,-59.46,36.09
2020-11-16,20,CULIACAN,837.71,1042.14,-95.53,-108.9
2020-11-16,21,CULIACAN,704.61,796.15,-72.6,-18.93
2020-11-16,22,CULIACAN,605.6,656.6,-51,0
2020-11-16,23,CULIACAN,586.96,628.07,-41.12,0
2020-11-16,24,CULIACAN,545.96,584.52,-38.56,0
2020-11-16,1,DURANGO,538.12,575.01,-36.89,0
2020-11-16,2,DURANGO,506.63,540.96,-34.33,0
2020-11-16,3,DURANGO,496.64,529.48,-32.83,0
2020-11-16,4,DURANGO,486.75,515.77,-29.02,0
2020-11-16,5,DURANGO,490.64,522.53,-31.88,0
2020-11-16,6,DURANGO,498.03,530.75,-32.72,0
2020-11-16,7,DURANGO,502.87,535.15,-32.28,0
2020-11-16,8,DURANGO,503.98,539.51,-35.53,0
2020-11-16,9,DURANGO,484.26,530.03,-45.77,0
2020-11-16,10,DURANGO,470.56,524.83,-54.27,0
2020-11-16,11,DURANGO,477.06,538.65,-61.59,0
2020-11-16,12,DURANGO,487.38,549.09,-61.7,0
2020-11-16,13,DURANGO,492.71,556,-63.29,0
2020-11-16,14,DURANGO,492.9,555.9,-63,0
2020-11-16,15,DURANGO,489.36,546.06,-56.7,0
2020-11-16,16,DURANGO,491.29,544.89,-53.6,0
2020-11-16,17,DURANGO,500.05,549.86,-49.81,0
2020-11-16,18,DURANGO,565.78,615.59,-49.81,0
2020-11-16,19,DURANGO,614.96,631.51,-45.61,29.06
2020-11-16,20,DURANGO,822.47,1042.14,-69.79,-149.87
2020-11-16,21,DURANGO,718.55,796.15,-51.54,-26.06
2020-11-16,22,DURANGO,618.47,656.6,-38.12,0
2020-11-16,23,DURANGO,594.55,628.07,-33.52,0
2020-11-16,24,DURANGO,554.7,584.52,-29.81,0
2020-11-16,1,FRESNILLO,551.72,575.01,-23.3,0
2020-11-16,2,FRESNILLO,520.25,540.96,-20.71,0
2020-11-16,3,FRESNILLO,510.02,529.48,-19.45,0
2020-11-16,4,FRESNILLO,497.46,515.77,-18.31,0
2020-11-16,5,FRESNILLO,503.49,522.53,-19.04,0
2020-11-16,6,FRESNILLO,512.11,530.75,-18.64,0
2020-11-16,7,FRESNILLO,518.39,535.15,-16.76,0
2020-11-16,8,FRESNILLO,520.85,539.51,-18.66,0
2020-11-16,9,FRESNILLO,507.6,530.03,-22.43,0
2020-11-16,10,FRESNILLO,500.57,524.83,-24.26,0
2020-11-16,11,FRESNILLO,511.69,538.65,-26.95,0
2020-11-16,12,FRESNILLO,521.61,549.09,-27.48,0
2020-11-16,13,FRESNILLO,527.46,556,-28.54,0
2020-11-16,14,FRESNILLO,527.6,555.9,-28.3,0
2020-11-16,15,FRESNILLO,519.69,546.06,-26.37,0
2020-11-16,16,FRESNILLO,518.23,544.89,-26.66,0
2020-11-16,17,FRESNILLO,523.59,549.86,-26.27,0
2020-11-16,18,FRESNILLO,586.28,615.59,-29.31,0
2020-11-16,19,FRESNILLO,668.31,631.51,-26.42,63.22
2020-11-16,20,FRESNILLO,1212.42,1042.14,-40.79,211.08
2020-11-16,21,FRESNILLO,801.3,796.15,-32.13,37.28
2020-11-16,22,FRESNILLO,630.96,656.6,-25.63,0
2020-11-16,23,FRESNILLO,603.8,628.07,-24.28,0
2020-11-16,24,FRESNILLO,563.03,584.52,-21.49,0
2020-11-16,1,GUADALAJARA,576.03,575.01,1.01,0
2020-11-16,2,GUADALAJARA,539.71,540.96,-1.25,0
2020-11-16,3,GUADALAJARA,526.46,529.48,-3.01,0
2020-11-16,4,GUADALAJARA,513.25,515.77,-2.53,0
2020-11-16,5,GUADALAJARA,519.21,522.53,-3.32,0
2020-11-16,6,GUADALAJARA,527.93,530.75,-2.82,0
2020-11-16,7,GUADALAJARA,534.21,535.15,-.94,0
2020-11-16,8,GUADALAJARA,538.49,539.51,-1.02,0
2020-11-16,9,GUADALAJARA,526.53,530.03,-3.5,0
2020-11-16,10,GUADALAJARA,519.34,524.83,-5.48,0
2020-11-16,11,GUADALAJARA,533.14,538.65,-5.51,0
2020-11-16,12,GUADALAJARA,545.19,549.09,-3.89,0
2020-11-16,13,GUADALAJARA,553.07,556,-2.93,0
2020-11-16,14,GUADALAJARA,553.16,555.9,-2.74,0
2020-11-16,15,GUADALAJARA,544.13,546.06,-1.93,0
2020-11-16,16,GUADALAJARA,543.55,544.89,-1.34,0
2020-11-16,17,GUADALAJARA,550.35,549.86,.49,0
2020-11-16,18,GUADALAJARA,618.16,615.59,2.57,0
2020-11-16,19,GUADALAJARA,688.99,631.51,3.82,53.67
2020-11-16,20,GUADALAJARA,1066.15,1042.14,10.49,13.52
2020-11-16,21,GUADALAJARA,807.97,796.15,9.47,2.36
2020-11-16,22,GUADALAJARA,666.7,656.6,10.1,0
2020-11-16,23,GUADALAJARA,640,628.07,11.93,0
2020-11-16,24,GUADALAJARA,593,584.52,8.48,0
2020-11-16,1,GUASAVE,503.83,575.01,-71.18,0
2020-11-16,2,GUASAVE,474.61,540.96,-66.35,0
2020-11-16,3,GUASAVE,464.14,529.48,-65.34,0
2020-11-16,4,GUASAVE,456.55,515.77,-59.22,0
2020-11-16,5,GUASAVE,456.66,522.53,-65.87,0
2020-11-16,6,GUASAVE,463.1,530.75,-67.65,0
2020-11-16,7,GUASAVE,468.43,535.15,-66.73,0
2020-11-16,8,GUASAVE,469.34,539.51,-70.17,0
2020-11-16,9,GUASAVE,453.91,530.03,-76.12,0
2020-11-16,10,GUASAVE,433.26,524.83,-91.56,0
2020-11-16,11,GUASAVE,438.68,538.65,-99.97,0
2020-11-16,12,GUASAVE,449.97,549.09,-99.12,0
2020-11-16,13,GUASAVE,457.73,556,-98.27,0
2020-11-16,14,GUASAVE,457.63,555.9,-98.27,0
2020-11-16,15,GUASAVE,456.4,546.06,-89.66,0
2020-11-16,16,GUASAVE,458.78,544.89,-86.11,0
2020-11-16,17,GUASAVE,470.31,549.86,-79.55,0
2020-11-16,18,GUASAVE,534,615.59,-81.59,0
2020-11-16,19,GUASAVE,593.34,631.51,-73.28,35.11
2020-11-16,20,GUASAVE,804.42,1042.14,-121.17,-116.55
2020-11-16,21,GUASAVE,683.26,796.15,-92.62,-20.26
2020-11-16,22,GUASAVE,591.31,656.6,-65.29,0
2020-11-16,23,GUASAVE,573.89,628.07,-54.19,0
2020-11-16,24,GUASAVE,533.52,584.52,-51,0
2020-11-16,1,GUAYMAS,485.07,575.01,-89.94,0
2020-11-16,2,GUAYMAS,458.56,540.96,-82.4,0
2020-11-16,3,GUAYMAS,450,529.48,-79.47,0
2020-11-16,4,GUAYMAS,444.63,515.77,-71.14,0
2020-11-16,5,GUAYMAS,443.63,522.53,-78.89,0
2020-11-16,6,GUAYMAS,450.37,530.75,-80.38,0
2020-11-16,7,GUAYMAS,456.08,535.15,-79.08,0
2020-11-16,8,GUAYMAS,457.28,539.51,-82.23,0
2020-11-16,9,GUAYMAS,438.48,530.03,-91.56,0
2020-11-16,10,GUAYMAS,403.73,524.83,-121.1,0
2020-11-16,11,GUAYMAS,404.05,538.65,-134.6,0
2020-11-16,12,GUAYMAS,413.99,549.09,-133.96,-1.15
2020-11-16,13,GUAYMAS,422.98,556,-133.02,0
2020-11-16,14,GUAYMAS,423.41,555.9,-132.48,0
2020-11-16,15,GUAYMAS,423.74,546.06,-122.32,0
2020-11-16,16,GUAYMAS,425.58,544.89,-119.3,0
2020-11-16,17,GUAYMAS,437.7,549.86,-112.16,0
2020-11-16,18,GUAYMAS,508.85,615.59,-106.74,0
2020-11-16,19,GUAYMAS,574.59,631.51,-88.52,31.6
2020-11-16,20,GUAYMAS,740.29,1042.14,-157.88,-143.97
2020-11-16,21,GUAYMAS,647.82,796.15,-123.29,-25.04
2020-11-16,22,GUAYMAS,569.8,656.6,-86.8,0
2020-11-16,23,GUAYMAS,554.44,628.07,-73.63,0
2020-11-16,24,GUAYMAS,516.93,584.52,-67.59,0
2020-11-16,1,HERMOSILLO,478.27,575.01,-96.75,0
2020-11-16,2,HERMOSILLO,452.39,540.96,-88.57,0
2020-11-16,3,HERMOSILLO,444.55,529.48,-84.93,0
2020-11-16,4,HERMOSILLO,439.59,515.77,-76.18,0
2020-11-16,5,HERMOSILLO,438.57,522.53,-83.95,0
2020-11-16,6,HERMOSILLO,445.61,530.75,-85.14,0
2020-11-16,7,HERMOSILLO,451.28,535.15,-83.87,0
2020-11-16,8,HERMOSILLO,451.97,539.51,-87.54,0
2020-11-16,9,HERMOSILLO,432.56,530.03,-97.48,0
2020-11-16,10,HERMOSILLO,394.53,524.83,-130.3,0
2020-11-16,11,HERMOSILLO,392.36,538.65,-146.29,0
2020-11-16,12,HERMOSILLO,402.34,549.09,-145.6,-1.15
2020-11-16,13,HERMOSILLO,411.33,556,-144.67,0
2020-11-16,14,HERMOSILLO,411.89,555.9,-144.01,0
2020-11-16,15,HERMOSILLO,412.45,546.06,-133.61,0
2020-11-16,16,HERMOSILLO,414.07,544.89,-130.81,0
2020-11-16,17,HERMOSILLO,427.08,549.86,-122.78,0
2020-11-16,18,HERMOSILLO,498.71,615.59,-116.87,0
2020-11-16,19,HERMOSILLO,564.26,631.51,-97.62,30.37
2020-11-16,20,HERMOSILLO,713.45,1042.14,-175.16,-153.53
2020-11-16,21,HERMOSILLO,633.2,796.15,-136.25,-26.7
2020-11-16,22,HERMOSILLO,560.87,656.6,-95.73,0
2020-11-16,23,HERMOSILLO,545.7,628.07,-82.37,0
2020-11-16,24,HERMOSILLO,510.72,584.52,-73.8,0
2020-11-16,1,HUAJUAPAN,640.27,575.01,65.25,0
2020-11-16,2,HUAJUAPAN,596.37,540.96,55.41,0
2020-11-16,3,HUAJUAPAN,579.39,529.48,49.91,0
2020-11-16,4,HUAJUAPAN,563.37,515.77,47.6,0
2020-11-16,5,HUAJUAPAN,569.83,522.53,47.3,0
2020-11-16,6,HUAJUAPAN,580.58,530.75,49.83,0
2020-11-16,7,HUAJUAPAN,583.16,535.15,48.01,0
2020-11-16,8,HUAJUAPAN,589.28,539.51,49.77,0
2020-11-16,9,HUAJUAPAN,579.23,530.03,49.2,0
2020-11-16,10,HUAJUAPAN,571.89,524.83,47.06,0
2020-11-16,11,HUAJUAPAN,583.62,538.65,44.97,0
2020-11-16,12,HUAJUAPAN,598.03,549.09,48.94,0
2020-11-16,13,HUAJUAPAN,608.45,556,52.45,0
2020-11-16,14,HUAJUAPAN,609.21,555.9,53.31,0
2020-11-16,15,HUAJUAPAN,597.6,546.06,51.55,0
2020-11-16,16,HUAJUAPAN,595.92,544.89,51.03,0
2020-11-16,17,HUAJUAPAN,602.72,549.86,52.86,0
2020-11-16,18,HUAJUAPAN,684.09,615.59,68.51,0
2020-11-16,19,HUAJUAPAN,1077.43,631.51,83.1,362.82
2020-11-16,20,HUAJUAPAN,1157.61,1042.14,132.59,-17.11
2020-11-16,21,HUAJUAPAN,892.01,796.15,98.84,-2.97
2020-11-16,22,HUAJUAPAN,737.87,656.6,81.28,0
2020-11-16,23,HUAJUAPAN,699.07,628.07,71,0
2020-11-16,24,HUAJUAPAN,644.89,584.52,60.37,0
2020-11-16,1,HUASTECA,563.18,575.01,-11.83,0
2020-11-16,2,HUASTECA,531.99,540.96,-8.97,0
2020-11-16,3,HUASTECA,520.42,529.48,-9.06,0
2020-11-16,4,HUASTECA,507.1,515.77,-8.67,0
2020-11-16,5,HUASTECA,513.53,522.53,-8.99,0
2020-11-16,6,HUASTECA,520.69,530.75,-10.05,0
2020-11-16,7,HUASTECA,525.21,535.15,-9.94,0
2020-11-16,8,HUASTECA,527.92,539.51,-11.59,0
2020-11-16,9,HUASTECA,518.36,530.03,-11.68,0
2020-11-16,10,HUASTECA,513.74,524.83,-11.09,0
2020-11-16,11,HUASTECA,525.2,538.65,-13.45,0
2020-11-16,12,HUASTECA,535.25,549.09,-13.84,0
2020-11-16,13,HUASTECA,541.29,556,-14.71,0
2020-11-16,14,HUASTECA,542.1,555.9,-13.8,0
2020-11-16,15,HUASTECA,534.41,546.06,-11.65,0
2020-11-16,16,HUASTECA,532.75,544.89,-12.14,0
2020-11-16,17,HUASTECA,536.36,549.86,-13.49,0
2020-11-16,18,HUASTECA,595.08,615.59,-20.51,0
2020-11-16,19,HUASTECA,653.48,631.51,-19.56,41.53
2020-11-16,20,HUASTECA,965.22,1042.14,-28.16,-48.76
2020-11-16,21,HUASTECA,764.87,796.15,-22.79,-8.49
2020-11-16,22,HUASTECA,638.02,656.6,-18.57,0
2020-11-16,23,HUASTECA,610.26,628.07,-17.81,0
2020-11-16,24,HUASTECA,569.29,584.52,-15.23,0
2020-11-16,1,HUATULCO,682.6,575.01,107.59,0
2020-11-16,2,HUATULCO,631.8,540.96,90.84,0
2020-11-16,3,HUATULCO,609.7,529.48,80.22,0
2020-11-16,4,HUATULCO,590.71,515.77,74.94,0
2020-11-16,5,HUATULCO,597.94,522.53,75.42,0
2020-11-16,6,HUATULCO,608.92,530.75,78.18,0
2020-11-16,7,HUATULCO,610.68,535.15,75.53,0
2020-11-16,8,HUATULCO,616.8,539.51,77.29,0
2020-11-16,9,HUATULCO,605.3,530.03,75.27,0
2020-11-16,10,HUATULCO,598.02,524.83,73.2,0
2020-11-16,11,HUATULCO,609.63,538.65,70.98,0
2020-11-16,12,HUATULCO,625.94,549.09,76.85,0
2020-11-16,13,HUATULCO,638.1,556,82.1,0
2020-11-16,14,HUATULCO,640.8,555.9,84.9,0
2020-11-16,15,HUATULCO,628.73,546.06,82.67,0
2020-11-16,16,HUATULCO,630.5,544.89,85.61,0
2020-11-16,17,HUATULCO,636.43,549.86,86.58,0
2020-11-16,18,HUATULCO,723.62,615.59,108.04,0
2020-11-16,19,HUATULCO,1068.47,631.51,136.49,300.47
2020-11-16,20,HUATULCO,1255.55,1042.14,227.76,-14.34
2020-11-16,21,HUATULCO,968.23,796.15,174.58,-2.49
2020-11-16,22,HUATULCO,800.23,656.6,143.64,0
2020-11-16,23,HUATULCO,755.83,628.07,127.76,0
2020-11-16,24,HUATULCO,690.79,584.52,106.28,0
2020-11-16,1,HUEJUTLA,565.65,575.01,-9.36,0
2020-11-16,2,HUEJUTLA,533.87,540.96,-7.09,0
2020-11-16,3,HUEJUTLA,521.79,529.48,-7.69,0
2020-11-16,4,HUEJUTLA,507.98,515.77,-7.79,0
2020-11-16,5,HUEJUTLA,513.77,522.53,-8.76,0
2020-11-16,6,HUEJUTLA,521.46,530.75,-9.29,0
2020-11-16,7,HUEJUTLA,524.89,535.15,-10.26,0
2020-11-16,8,HUEJUTLA,527.63,539.51,-11.88,0
2020-11-16,9,HUEJUTLA,519.24,530.03,-10.8,0
2020-11-16,10,HUEJUTLA,515.01,524.83,-9.81,0
2020-11-16,11,HUEJUTLA,525.75,538.65,-12.9,0
2020-11-16,12,HUEJUTLA,537.12,549.09,-11.97,0
2020-11-16,13,HUEJUTLA,544.12,556,-11.88,0
2020-11-16,14,HUEJUTLA,545.18,555.9,-10.72,0
2020-11-16,15,HUEJUTLA,536.38,546.06,-9.68,0
2020-11-16,16,HUEJUTLA,535.37,544.89,-9.51,0
2020-11-16,17,HUEJUTLA,540.03,549.86,-9.83,0
2020-11-16,18,HUEJUTLA,599.08,615.59,-16.51,0
2020-11-16,19,HUEJUTLA,657.97,631.51,-20.46,46.92
2020-11-16,20,HUEJUTLA,952.6,1042.14,-32.24,-57.3
2020-11-16,21,HUEJUTLA,762.46,796.15,-23.72,-9.96
2020-11-16,22,HUEJUTLA,636.43,656.6,-20.16,0
2020-11-16,23,HUEJUTLA,610.02,628.07,-18.05,0
2020-11-16,24,HUEJUTLA,569.42,584.52,-15.1,0
2020-11-16,1,IGUALA,640.69,575.01,65.68,0
2020-11-16,2,IGUALA,597.7,540.96,56.74,0
2020-11-16,3,IGUALA,581.59,529.48,52.12,0
2020-11-16,4,IGUALA,564.91,515.77,49.14,0
2020-11-16,5,IGUALA,572.08,522.53,49.55,0
2020-11-16,6,IGUALA,582.11,530.75,51.36,0
2020-11-16,7,IGUALA,585.83,535.15,50.68,0
2020-11-16,8,IGUALA,591.85,539.51,52.34,0
2020-11-16,9,IGUALA,583.14,530.03,53.11,0
2020-11-16,10,IGUALA,578.94,524.83,54.11,0
2020-11-16,11,IGUALA,594.12,538.65,55.47,0
2020-11-16,12,IGUALA,607.91,549.09,58.83,0
2020-11-16,13,IGUALA,617.43,556,61.43,0
2020-11-16,14,IGUALA,616.95,555.9,61.06,0
2020-11-16,15,IGUALA,605.63,546.06,59.57,0
2020-11-16,16,IGUALA,605.19,544.89,60.31,0
2020-11-16,17,IGUALA,609.53,549.86,59.67,0
2020-11-16,18,IGUALA,686.78,615.59,71.19,0
2020-11-16,19,IGUALA,950.57,631.51,77.33,241.73
2020-11-16,20,IGUALA,1156.53,1042.14,124.55,-10.16
2020-11-16,21,IGUALA,892.06,796.15,97.68,-1.77
2020-11-16,22,IGUALA,737.64,656.6,81.05,0
2020-11-16,23,IGUALA,701.85,628.07,73.77,0
2020-11-16,24,IGUALA,648.98,584.52,64.46,0
2020-11-16,1,IRAPUATO,582.44,575.01,7.42,0
2020-11-16,2,IRAPUATO,547.21,540.96,6.25,0
2020-11-16,3,IRAPUATO,534.86,529.48,5.38,0
2020-11-16,4,IRAPUATO,521.04,515.77,5.27,0
2020-11-16,5,IRAPUATO,528.1,522.53,5.58,0
2020-11-16,6,IRAPUATO,536.7,530.75,5.95,0
2020-11-16,7,IRAPUATO,542.46,535.15,7.3,0
2020-11-16,8,IRAPUATO,547.33,539.51,7.82,0
2020-11-16,9,IRAPUATO,536.98,530.03,6.95,0
2020-11-16,10,IRAPUATO,531.52,524.83,6.69,0
2020-11-16,11,IRAPUATO,545.94,538.65,7.3,0
2020-11-16,12,IRAPUATO,557.29,549.09,8.2,0
2020-11-16,13,IRAPUATO,564.75,556,8.75,0
2020-11-16,14,IRAPUATO,564.44,555.9,8.55,0
2020-11-16,15,IRAPUATO,554.13,546.06,8.07,0
2020-11-16,16,IRAPUATO,553.07,544.89,8.19,0
2020-11-16,17,IRAPUATO,558.64,549.86,8.79,0
2020-11-16,18,IRAPUATO,626.78,615.59,11.19,0
2020-11-16,19,IRAPUATO,674.86,631.51,13.04,30.31
2020-11-16,20,IRAPUATO,1088.65,1042.14,22.69,23.83
2020-11-16,21,IRAPUATO,817.78,796.15,17.49,4.15
2020-11-16,22,IRAPUATO,671.38,656.6,14.79,0
2020-11-16,23,IRAPUATO,642.12,628.07,14.05,0
2020-11-16,24,IRAPUATO,596.93,584.52,12.42,0
2020-11-16,1,IXMIQUILPAN,602.24,575.01,27.23,0
2020-11-16,2,IXMIQUILPAN,566.01,540.96,25.05,0
2020-11-16,3,IXMIQUILPAN,555.73,529.48,26.25,0
2020-11-16,4,IXMIQUILPAN,541.31,515.77,25.54,0
2020-11-16,5,IXMIQUILPAN,547.91,522.53,25.39,0
2020-11-16,6,IXMIQUILPAN,557.02,530.75,26.28,0
2020-11-16,7,IXMIQUILPAN,561.82,535.15,26.67,0
2020-11-16,8,IXMIQUILPAN,566.62,539.51,27.11,0
2020-11-16,9,IXMIQUILPAN,556.85,530.03,26.82,0
2020-11-16,10,IXMIQUILPAN,550.65,524.83,25.82,0
2020-11-16,11,IXMIQUILPAN,564.96,538.65,26.31,0
2020-11-16,12,IXMIQUILPAN,576.63,549.09,27.54,0
2020-11-16,13,IXMIQUILPAN,583.77,556,27.77,0
2020-11-16,14,IXMIQUILPAN,582.22,555.9,26.32,0
2020-11-16,15,IXMIQUILPAN,571.22,546.06,25.16,0
2020-11-16,16,IXMIQUILPAN,568.51,544.89,23.62,0
2020-11-16,17,IXMIQUILPAN,573.94,549.86,24.09,0
2020-11-16,18,IXMIQUILPAN,638.97,615.59,23.38,0
2020-11-16,19,IXMIQUILPAN,668.88,631.51,23.43,13.94
2020-11-16,20,IXMIQUILPAN,1095.07,1042.14,57.16,-4.23
2020-11-16,21,IXMIQUILPAN,825.67,796.15,30.26,-.73
2020-11-16,22,IXMIQUILPAN,670.22,656.6,13.63,0
2020-11-16,23,IXMIQUILPAN,647.13,628.07,19.06,0
2020-11-16,24,IXMIQUILPAN,599.35,584.52,14.83,0
2020-11-16,1,IZUCAR,620.96,575.01,45.94,0
2020-11-16,2,IZUCAR,580.06,540.96,39.1,0
2020-11-16,3,IZUCAR,565.4,529.48,35.92,0
2020-11-16,4,IZUCAR,549.98,515.77,34.21,0
2020-11-16,5,IZUCAR,556.79,522.53,34.26,0
2020-11-16,6,IZUCAR,566.4,530.75,35.65,0
2020-11-16,7,IZUCAR,569.33,535.15,34.18,0
2020-11-16,8,IZUCAR,575.75,539.51,36.24,0
2020-11-16,9,IZUCAR,565.76,530.03,35.72,0
2020-11-16,10,IZUCAR,559.75,524.83,34.92,0
2020-11-16,11,IZUCAR,572.42,538.65,33.77,0
2020-11-16,12,IZUCAR,586.1,549.09,37.01,0
2020-11-16,13,IZUCAR,595.51,556,39.51,0
2020-11-16,14,IZUCAR,596,555.9,40.11,0
2020-11-16,15,IZUCAR,584.66,546.06,38.6,0
2020-11-16,16,IZUCAR,583.23,544.89,38.34,0
2020-11-16,17,IZUCAR,589.26,549.86,39.41,0
2020-11-16,18,IZUCAR,665.89,615.59,50.3,0
2020-11-16,19,IZUCAR,1082.65,631.51,56.92,394.22
2020-11-16,20,IZUCAR,1115.23,1042.14,89.59,-16.49
2020-11-16,21,IZUCAR,861.74,796.15,68.46,-2.87
2020-11-16,22,IZUCAR,712.98,656.6,56.38,0
2020-11-16,23,IZUCAR,677.5,628.07,49.43,0
2020-11-16,24,IZUCAR,626.67,584.52,42.16,0
2020-11-16,1,JIQUILPAN,583.55,575.01,8.54,0
2020-11-16,2,JIQUILPAN,546.3,540.96,5.34,0
2020-11-16,3,JIQUILPAN,532.31,529.48,2.83,0
2020-11-16,4,JIQUILPAN,518.44,515.77,2.67,0
2020-11-16,5,JIQUILPAN,525.17,522.53,2.65,0
2020-11-16,6,JIQUILPAN,534.69,530.75,3.94,0
2020-11-16,7,JIQUILPAN,541.16,535.15,6.01,0
2020-11-16,8,JIQUILPAN,546.99,539.51,7.48,0
2020-11-16,9,JIQUILPAN,536.32,530.03,6.29,0
2020-11-16,10,JIQUILPAN,530.27,524.83,5.45,0
2020-11-16,11,JIQUILPAN,544.12,538.65,5.47,0
2020-11-16,12,JIQUILPAN,555.99,549.09,6.91,0
2020-11-16,13,JIQUILPAN,563.99,556,7.99,0
2020-11-16,14,JIQUILPAN,563.47,555.9,7.57,0
2020-11-16,15,JIQUILPAN,553.48,546.06,7.42,0
2020-11-16,16,JIQUILPAN,553.08,544.89,8.2,0
2020-11-16,17,JIQUILPAN,558.98,549.86,9.12,0
2020-11-16,18,JIQUILPAN,628,615.59,12.42,0
2020-11-16,19,JIQUILPAN,702.12,631.51,12.96,57.65
2020-11-16,20,JIQUILPAN,1078.61,1042.14,21.18,15.3
2020-11-16,21,JIQUILPAN,817.44,796.15,18.63,2.66
2020-11-16,22,JIQUILPAN,674.41,656.6,17.81,0
2020-11-16,23,JIQUILPAN,646.15,628.07,18.08,0
2020-11-16,24,JIQUILPAN,598.73,584.52,14.21,0
2020-11-16,1,JUAREZ,481.17,575.01,-93.84,0
2020-11-16,2,JUAREZ,451.98,540.96,-88.98,0
2020-11-16,3,JUAREZ,449.11,529.48,-80.37,0
2020-11-16,4,JUAREZ,446.79,515.77,-68.98,0
2020-11-16,5,JUAREZ,449.84,522.53,-72.69,0
2020-11-16,6,JUAREZ,459.18,530.75,-71.56,0
2020-11-16,7,JUAREZ,467.13,535.15,-68.02,0
2020-11-16,8,JUAREZ,469.27,539.51,-70.24,0
2020-11-16,9,JUAREZ,451.65,530.03,-78.38,0
2020-11-16,10,JUAREZ,426.2,524.83,-98.62,0
2020-11-16,11,JUAREZ,426.28,538.65,-112.37,0
2020-11-16,12,JUAREZ,436,549.09,-113.09,0
2020-11-16,13,JUAREZ,439.99,556,-116.01,0
2020-11-16,14,JUAREZ,440.2,555.9,-115.7,0
2020-11-16,15,JUAREZ,438.79,546.06,-107.26,0
2020-11-16,16,JUAREZ,440.79,544.89,-104.1,0
2020-11-16,17,JUAREZ,452.52,549.86,-97.34,0
2020-11-16,18,JUAREZ,511.25,615.59,-104.33,0
2020-11-16,19,JUAREZ,554.08,631.51,-96.59,19.16
2020-11-16,20,JUAREZ,603.69,1042.14,-197.32,-241.12
2020-11-16,21,JUAREZ,597.02,796.15,-157.2,-41.92
2020-11-16,22,JUAREZ,548.01,656.6,-108.59,0
2020-11-16,23,JUAREZ,532.69,628.07,-95.39,0
2020-11-16,24,JUAREZ,510.37,584.52,-74.15,0
2020-11-16,1,LAGUNA,536.78,575.01,-38.23,0
2020-11-16,2,LAGUNA,506.17,540.96,-34.79,0
2020-11-16,3,LAGUNA,498.48,529.48,-31,0
2020-11-16,4,LAGUNA,487.95,515.77,-27.82,0
2020-11-16,5,LAGUNA,493.4,522.53,-29.13,0
2020-11-16,6,LAGUNA,501.73,530.75,-29.02,0
2020-11-16,7,LAGUNA,508.3,535.15,-26.85,0
2020-11-16,8,LAGUNA,509.05,539.51,-30.46,0
2020-11-16,9,LAGUNA,485,530.03,-45.04,0
2020-11-16,10,LAGUNA,471.21,524.83,-53.62,0
2020-11-16,11,LAGUNA,478.12,538.65,-60.53,0
2020-11-16,12,LAGUNA,489.28,549.09,-59.81,0
2020-11-16,13,LAGUNA,495.28,556,-60.72,0
2020-11-16,14,LAGUNA,495.6,555.9,-60.3,0
2020-11-16,15,LAGUNA,490.16,546.06,-55.9,0
2020-11-16,16,LAGUNA,490.39,544.89,-54.49,0
2020-11-16,17,LAGUNA,498.42,549.86,-51.44,0
2020-11-16,18,LAGUNA,565.57,615.59,-50.02,0
2020-11-16,19,LAGUNA,598.91,631.51,-48.96,16.36
2020-11-16,20,LAGUNA,700.08,1042.14,-81.71,-260.34
2020-11-16,21,LAGUNA,689.6,796.15,-61.28,-45.26
2020-11-16,22,LAGUNA,611.62,656.6,-44.97,0
2020-11-16,23,LAGUNA,587.17,628.07,-40.91,0
2020-11-16,24,LAGUNA,553.74,584.52,-30.78,0
2020-11-16,1,LAZARO CARDENAS,603.41,575.01,28.4,0
2020-11-16,2,LAZARO CARDENAS,562.05,540.96,21.09,0
2020-11-16,3,LAZARO CARDENAS,545.88,529.48,16.41,0
2020-11-16,4,LAZARO CARDENAS,530.32,515.77,14.55,0
2020-11-16,5,LAZARO CARDENAS,538.8,522.53,16.28,0
2020-11-16,6,LAZARO CARDENAS,550.62,530.75,19.88,0
2020-11-16,7,LAZARO CARDENAS,556.77,535.15,21.62,0
2020-11-16,8,LAZARO CARDENAS,564.09,539.51,24.58,0
2020-11-16,9,LAZARO CARDENAS,552.39,530.03,22.36,0
2020-11-16,10,LAZARO CARDENAS,546.81,524.83,21.99,0
2020-11-16,11,LAZARO CARDENAS,561.25,538.65,22.6,0
2020-11-16,12,LAZARO CARDENAS,572.58,549.09,23.5,0
2020-11-16,13,LAZARO CARDENAS,580.92,556,24.92,0
2020-11-16,14,LAZARO CARDENAS,578.18,555.9,22.29,0
2020-11-16,15,LAZARO CARDENAS,566.31,546.06,20.25,0
2020-11-16,16,LAZARO CARDENAS,567.51,544.89,22.62,0
2020-11-16,17,LAZARO CARDENAS,571.42,549.86,21.56,0
2020-11-16,18,LAZARO CARDENAS,645.09,615.59,29.5,0
2020-11-16,19,LAZARO CARDENAS,782.29,631.51,26.98,123.8
2020-11-16,20,LAZARO CARDENAS,1073.47,1042.14,32.04,-.7
2020-11-16,21,LAZARO CARDENAS,829.81,796.15,33.78,-.12
2020-11-16,22,LAZARO CARDENAS,689.33,656.6,32.73,0
2020-11-16,23,LAZARO CARDENAS,662.55,628.07,34.48,0
2020-11-16,24,LAZARO CARDENAS,614.47,584.52,29.95,0
2020-11-16,1,LEON,582.86,575.01,7.85,0
2020-11-16,2,LEON,547.53,540.96,6.57,0
2020-11-16,3,LEON,535.13,529.48,5.65,0
2020-11-16,4,LEON,521.36,515.77,5.59,0
2020-11-16,5,LEON,528.14,522.53,5.62,0
2020-11-16,6,LEON,536.84,530.75,6.09,0
2020-11-16,7,LEON,542.92,535.15,7.77,0
2020-11-16,8,LEON,547.61,539.51,8.11,0
2020-11-16,9,LEON,537.3,530.03,7.27,0
2020-11-16,10,LEON,531.9,524.83,7.07,0
2020-11-16,11,LEON,546.74,538.65,8.09,0
2020-11-16,12,LEON,558.27,549.09,9.18,0
2020-11-16,13,LEON,565.69,556,9.69,0
2020-11-16,14,LEON,565.26,555.9,9.36,0
2020-11-16,15,LEON,554.9,546.06,8.84,0
2020-11-16,16,LEON,553.77,544.89,8.88,0
2020-11-16,17,LEON,559.67,549.86,9.81,0
2020-11-16,18,LEON,628.52,615.59,12.94,0
2020-11-16,19,LEON,679.38,631.51,15.3,32.57
2020-11-16,20,LEON,1102.97,1042.14,26.07,34.76
2020-11-16,21,LEON,821.84,796.15,19.65,6.04
2020-11-16,22,LEON,673.13,656.6,16.54,0
2020-11-16,23,LEON,643.89,628.07,15.82,0
2020-11-16,24,LEON,597.91,584.52,13.39,0
2020-11-16,1,LOS ALTOS,581.66,575.01,6.65,0
2020-11-16,2,LOS ALTOS,546.01,540.96,5.06,0
2020-11-16,3,LOS ALTOS,533.56,529.48,4.08,0
2020-11-16,4,LOS ALTOS,520.14,515.77,4.37,0
2020-11-16,5,LOS ALTOS,527,522.53,4.47,0
2020-11-16,6,LOS ALTOS,536.36,530.75,5.62,0
2020-11-16,7,LOS ALTOS,543.57,535.15,8.42,0
2020-11-16,8,LOS ALTOS,547.99,539.51,8.48,0
2020-11-16,9,LOS ALTOS,535.8,530.03,5.77,0
2020-11-16,10,LOS ALTOS,529.23,524.83,4.41,0
2020-11-16,11,LOS ALTOS,543.46,538.65,4.81,0
2020-11-16,12,LOS ALTOS,555.91,549.09,6.82,0
2020-11-16,13,LOS ALTOS,564.09,556,8.09,0
2020-11-16,14,LOS ALTOS,563.44,555.9,7.54,0
2020-11-16,15,LOS ALTOS,552.68,546.06,6.62,0
2020-11-16,16,LOS ALTOS,551.85,544.89,6.97,0
2020-11-16,17,LOS ALTOS,558.79,549.86,8.93,0
2020-11-16,18,LOS ALTOS,628.84,615.59,13.26,0
2020-11-16,19,LOS ALTOS,696.28,631.51,16.52,48.26
2020-11-16,20,LOS ALTOS,1116.48,1042.14,29.14,45.21
2020-11-16,21,LOS ALTOS,825.14,796.15,21.14,7.86
2020-11-16,22,LOS ALTOS,673.94,656.6,17.35,0
2020-11-16,23,LOS ALTOS,644.67,628.07,16.6,0
2020-11-16,24,LOS ALTOS,598.11,584.52,13.6,0
2020-11-16,1,LOS MOCHIS,490.85,575.01,-84.16,0
2020-11-16,2,LOS MOCHIS,462.93,540.96,-78.03,0
2020-11-16,3,LOS MOCHIS,453.06,529.48,-76.42,0
2020-11-16,4,LOS MOCHIS,447.16,515.77,-68.61,0
2020-11-16,5,LOS MOCHIS,446.05,522.53,-76.48,0
2020-11-16,6,LOS MOCHIS,452.44,530.75,-78.3,0
2020-11-16,7,LOS MOCHIS,457.7,535.15,-77.45,0
2020-11-16,8,LOS MOCHIS,458.4,539.51,-81.11,0
2020-11-16,9,LOS MOCHIS,443.67,530.03,-86.37,0
2020-11-16,10,LOS MOCHIS,422.4,524.83,-102.43,0
2020-11-16,11,LOS MOCHIS,426.78,538.65,-111.87,0
2020-11-16,12,LOS MOCHIS,437.02,549.09,-112.07,0
2020-11-16,13,LOS MOCHIS,444.57,556,-111.43,0
2020-11-16,14,LOS MOCHIS,444.69,555.9,-111.21,0
2020-11-16,15,LOS MOCHIS,443.83,546.06,-102.22,0
2020-11-16,16,LOS MOCHIS,446.09,544.89,-98.8,0
2020-11-16,17,LOS MOCHIS,457.68,549.86,-92.18,0
2020-11-16,18,LOS MOCHIS,520.43,615.59,-95.16,0
2020-11-16,19,LOS MOCHIS,579.94,631.51,-86.19,34.62
2020-11-16,20,LOS MOCHIS,776.76,1042.14,-145.01,-120.37
2020-11-16,21,LOS MOCHIS,663.96,796.15,-111.25,-20.93
2020-11-16,22,LOS MOCHIS,576.72,656.6,-79.87,0
2020-11-16,23,LOS MOCHIS,560.39,628.07,-67.68,0
2020-11-16,24,LOS MOCHIS,521.17,584.52,-63.34,0
2020-11-16,1,LOS RIOS,634.74,575.01,59.73,0
2020-11-16,2,LOS RIOS,588.82,540.96,47.86,0
2020-11-16,3,LOS RIOS,570.34,529.48,40.87,0
2020-11-16,4,LOS RIOS,552.87,515.77,37.1,0
2020-11-16,5,LOS RIOS,556.09,522.53,33.57,0
2020-11-16,6,LOS RIOS,564.72,530.75,33.98,0
2020-11-16,7,LOS RIOS,560.14,535.15,24.99,0
2020-11-16,8,LOS RIOS,567.11,539.51,27.6,0
2020-11-16,9,LOS RIOS,557.27,530.03,27.24,0
2020-11-16,10,LOS RIOS,547.88,524.83,23.05,0
2020-11-16,11,LOS RIOS,555.98,538.65,17.33,0
2020-11-16,12,LOS RIOS,569.58,549.09,20.5,0
2020-11-16,13,LOS RIOS,580.66,556,24.66,0
2020-11-16,14,LOS RIOS,582.52,555.9,26.63,0
2020-11-16,15,LOS RIOS,570.65,546.06,24.59,0
2020-11-16,16,LOS RIOS,565.44,544.89,20.55,0
2020-11-16,17,LOS RIOS,572.43,549.86,22.57,0
2020-11-16,18,LOS RIOS,656.78,615.59,41.2,0
2020-11-16,19,LOS RIOS,1029.21,631.51,47.08,350.62
2020-11-16,20,LOS RIOS,1082.44,1042.14,57.77,-17.47
2020-11-16,21,LOS RIOS,837.76,796.15,44.65,-3.04
2020-11-16,22,LOS RIOS,705.37,656.6,48.78,0
2020-11-16,23,LOS RIOS,674.96,628.07,46.89,0
2020-11-16,24,LOS RIOS,629.97,584.52,45.45,0
2020-11-16,1,LOS TUXTLAS,622.39,575.01,47.38,0
2020-11-16,2,LOS TUXTLAS,578.34,540.96,37.38,0
2020-11-16,3,LOS TUXTLAS,560.63,529.48,31.15,0
2020-11-16,4,LOS TUXTLAS,544.14,515.77,28.37,0
2020-11-16,5,LOS TUXTLAS,550.06,522.53,27.53,0
2020-11-16,6,LOS TUXTLAS,558.95,530.75,28.2,0
2020-11-16,7,LOS TUXTLAS,557.84,535.15,22.69,0
2020-11-16,8,LOS TUXTLAS,562.9,539.51,23.39,0
2020-11-16,9,LOS TUXTLAS,552.71,530.03,22.68,0
2020-11-16,10,LOS TUXTLAS,545.34,524.83,20.52,0
2020-11-16,11,LOS TUXTLAS,554.79,538.65,16.14,0
2020-11-16,12,LOS TUXTLAS,568.59,549.09,19.5,0
2020-11-16,13,LOS TUXTLAS,578.3,556,22.3,0
2020-11-16,14,LOS TUXTLAS,579.92,555.9,24.02,0
2020-11-16,15,LOS TUXTLAS,567.96,546.06,21.9,0
2020-11-16,16,LOS TUXTLAS,564.77,544.89,19.89,0
2020-11-16,17,LOS TUXTLAS,570.73,549.86,20.87,0
2020-11-16,18,LOS TUXTLAS,651.55,615.59,35.97,0
2020-11-16,19,LOS TUXTLAS,1019.07,631.51,43.2,344.36
2020-11-16,20,LOS TUXTLAS,1081.94,1042.14,57.51,-17.7
2020-11-16,21,LOS TUXTLAS,838.14,796.15,45.07,-3.08
2020-11-16,22,LOS TUXTLAS,698.87,656.6,42.28,0
2020-11-16,23,LOS TUXTLAS,666.11,628.07,38.04,0
2020-11-16,24,LOS TUXTLAS,617.62,584.52,33.1,0
2020-11-16,1,MANZANILLO,572.64,575.01,-2.37,0
2020-11-16,2,MANZANILLO,536.32,540.96,-4.64,0
2020-11-16,3,MANZANILLO,522.94,529.48,-6.54,0
2020-11-16,4,MANZANILLO,509.66,515.77,-6.11,0
2020-11-16,5,MANZANILLO,515.84,522.53,-6.69,0
2020-11-16,6,MANZANILLO,524.62,530.75,-6.13,0
2020-11-16,7,MANZANILLO,530.6,535.15,-4.55,0
2020-11-16,8,MANZANILLO,535.15,539.51,-4.36,0
2020-11-16,9,MANZANILLO,523.95,530.03,-6.08,0
2020-11-16,10,MANZANILLO,517.29,524.83,-7.54,0
2020-11-16,11,MANZANILLO,530.96,538.65,-7.69,0
2020-11-16,12,MANZANILLO,543.03,549.09,-6.06,0
2020-11-16,13,MANZANILLO,550.7,556,-5.3,0
2020-11-16,14,MANZANILLO,550.57,555.9,-5.33,0
2020-11-16,15,MANZANILLO,541.16,546.06,-4.9,0
2020-11-16,16,MANZANILLO,540.68,544.89,-4.2,0
2020-11-16,17,MANZANILLO,547.23,549.86,-2.63,0
2020-11-16,18,MANZANILLO,614.63,615.59,-.95,0
2020-11-16,19,MANZANILLO,689.36,631.51,.08,57.77
2020-11-16,20,MANZANILLO,1057.03,1042.14,1.39,13.5
2020-11-16,21,MANZANILLO,801.59,796.15,3.1,2.35
2020-11-16,22,MANZANILLO,661.89,656.6,5.29,0
2020-11-16,23,MANZANILLO,634.53,628.07,6.46,0
2020-11-16,24,MANZANILLO,588.17,584.52,3.66,0
2020-11-16,1,MATAMOROS,486.8,575.01,-88.22,0
2020-11-16,2,MATAMOROS,462.12,540.96,-78.84,0
2020-11-16,3,MATAMOROS,457.72,529.48,-71.76,0
2020-11-16,4,MATAMOROS,449.15,515.77,-66.62,0
2020-11-16,5,MATAMOROS,454.81,522.53,-67.71,0
2020-11-16,6,MATAMOROS,460.13,530.75,-70.62,0
2020-11-16,7,MATAMOROS,462.79,535.15,-72.36,0
2020-11-16,8,MATAMOROS,464.16,539.51,-75.35,0
2020-11-16,9,MATAMOROS,457.91,530.03,-72.12,0
2020-11-16,10,MATAMOROS,457.43,524.83,-67.39,0
2020-11-16,11,MATAMOROS,463.58,538.65,-75.07,0
2020-11-16,12,MATAMOROS,472.01,549.09,-77.08,0
2020-11-16,13,MATAMOROS,476.85,556,-79.15,0
2020-11-16,14,MATAMOROS,478.45,555.9,-77.45,0
2020-11-16,15,MATAMOROS,474.19,546.06,-71.87,0
2020-11-16,16,MATAMOROS,472.31,544.89,-72.57,0
2020-11-16,17,MATAMOROS,470.98,549.86,-78.88,0
2020-11-16,18,MATAMOROS,506.67,615.59,-108.91,0
2020-11-16,19,MATAMOROS,524.53,631.51,-112.98,6
2020-11-16,20,MATAMOROS,514.05,1042.14,-183.06,-345.03
2020-11-16,21,MATAMOROS,599.01,796.15,-137.15,-59.99
2020-11-16,22,MATAMOROS,547.26,656.6,-109.34,0
2020-11-16,23,MATAMOROS,525.79,628.07,-102.28,0
2020-11-16,24,MATAMOROS,494.94,584.52,-89.58,0
2020-11-16,1,MATEHUALA,577.19,575.01,2.18,0
2020-11-16,2,MATEHUALA,544.77,540.96,3.81,0
2020-11-16,3,MATEHUALA,534.74,529.48,5.26,0
2020-11-16,4,MATEHUALA,521.03,515.77,5.26,0
2020-11-16,5,MATEHUALA,529.02,522.53,6.49,0
2020-11-16,6,MATEHUALA,534.22,530.75,3.47,0
2020-11-16,7,MATEHUALA,543.01,535.15,7.86,0
2020-11-16,8,MATEHUALA,546.56,539.51,7.05,0
2020-11-16,9,MATEHUALA,534.77,530.03,4.74,0
2020-11-16,10,MATEHUALA,527.17,524.83,2.34,0
2020-11-16,11,MATEHUALA,541.4,538.65,2.75,0
2020-11-16,12,MATEHUALA,551.86,549.09,2.77,0
2020-11-16,13,MATEHUALA,556.78,556,.78,0
2020-11-16,14,MATEHUALA,556.09,555.9,.19,0
2020-11-16,15,MATEHUALA,547.3,546.06,1.24,0
2020-11-16,16,MATEHUALA,544.97,544.89,.09,0
2020-11-16,17,MATEHUALA,550.65,549.86,.79,0
2020-11-16,18,MATEHUALA,621.85,615.59,6.26,0
2020-11-16,19,MATEHUALA,678.28,631.51,6.61,40.16
2020-11-16,20,MATEHUALA,1074.48,1042.14,4.85,27.49
2020-11-16,21,MATEHUALA,801.04,796.15,.11,4.78
2020-11-16,22,MATEHUALA,658.13,656.6,1.54,0
2020-11-16,23,MATEHUALA,630.96,628.07,2.89,0
2020-11-16,24,MATEHUALA,586.71,584.52,2.19,0
2020-11-16,1,MAZATLAN,541.03,575.01,-33.98,0
2020-11-16,2,MAZATLAN,508.76,540.96,-32.2,0
2020-11-16,3,MAZATLAN,497.14,529.48,-32.34,0
2020-11-16,4,MAZATLAN,486.63,515.77,-29.14,0
2020-11-16,5,MAZATLAN,489.73,522.53,-32.8,0
2020-11-16,6,MAZATLAN,496.98,530.75,-33.77,0
2020-11-16,7,MAZATLAN,502.58,535.15,-32.58,0
2020-11-16,8,MAZATLAN,503.95,539.51,-35.56,0
2020-11-16,9,MAZATLAN,488.27,530.03,-41.76,0
2020-11-16,10,MAZATLAN,474.75,524.83,-50.07,0
2020-11-16,11,MAZATLAN,484.22,538.65,-54.43,0
2020-11-16,12,MAZATLAN,496.02,549.09,-53.07,0
2020-11-16,13,MAZATLAN,503.58,556,-52.42,0
2020-11-16,14,MAZATLAN,503.44,555.9,-52.46,0
2020-11-16,15,MAZATLAN,499.24,546.06,-46.82,0
2020-11-16,16,MAZATLAN,500.6,544.89,-44.29,0
2020-11-16,17,MAZATLAN,509.75,549.86,-40.11,0
2020-11-16,18,MAZATLAN,574.07,615.59,-41.52,0
2020-11-16,19,MAZATLAN,630.12,631.51,-38.87,37.48
2020-11-16,20,MAZATLAN,887.16,1042.14,-57.3,-97.68
2020-11-16,21,MAZATLAN,736.23,796.15,-42.93,-16.98
2020-11-16,22,MAZATLAN,627.71,656.6,-28.88,0
2020-11-16,23,MAZATLAN,607.22,628.07,-20.85,0
2020-11-16,24,MAZATLAN,565.16,584.52,-19.36,0
2020-11-16,1,MERIDA,646.82,575.01,71.81,0
2020-11-16,2,MERIDA,601.1,540.96,60.14,0
2020-11-16,3,MERIDA,583.3,529.48,53.82,0
2020-11-16,4,MERIDA,564.95,515.77,49.18,0
2020-11-16,5,MERIDA,562.75,522.53,40.22,0
2020-11-16,6,MERIDA,571.1,530.75,40.36,0
2020-11-16,7,MERIDA,563.67,535.15,28.52,0
2020-11-16,8,MERIDA,573.62,539.51,34.11,0
2020-11-16,9,MERIDA,569.46,530.03,39.42,0
2020-11-16,10,MERIDA,558.75,524.83,33.92,0
2020-11-16,11,MERIDA,565.84,538.65,27.19,0
2020-11-16,12,MERIDA,576.7,549.09,27.62,0
2020-11-16,13,MERIDA,588.4,556,32.4,0
2020-11-16,14,MERIDA,588.37,555.9,32.47,0
2020-11-16,15,MERIDA,582.11,546.06,36.05,0
2020-11-16,16,MERIDA,577.53,544.89,32.64,0
2020-11-16,17,MERIDA,581.94,549.86,32.08,0
2020-11-16,18,MERIDA,663.24,615.59,47.66,0
2020-11-16,19,MERIDA,1038.14,631.51,56.01,350.62
2020-11-16,20,MERIDA,1095.69,1042.14,71.02,-17.47
2020-11-16,21,MERIDA,845.93,796.15,52.82,-3.04
2020-11-16,22,MERIDA,712.65,656.6,56.06,0
2020-11-16,23,MERIDA,676.38,628.07,48.31,0
2020-11-16,24,MERIDA,632.18,584.52,47.66,0
2020-11-16,1,MINAS,602.29,575.01,27.28,0
2020-11-16,2,MINAS,562.22,540.96,21.26,0
2020-11-16,3,MINAS,547.21,529.48,17.73,0
2020-11-16,4,MINAS,533.09,515.77,17.32,0
2020-11-16,5,MINAS,538.37,522.53,15.85,0
2020-11-16,6,MINAS,547.13,530.75,16.38,0
2020-11-16,7,MINAS,555.04,535.15,19.89,0
2020-11-16,8,MINAS,557.91,539.51,18.4,0
2020-11-16,9,MINAS,550.08,530.03,20.05,0
2020-11-16,10,MINAS,545.51,524.83,20.68,0
2020-11-16,11,MINAS,560.46,538.65,21.81,0
2020-11-16,12,MINAS,572.27,549.09,23.18,0
2020-11-16,13,MINAS,580.94,556,24.94,0
2020-11-16,14,MINAS,582.23,555.9,26.33,0
2020-11-16,15,MINAS,573.42,546.06,27.36,0
2020-11-16,16,MINAS,573.13,544.89,28.24,0
2020-11-16,17,MINAS,581.55,549.86,31.69,0
2020-11-16,18,MINAS,655.58,615.59,39.99,0
2020-11-16,19,MINAS,736.14,631.51,50.4,54.24
2020-11-16,20,MINAS,1140.1,1042.14,89.33,8.63
2020-11-16,21,MINAS,861.04,796.15,63.41,1.49
2020-11-16,22,MINAS,708.79,656.6,52.19,0
2020-11-16,23,MINAS,675.24,628.07,47.17,0
2020-11-16,24,MINAS,618.93,584.52,34.42,0
2020-11-16,1,MONCLOVA,509.98,575.01,-65.04,0
2020-11-16,2,MONCLOVA,481.55,540.96,-59.42,0
2020-11-16,3,MONCLOVA,475.27,529.48,-54.2,0
2020-11-16,4,MONCLOVA,462.1,515.77,-53.67,0
2020-11-16,5,MONCLOVA,468.03,522.53,-54.5,0
2020-11-16,6,MONCLOVA,476.77,530.75,-53.97,0
2020-11-16,7,MONCLOVA,484.62,535.15,-50.53,0
2020-11-16,8,MONCLOVA,487.06,539.51,-52.45,0
2020-11-16,9,MONCLOVA,472.34,530.03,-57.69,0
2020-11-16,10,MONCLOVA,466.88,524.83,-57.94,0
2020-11-16,11,MONCLOVA,473.89,538.65,-64.76,0
2020-11-16,12,MONCLOVA,484.57,549.09,-64.52,0
2020-11-16,13,MONCLOVA,489.8,556,-66.2,0
2020-11-16,14,MONCLOVA,491.2,555.9,-64.7,0
2020-11-16,15,MONCLOVA,484.83,546.06,-61.23,0
2020-11-16,16,MONCLOVA,483.45,544.89,-61.44,0
2020-11-16,17,MONCLOVA,485.14,549.86,-64.72,0
2020-11-16,18,MONCLOVA,533.5,615.59,-82.09,0
2020-11-16,19,MONCLOVA,555.06,631.51,-82.57,6.12
2020-11-16,20,MONCLOVA,558.39,1042.14,-139.07,-344.68
2020-11-16,21,MONCLOVA,627.28,796.15,-108.94,-59.93
2020-11-16,22,MONCLOVA,571.89,656.6,-84.71,0
2020-11-16,23,MONCLOVA,549.23,628.07,-78.85,0
2020-11-16,24,MONCLOVA,516.98,584.52,-67.53,0
2020-11-16,1,MONTEMORELOS,518.12,575.01,-56.89,0
2020-11-16,2,MONTEMORELOS,490.32,540.96,-50.64,0
2020-11-16,3,MONTEMORELOS,483.08,529.48,-46.4,0
2020-11-16,4,MONTEMORELOS,471.61,515.77,-44.16,0
2020-11-16,5,MONTEMORELOS,477.16,522.53,-45.37,0
2020-11-16,6,MONTEMORELOS,484.94,530.75,-45.81,0
2020-11-16,7,MONTEMORELOS,490.25,535.15,-44.91,0
2020-11-16,8,MONTEMORELOS,492.42,539.51,-47.09,0
2020-11-16,9,MONTEMORELOS,481.49,530.03,-48.55,0
2020-11-16,10,MONTEMORELOS,476.98,524.83,-47.85,0
2020-11-16,11,MONTEMORELOS,485.28,538.65,-53.36,0
2020-11-16,12,MONTEMORELOS,495.69,549.09,-53.4,0
2020-11-16,13,MONTEMORELOS,501.22,556,-54.78,0
2020-11-16,14,MONTEMORELOS,502.76,555.9,-53.14,0
2020-11-16,15,MONTEMORELOS,496.29,546.06,-49.77,0
2020-11-16,16,MONTEMORELOS,494.64,544.89,-50.24,0
2020-11-16,17,MONTEMORELOS,495.22,549.86,-54.64,0
2020-11-16,18,MONTEMORELOS,540.54,615.59,-75.04,0
2020-11-16,19,MONTEMORELOS,564.88,631.51,-77,10.36
2020-11-16,20,MONTEMORELOS,608.25,1042.14,-126.57,-307.31
2020-11-16,21,MONTEMORELOS,645.58,796.15,-97.17,-53.4
2020-11-16,22,MONTEMORELOS,580.01,656.6,-76.59,0
2020-11-16,23,MONTEMORELOS,557.12,628.07,-70.95,0
2020-11-16,24,MONTEMORELOS,525.09,584.52,-59.43,0
2020-11-16,1,MONTERREY,509.21,575.01,-65.8,0
2020-11-16,2,MONTERREY,482.2,540.96,-58.77,0
2020-11-16,3,MONTERREY,475.57,529.48,-53.91,0
2020-11-16,4,MONTERREY,464.37,515.77,-51.41,0
2020-11-16,5,MONTERREY,469.89,522.53,-52.64,0
2020-11-16,6,MONTERREY,477.78,530.75,-52.97,0
2020-11-16,7,MONTERREY,482.86,535.15,-52.3,0
2020-11-16,8,MONTERREY,484.67,539.51,-54.84,0
2020-11-16,9,MONTERREY,472.69,530.03,-57.34,0
2020-11-16,10,MONTERREY,467.45,524.83,-57.37,0
2020-11-16,11,MONTERREY,475.16,538.65,-63.49,0
2020-11-16,12,MONTERREY,485.44,549.09,-63.65,0
2020-11-16,13,MONTERREY,490.73,556,-65.27,0
2020-11-16,14,MONTERREY,492.3,555.9,-63.6,0
2020-11-16,15,MONTERREY,485.98,546.06,-60.08,0
2020-11-16,16,MONTERREY,484.3,544.89,-60.59,0
2020-11-16,17,MONTERREY,484.82,549.86,-65.04,0
2020-11-16,18,MONTERREY,529.28,615.59,-86.3,0
2020-11-16,19,MONTERREY,549.27,631.51,-88.27,6.03
2020-11-16,20,MONTERREY,552.06,1042.14,-145.38,-344.7
2020-11-16,21,MONTERREY,625.09,796.15,-111.12,-59.94
2020-11-16,22,MONTERREY,569.31,656.6,-87.28,0
2020-11-16,23,MONTERREY,547.35,628.07,-80.72,0
2020-11-16,24,MONTERREY,516.5,584.52,-68.02,0
2020-11-16,1,MORELIA,596.02,575.01,21.01,0
2020-11-16,2,MORELIA,557.7,540.96,16.74,0
2020-11-16,3,MORELIA,543.74,529.48,14.27,0
2020-11-16,4,MORELIA,529.14,515.77,13.37,0
2020-11-16,5,MORELIA,536.13,522.53,13.6,0
2020-11-16,6,MORELIA,545.96,530.75,15.22,0
2020-11-16,7,MORELIA,552.45,535.15,17.3,0
2020-11-16,8,MORELIA,559.04,539.51,19.53,0
2020-11-16,9,MORELIA,549.46,530.03,19.42,0
2020-11-16,10,MORELIA,544.77,524.83,19.94,0
2020-11-16,11,MORELIA,559.68,538.65,21.03,0
2020-11-16,12,MORELIA,572.08,549.09,22.99,0
2020-11-16,13,MORELIA,580.37,556,24.37,0
2020-11-16,14,MORELIA,580.07,555.9,24.17,0
2020-11-16,15,MORELIA,569.45,546.06,23.39,0
2020-11-16,16,MORELIA,568.96,544.89,24.08,0
2020-11-16,17,MORELIA,574.53,549.86,24.67,0
2020-11-16,18,MORELIA,645.7,615.59,30.11,0
2020-11-16,19,MORELIA,735.94,631.51,34,70.43
2020-11-16,20,MORELIA,1107.76,1042.14,56.14,9.49
2020-11-16,21,MORELIA,842.13,796.15,44.33,1.66
2020-11-16,22,MORELIA,693.3,656.6,36.7,0
2020-11-16,23,MORELIA,660.92,628.07,32.84,0
2020-11-16,24,MORELIA,611.06,584.52,26.54,0
2020-11-16,1,MORELOS,612.2,575.01,37.19,0
2020-11-16,2,MORELOS,572.12,540.96,31.16,0
2020-11-16,3,MORELOS,557.71,529.48,28.24,0
2020-11-16,4,MORELOS,542.61,515.77,26.84,0
2020-11-16,5,MORELOS,549.07,522.53,26.55,0
2020-11-16,6,MORELOS,558.46,530.75,27.71,0
2020-11-16,7,MORELOS,561.72,535.15,26.57,0
2020-11-16,8,MORELOS,567.08,539.51,27.57,0
2020-11-16,9,MORELOS,558.74,530.03,28.7,0
2020-11-16,10,MORELOS,553.83,524.83,29.01,0
2020-11-16,11,MORELOS,567.3,538.65,28.65,0
2020-11-16,12,MORELOS,580.59,549.09,31.5,0
2020-11-16,13,MORELOS,589.51,556,33.51,0
2020-11-16,14,MORELOS,589.47,555.9,33.58,0
2020-11-16,15,MORELOS,578.6,546.06,32.54,0
2020-11-16,16,MORELOS,577.87,544.89,32.98,0
2020-11-16,17,MORELOS,582.97,549.86,33.11,0
2020-11-16,18,MORELOS,657.08,615.59,41.5,0
2020-11-16,19,MORELOS,957.56,631.51,44.97,281.08
2020-11-16,20,MORELOS,1098.58,1042.14,69.56,-13.12
2020-11-16,21,MORELOS,848.24,796.15,54.37,-2.28
2020-11-16,22,MORELOS,701.7,656.6,45.11,0
2020-11-16,23,MORELOS,668.13,628.07,40.06,0
2020-11-16,24,MORELOS,618.42,584.52,33.9,0
2020-11-16,1,MOTUL TIZIMIN,634.5,575.01,59.49,0
2020-11-16,2,MOTUL TIZIMIN,591.59,540.96,50.64,0
2020-11-16,3,MOTUL TIZIMIN,576.52,529.48,47.04,0
2020-11-16,4,MOTUL TIZIMIN,558.33,515.77,42.56,0
2020-11-16,5,MOTUL TIZIMIN,553.61,522.53,31.08,0
2020-11-16,6,MOTUL TIZIMIN,563.56,530.75,32.81,0
2020-11-16,7,MOTUL TIZIMIN,557.01,535.15,21.86,0
2020-11-16,8,MOTUL TIZIMIN,568.83,539.51,29.32,0
2020-11-16,9,MOTUL TIZIMIN,566.96,530.03,36.92,0
2020-11-16,10,MOTUL TIZIMIN,551.38,524.83,26.56,0
2020-11-16,11,MOTUL TIZIMIN,555.53,538.65,16.88,0
2020-11-16,12,MOTUL TIZIMIN,561.86,549.09,12.77,0
2020-11-16,13,MOTUL TIZIMIN,572.48,556,16.48,0
2020-11-16,14,MOTUL TIZIMIN,571.37,555.9,15.47,0
2020-11-16,15,MOTUL TIZIMIN,569.03,546.06,22.98,0
2020-11-16,16,MOTUL TIZIMIN,564.04,544.89,19.16,0
2020-11-16,17,MOTUL TIZIMIN,566.52,549.86,16.66,0
2020-11-16,18,MOTUL TIZIMIN,639.78,615.59,24.19,0
2020-11-16,19,MOTUL TIZIMIN,1014.38,631.51,32.24,350.62
2020-11-16,20,MOTUL TIZIMIN,1054.1,1042.14,29.43,-17.47
2020-11-16,21,MOTUL TIZIMIN,814.64,796.15,21.54,-3.04
2020-11-16,22,MOTUL TIZIMIN,688.1,656.6,31.5,0
2020-11-16,23,MOTUL TIZIMIN,646.43,628.07,18.36,0
2020-11-16,24,MOTUL TIZIMIN,604.68,584.52,20.17,0
2020-11-16,1,NAVOJOA,491.17,575.01,-83.84,0
2020-11-16,2,NAVOJOA,463.89,540.96,-77.07,0
2020-11-16,3,NAVOJOA,454.6,529.48,-74.88,0
2020-11-16,4,NAVOJOA,448.8,515.77,-66.98,0
2020-11-16,5,NAVOJOA,447.92,522.53,-74.61,0
2020-11-16,6,NAVOJOA,454.35,530.75,-76.39,0
2020-11-16,7,NAVOJOA,459.72,535.15,-75.44,0
2020-11-16,8,NAVOJOA,460.23,539.51,-79.28,0
2020-11-16,9,NAVOJOA,443.44,530.03,-86.59,0
2020-11-16,10,NAVOJOA,415.23,524.83,-109.6,0
2020-11-16,11,NAVOJOA,417.26,538.65,-121.39,0
2020-11-16,12,NAVOJOA,427.37,549.09,-121.72,0
2020-11-16,13,NAVOJOA,435.04,556,-120.96,0
2020-11-16,14,NAVOJOA,435.42,555.9,-120.48,0
2020-11-16,15,NAVOJOA,435.21,546.06,-110.85,0
2020-11-16,16,NAVOJOA,437.39,544.89,-107.49,0
2020-11-16,17,NAVOJOA,449.45,549.86,-100.4,0
2020-11-16,18,NAVOJOA,516.15,615.59,-99.44,0
2020-11-16,19,NAVOJOA,576.77,631.51,-88.23,33.49
2020-11-16,20,NAVOJOA,756.94,1042.14,-156.03,-129.17
2020-11-16,21,NAVOJOA,653.23,796.15,-120.46,-22.46
2020-11-16,22,NAVOJOA,573.23,656.6,-83.36,0
2020-11-16,23,NAVOJOA,560.39,628.07,-67.68,0
2020-11-16,24,NAVOJOA,521.54,584.52,-62.97,0
2020-11-16,1,NOGALES,489.75,575.01,-85.27,0
2020-11-16,2,NOGALES,461.88,540.96,-79.09,0
2020-11-16,3,NOGALES,455.32,529.48,-74.15,0
2020-11-16,4,NOGALES,450.13,515.77,-65.64,0
2020-11-16,5,NOGALES,450.02,522.53,-72.51,0
2020-11-16,6,NOGALES,458.8,530.75,-71.95,0
2020-11-16,7,NOGALES,465.91,535.15,-69.24,0
2020-11-16,8,NOGALES,467.77,539.51,-71.74,0
2020-11-16,9,NOGALES,439.67,530.03,-90.36,0
2020-11-16,10,NOGALES,393.22,524.83,-131.61,0
2020-11-16,11,NOGALES,388.79,538.65,-149.86,0
2020-11-16,12,NOGALES,398.83,549.09,-149.11,-1.15
2020-11-16,13,NOGALES,408.09,556,-147.92,0
2020-11-16,14,NOGALES,406.48,555.9,-149.42,0
2020-11-16,15,NOGALES,406.46,546.06,-139.6,0
2020-11-16,16,NOGALES,407.17,544.89,-137.72,0
2020-11-16,17,NOGALES,420.77,549.86,-129.08,0
2020-11-16,18,NOGALES,496.27,615.59,-119.32,0
2020-11-16,19,NOGALES,565.65,631.51,-93.94,28.08
2020-11-16,20,NOGALES,696.04,1042.14,-174.58,-171.52
2020-11-16,21,NOGALES,630.14,796.15,-136.19,-29.82
2020-11-16,22,NOGALES,563.6,656.6,-92.99,0
2020-11-16,23,NOGALES,548.54,628.07,-79.53,0
2020-11-16,24,NOGALES,519.73,584.52,-64.79,0
2020-11-16,1,NUEVO LAREDO,507.28,575.01,-67.73,0
2020-11-16,2,NUEVO LAREDO,477.8,540.96,-63.16,0
2020-11-16,3,NUEVO LAREDO,470.73,529.48,-58.75,0
2020-11-16,4,NUEVO LAREDO,458.24,515.77,-57.53,0
2020-11-16,5,NUEVO LAREDO,463.73,522.53,-58.79,0
2020-11-16,6,NUEVO LAREDO,472.04,530.75,-58.7,0
2020-11-16,7,NUEVO LAREDO,480.43,535.15,-54.72,0
2020-11-16,8,NUEVO LAREDO,483.91,539.51,-55.6,0
2020-11-16,9,NUEVO LAREDO,469.56,530.03,-60.48,0
2020-11-16,10,NUEVO LAREDO,462.24,524.83,-62.59,0
2020-11-16,11,NUEVO LAREDO,469.49,538.65,-69.16,0
2020-11-16,12,NUEVO LAREDO,480.91,549.09,-68.18,0
2020-11-16,13,NUEVO LAREDO,486.98,556,-69.02,0
2020-11-16,14,NUEVO LAREDO,489.42,555.9,-66.48,0
2020-11-16,15,NUEVO LAREDO,483.96,546.06,-62.1,0
2020-11-16,16,NUEVO LAREDO,482.75,544.89,-62.13,0
2020-11-16,17,NUEVO LAREDO,484.72,549.86,-65.14,0
2020-11-16,18,NUEVO LAREDO,534.84,615.59,-80.75,0
2020-11-16,19,NUEVO LAREDO,558.61,631.51,-80.19,7.29
2020-11-16,20,NUEVO LAREDO,568.54,1042.14,-138.36,-335.24
2020-11-16,21,NUEVO LAREDO,627.04,796.15,-110.82,-58.29
2020-11-16,22,NUEVO LAREDO,570.04,656.6,-86.55,0
2020-11-16,23,NUEVO LAREDO,547.56,628.07,-80.51,0
2020-11-16,24,NUEVO LAREDO,515.03,584.52,-69.48,0
2020-11-16,1,OAXACA,624.41,575.01,49.4,0
2020-11-16,2,OAXACA,580.07,540.96,39.11,0
2020-11-16,3,OAXACA,562.46,529.48,32.98,0
2020-11-16,4,OAXACA,546.48,515.77,30.71,0
2020-11-16,5,OAXACA,553.02,522.53,30.49,0
2020-11-16,6,OAXACA,562.95,530.75,32.2,0
2020-11-16,7,OAXACA,562.92,535.15,27.77,0
2020-11-16,8,OAXACA,570.09,539.51,30.58,0
2020-11-16,9,OAXACA,559.82,530.03,29.79,0
2020-11-16,10,OAXACA,552.15,524.83,27.33,0
2020-11-16,11,OAXACA,562.2,538.65,23.56,0
2020-11-16,12,OAXACA,577,549.09,27.91,0
2020-11-16,13,OAXACA,587.35,556,31.35,0
2020-11-16,14,OAXACA,588.91,555.9,33.01,0
2020-11-16,15,OAXACA,577.02,546.06,30.97,0
2020-11-16,16,OAXACA,575.02,544.89,30.14,0
2020-11-16,17,OAXACA,581.43,549.86,31.58,0
2020-11-16,18,OAXACA,662.58,615.59,46.99,0
2020-11-16,19,OAXACA,1026.36,631.51,56.69,338.16
2020-11-16,20,OAXACA,1107.12,1042.14,82.57,-17.59
2020-11-16,21,OAXACA,855.61,796.15,62.53,-3.06
2020-11-16,22,OAXACA,711.56,656.6,54.96,0
2020-11-16,23,OAXACA,676.6,628.07,48.53,0
2020-11-16,24,OAXACA,625.77,584.52,41.26,0
2020-11-16,1,OBREGON,479.79,575.01,-95.22,0
2020-11-16,2,OBREGON,453.88,540.96,-87.08,0
2020-11-16,3,OBREGON,445.29,529.48,-84.18,0
2020-11-16,4,OBREGON,440.1,515.77,-75.67,0
2020-11-16,5,OBREGON,439.19,522.53,-83.34,0
2020-11-16,6,OBREGON,445.48,530.75,-85.26,0
2020-11-16,7,OBREGON,450.74,535.15,-84.41,0
2020-11-16,8,OBREGON,450.97,539.51,-88.54,0
2020-11-16,9,OBREGON,434.44,530.03,-95.6,0
2020-11-16,10,OBREGON,406.57,524.83,-118.25,0
2020-11-16,11,OBREGON,407.98,538.65,-130.67,0
2020-11-16,12,OBREGON,418.29,549.09,-130.8,0
2020-11-16,13,OBREGON,425.36,556,-130.64,0
2020-11-16,14,OBREGON,425.6,555.9,-130.3,0
2020-11-16,15,OBREGON,425.81,546.06,-120.24,0
2020-11-16,16,OBREGON,427.9,544.89,-116.99,0
2020-11-16,17,OBREGON,439.58,549.86,-110.28,0
2020-11-16,18,OBREGON,504.04,615.59,-111.55,0
2020-11-16,19,OBREGON,565.86,631.51,-98.66,33.01
2020-11-16,20,OBREGON,737.38,1042.14,-171.85,-132.91
2020-11-16,21,OBREGON,640.25,796.15,-132.78,-23.11
2020-11-16,22,OBREGON,561.7,656.6,-94.9,0
2020-11-16,23,OBREGON,547.27,628.07,-80.8,0
2020-11-16,24,OBREGON,509.92,584.52,-74.6,0
2020-11-16,1,ORIZABA,606.11,575.01,31.1,0
2020-11-16,2,ORIZABA,564.59,540.96,23.63,0
2020-11-16,3,ORIZABA,548.5,529.48,19.02,0
2020-11-16,4,ORIZABA,533.17,515.77,17.4,0
2020-11-16,5,ORIZABA,539.37,522.53,16.85,0
2020-11-16,6,ORIZABA,548.29,530.75,17.54,0
2020-11-16,7,ORIZABA,548.38,535.15,13.23,0
2020-11-16,8,ORIZABA,554.72,539.51,15.21,0
2020-11-16,9,ORIZABA,544.76,530.03,14.73,0
2020-11-16,10,ORIZABA,537.44,524.83,12.62,0
2020-11-16,11,ORIZABA,547.3,538.65,8.65,0
2020-11-16,12,ORIZABA,560.94,549.09,11.85,0
2020-11-16,13,ORIZABA,570.3,556,14.3,0
2020-11-16,14,ORIZABA,571.11,555.9,15.21,0
2020-11-16,15,ORIZABA,559.61,546.06,13.55,0
2020-11-16,16,ORIZABA,557.49,544.89,12.61,0
2020-11-16,17,ORIZABA,563.47,549.86,13.61,0
2020-11-16,18,ORIZABA,640.36,615.59,24.78,0
2020-11-16,19,ORIZABA,1009.73,631.51,27.1,351.12
2020-11-16,20,ORIZABA,1057.83,1042.14,33.43,-17.74
2020-11-16,21,ORIZABA,819.66,796.15,26.6,-3.08
2020-11-16,22,ORIZABA,683.08,656.6,26.48,0
2020-11-16,23,ORIZABA,652.31,628.07,24.24,0
2020-11-16,24,ORIZABA,606.09,584.52,21.57,0
2020-11-16,1,PIEDRAS NEGRAS,504.25,575.01,-70.77,0
2020-11-16,2,PIEDRAS NEGRAS,474.11,540.96,-66.85,0
2020-11-16,3,PIEDRAS NEGRAS,466.99,529.48,-62.48,0
2020-11-16,4,PIEDRAS NEGRAS,453.75,515.77,-62.02,0
2020-11-16,5,PIEDRAS NEGRAS,459.65,522.53,-62.88,0
2020-11-16,6,PIEDRAS NEGRAS,467.43,530.75,-63.31,0
2020-11-16,7,PIEDRAS NEGRAS,477.03,535.15,-58.12,0
2020-11-16,8,PIEDRAS NEGRAS,481.27,539.51,-58.24,0
2020-11-16,9,PIEDRAS NEGRAS,466.02,530.03,-64.01,0
2020-11-16,10,PIEDRAS NEGRAS,458.46,524.83,-66.37,0
2020-11-16,11,PIEDRAS NEGRAS,465.08,538.65,-73.57,0
2020-11-16,12,PIEDRAS NEGRAS,476.75,549.09,-72.34,0
2020-11-16,13,PIEDRAS NEGRAS,482.7,556,-73.3,0
2020-11-16,14,PIEDRAS NEGRAS,485.52,555.9,-70.38,0
2020-11-16,15,PIEDRAS NEGRAS,479.91,546.06,-66.15,0
2020-11-16,16,PIEDRAS NEGRAS,477.91,544.89,-66.98,0
2020-11-16,17,PIEDRAS NEGRAS,479.26,549.86,-70.6,0
2020-11-16,18,PIEDRAS NEGRAS,529.33,615.59,-86.26,0
2020-11-16,19,PIEDRAS NEGRAS,551.9,631.51,-87.13,7.52
2020-11-16,20,PIEDRAS NEGRAS,557.01,1042.14,-151.8,-333.33
2020-11-16,21,PIEDRAS NEGRAS,613.86,796.15,-124.33,-57.96
2020-11-16,22,PIEDRAS NEGRAS,558.73,656.6,-97.87,0
2020-11-16,23,PIEDRAS NEGRAS,537.3,628.07,-90.77,0
2020-11-16,24,PIEDRAS NEGRAS,505.68,584.52,-78.83,0
2020-11-16,1,POZA RICA,584.75,575.01,9.74,0
2020-11-16,2,POZA RICA,549.12,540.96,8.16,0
2020-11-16,3,POZA RICA,535.08,529.48,5.61,0
2020-11-16,4,POZA RICA,519.98,515.77,4.21,0
2020-11-16,5,POZA RICA,525.67,522.53,3.14,0
2020-11-16,6,POZA RICA,534.3,530.75,3.55,0
2020-11-16,7,POZA RICA,537.39,535.15,2.24,0
2020-11-16,8,POZA RICA,541.6,539.51,2.09,0
2020-11-16,9,POZA RICA,532.97,530.03,2.93,0
2020-11-16,10,POZA RICA,528.13,524.83,3.31,0
2020-11-16,11,POZA RICA,540.24,538.65,1.59,0
2020-11-16,12,POZA RICA,552.45,549.09,3.36,0
2020-11-16,13,POZA RICA,560.36,556,4.36,0
2020-11-16,14,POZA RICA,562.18,555.9,6.28,0
2020-11-16,15,POZA RICA,552.21,546.06,6.16,0
2020-11-16,16,POZA RICA,551.33,544.89,6.44,0
2020-11-16,17,POZA RICA,556.28,549.86,6.42,0
2020-11-16,18,POZA RICA,624.13,615.59,8.55,0
2020-11-16,19,POZA RICA,731.58,631.51,5.99,94.07
2020-11-16,20,POZA RICA,1024.03,1042.14,12.04,-30.14
2020-11-16,21,POZA RICA,799.53,796.15,8.64,-5.25
2020-11-16,22,POZA RICA,661.88,656.6,5.29,0
2020-11-16,23,POZA RICA,630.36,628.07,2.29,0
2020-11-16,24,POZA RICA,586.43,584.52,1.91,0
2020-11-16,1,PUEBLA,603.19,575.01,28.17,0
2020-11-16,2,PUEBLA,563.62,540.96,22.66,0
2020-11-16,3,PUEBLA,549.69,529.48,20.21,0
2020-11-16,4,PUEBLA,534.76,515.77,18.99,0
2020-11-16,5,PUEBLA,541.19,522.53,18.66,0
2020-11-16,6,PUEBLA,550.16,530.75,19.41,0
2020-11-16,7,PUEBLA,552.01,535.15,16.86,0
2020-11-16,8,PUEBLA,557.81,539.51,18.3,0
2020-11-16,9,PUEBLA,548.56,530.03,18.53,0
2020-11-16,10,PUEBLA,542.58,524.83,17.76,0
2020-11-16,11,PUEBLA,554.5,538.65,15.85,0
2020-11-16,12,PUEBLA,567.69,549.09,18.6,0
2020-11-16,13,PUEBLA,576.38,556,20.38,0
2020-11-16,14,PUEBLA,576.35,555.9,20.45,0
2020-11-16,15,PUEBLA,565.38,546.06,19.32,0
2020-11-16,16,PUEBLA,564.05,544.89,19.17,0
2020-11-16,17,PUEBLA,569.88,549.86,20.02,0
2020-11-16,18,PUEBLA,643.94,615.59,28.35,0
2020-11-16,19,PUEBLA,1063.17,631.51,30.77,400.89
2020-11-16,20,PUEBLA,1070.59,1042.14,44.88,-16.42
2020-11-16,21,PUEBLA,828.32,796.15,35.03,-2.86
2020-11-16,22,PUEBLA,686.79,656.6,30.2,0
2020-11-16,23,PUEBLA,654.27,628.07,26.19,0
2020-11-16,24,PUEBLA,606.71,584.52,22.19,0
2020-11-16,1,QUERETARO,576.41,575.01,1.4,0
2020-11-16,2,QUERETARO,541.93,540.96,.97,0
2020-11-16,3,QUERETARO,531.63,529.48,2.16,0
2020-11-16,4,QUERETARO,517.73,515.77,1.96,0
2020-11-16,5,QUERETARO,524.37,522.53,1.84,0
2020-11-16,6,QUERETARO,532.52,530.75,1.78,0
2020-11-16,7,QUERETARO,536.75,535.15,1.6,0
2020-11-16,8,QUERETARO,540.46,539.51,.95,0
2020-11-16,9,QUERETARO,530.89,530.03,.86,0
2020-11-16,10,QUERETARO,525.79,524.83,.97,0
2020-11-16,11,QUERETARO,541.56,538.65,2.92,0
2020-11-16,12,QUERETARO,550.66,549.09,1.57,0
2020-11-16,13,QUERETARO,556.65,556,.65,0
2020-11-16,14,QUERETARO,556.56,555.9,.66,0
2020-11-16,15,QUERETARO,546.86,546.06,.8,0
2020-11-16,16,QUERETARO,545.08,544.89,.19,0
2020-11-16,17,QUERETARO,550.36,549.86,.5,0
2020-11-16,18,QUERETARO,616.84,615.59,1.25,0
2020-11-16,19,QUERETARO,657.33,631.51,3.85,21.96
2020-11-16,20,QUERETARO,1056.95,1042.14,8.93,5.88
2020-11-16,21,QUERETARO,803.06,796.15,5.89,1.02
2020-11-16,22,QUERETARO,660.25,656.6,3.65,0
2020-11-16,23,QUERETARO,631.28,628.07,3.21,0
2020-11-16,24,QUERETARO,586.99,584.52,2.48,0
2020-11-16,1,REYNOSA,492.58,575.01,-82.44,0
2020-11-16,2,REYNOSA,466.94,540.96,-74.02,0
2020-11-16,3,REYNOSA,461.37,529.48,-68.11,0
2020-11-16,4,REYNOSA,451.71,515.77,-64.06,0
2020-11-16,5,REYNOSA,457.35,522.53,-65.18,0
2020-11-16,6,REYNOSA,463.67,530.75,-67.08,0
2020-11-16,7,REYNOSA,467.4,535.15,-67.76,0
2020-11-16,8,REYNOSA,468.32,539.51,-71.19,0
2020-11-16,9,REYNOSA,460.31,530.03,-69.73,0
2020-11-16,10,REYNOSA,458.8,524.83,-66.03,0
2020-11-16,11,REYNOSA,465.57,538.65,-73.08,0
2020-11-16,12,REYNOSA,475.28,549.09,-73.81,0
2020-11-16,13,REYNOSA,480.59,556,-75.41,0
2020-11-16,14,REYNOSA,482.46,555.9,-73.44,0
2020-11-16,15,REYNOSA,477.77,546.06,-68.28,0
2020-11-16,16,REYNOSA,476.09,544.89,-68.8,0
2020-11-16,17,REYNOSA,474.87,549.86,-74.99,0
2020-11-16,18,REYNOSA,511.9,615.59,-103.68,0
2020-11-16,19,REYNOSA,529.98,631.51,-107.57,6.04
2020-11-16,20,REYNOSA,523.74,1042.14,-173.63,-344.77
2020-11-16,21,REYNOSA,606.61,796.15,-129.59,-59.95
2020-11-16,22,REYNOSA,553.56,656.6,-103.04,0
2020-11-16,23,REYNOSA,531.96,628.07,-96.11,0
2020-11-16,24,REYNOSA,500.88,584.52,-83.64,0
2020-11-16,1,RIVIERA MAYA,655.59,575.01,80.57,0
2020-11-16,2,RIVIERA MAYA,609.56,540.96,68.61,0
2020-11-16,3,RIVIERA MAYA,593.48,529.48,64.01,0
2020-11-16,4,RIVIERA MAYA,575.43,515.77,59.66,0
2020-11-16,5,RIVIERA MAYA,573.19,522.53,50.66,0
2020-11-16,6,RIVIERA MAYA,582.44,530.75,51.7,0
2020-11-16,7,RIVIERA MAYA,576.78,535.15,41.62,0
2020-11-16,8,RIVIERA MAYA,588.45,539.51,48.94,0
2020-11-16,9,RIVIERA MAYA,583.93,530.03,53.89,0
2020-11-16,10,RIVIERA MAYA,572.67,524.83,47.85,0
2020-11-16,11,RIVIERA MAYA,580.91,538.65,42.26,0
2020-11-16,12,RIVIERA MAYA,591.12,549.09,42.03,0
2020-11-16,13,RIVIERA MAYA,603.31,556,47.31,0
2020-11-16,14,RIVIERA MAYA,603.73,555.9,47.83,0
2020-11-16,15,RIVIERA MAYA,597.25,546.06,51.19,0
2020-11-16,16,RIVIERA MAYA,592.4,544.89,47.52,0
2020-11-16,17,RIVIERA MAYA,596.53,549.86,46.68,0
2020-11-16,18,RIVIERA MAYA,677.43,615.59,61.84,0
2020-11-16,19,RIVIERA MAYA,1052.04,631.51,69.91,350.62
2020-11-16,20,RIVIERA MAYA,1118.63,1042.14,93.96,-17.47
2020-11-16,21,RIVIERA MAYA,864.11,796.15,71.01,-3.04
2020-11-16,22,RIVIERA MAYA,727.2,656.6,70.61,0
2020-11-16,23,RIVIERA MAYA,687.82,628.07,59.74,0
2020-11-16,24,RIVIERA MAYA,642.97,584.52,58.46,0
2020-11-16,1,SABINAS,505.35,575.01,-69.66,0
2020-11-16,2,SABINAS,476.21,540.96,-64.75,0
2020-11-16,3,SABINAS,469.48,529.48,-60,0
2020-11-16,4,SABINAS,456.72,515.77,-59.05,0
2020-11-16,5,SABINAS,462.42,522.53,-60.11,0
2020-11-16,6,SABINAS,470.88,530.75,-59.87,0
2020-11-16,7,SABINAS,479.41,535.15,-55.75,0
2020-11-16,8,SABINAS,482.71,539.51,-56.8,0
2020-11-16,9,SABINAS,467.84,530.03,-62.2,0
2020-11-16,10,SABINAS,460.75,524.83,-64.08,0
2020-11-16,11,SABINAS,467.64,538.65,-71.01,0
2020-11-16,12,SABINAS,478.66,549.09,-70.43,0
2020-11-16,13,SABINAS,484.24,556,-71.76,0
2020-11-16,14,SABINAS,486.21,555.9,-69.69,0
2020-11-16,15,SABINAS,480.33,546.06,-65.72,0
2020-11-16,16,SABINAS,478.89,544.89,-66,0
2020-11-16,17,SABINAS,480.84,549.86,-69.02,0
2020-11-16,18,SABINAS,530.63,615.59,-84.96,0
2020-11-16,19,SABINAS,553.98,631.51,-84.66,7.13
2020-11-16,20,SABINAS,560.4,1042.14,-145.23,-336.51
2020-11-16,21,SABINAS,621.55,796.15,-116.09,-58.51
2020-11-16,22,SABINAS,565.92,656.6,-90.67,0
2020-11-16,23,SABINAS,543.72,628.07,-84.35,0
2020-11-16,24,SABINAS,511.73,584.52,-72.79,0
2020-11-16,1,SALTILLO,513.6,575.01,-61.42,0
2020-11-16,2,SALTILLO,486.67,540.96,-54.29,0
2020-11-16,3,SALTILLO,480.47,529.48,-49.01,0
2020-11-16,4,SALTILLO,469.04,515.77,-46.73,0
2020-11-16,5,SALTILLO,474.96,522.53,-47.56,0
2020-11-16,6,SALTILLO,483.05,530.75,-47.69,0
2020-11-16,7,SALTILLO,488.69,535.15,-46.47,0
2020-11-16,8,SALTILLO,490.32,539.51,-49.19,0
2020-11-16,9,SALTILLO,476.19,530.03,-53.84,0
2020-11-16,10,SALTILLO,469.34,524.83,-55.49,0
2020-11-16,11,SALTILLO,477.55,538.65,-61.1,0
2020-11-16,12,SALTILLO,487.73,549.09,-61.36,0
2020-11-16,13,SALTILLO,493.13,556,-62.87,0
2020-11-16,14,SALTILLO,494.07,555.9,-61.83,0
2020-11-16,15,SALTILLO,487.45,546.06,-58.6,0
2020-11-16,16,SALTILLO,485.87,544.89,-59.02,0
2020-11-16,17,SALTILLO,487.95,549.86,-61.91,0
2020-11-16,18,SALTILLO,536.56,615.59,-79.03,0
2020-11-16,19,SALTILLO,553.45,631.51,-80.14,2.07
2020-11-16,20,SALTILLO,531.91,1042.14,-131.32,-378.92
2020-11-16,21,SALTILLO,630.21,796.15,-100.03,-65.9
2020-11-16,22,SALTILLO,578.19,656.6,-78.41,0
2020-11-16,23,SALTILLO,555.33,628.07,-72.74,0
2020-11-16,24,SALTILLO,523.04,584.52,-61.47,0
2020-11-16,1,SALVATIERRA,586.67,575.01,11.65,0
2020-11-16,2,SALVATIERRA,550.15,540.96,9.19,0
2020-11-16,3,SALVATIERRA,537.27,529.48,7.8,0
2020-11-16,4,SALVATIERRA,523.15,515.77,7.37,0
2020-11-16,5,SALVATIERRA,530.47,522.53,7.94,0
2020-11-16,6,SALVATIERRA,539.57,530.75,8.83,0
2020-11-16,7,SALVATIERRA,546.07,535.15,10.92,0
2020-11-16,8,SALVATIERRA,552.24,539.51,12.73,0
2020-11-16,9,SALVATIERRA,543.04,530.03,13.01,0
2020-11-16,10,SALVATIERRA,538.42,524.83,13.6,0
2020-11-16,11,SALVATIERRA,553.17,538.65,14.52,0
2020-11-16,12,SALVATIERRA,564.78,549.09,15.7,0
2020-11-16,13,SALVATIERRA,572.56,556,16.56,0
2020-11-16,14,SALVATIERRA,572.14,555.9,16.24,0
2020-11-16,15,SALVATIERRA,561.75,546.06,15.69,0
2020-11-16,16,SALVATIERRA,560.65,544.89,15.76,0
2020-11-16,17,SALVATIERRA,566.15,549.86,16.29,0
2020-11-16,18,SALVATIERRA,635.03,615.59,19.44,0
2020-11-16,19,SALVATIERRA,692.52,631.51,22.31,38.7
2020-11-16,20,SALVATIERRA,1093.26,1042.14,38.43,12.69
2020-11-16,21,SALVATIERRA,828.52,796.15,30.18,2.2
2020-11-16,22,SALVATIERRA,680.81,656.6,24.22,0
2020-11-16,23,SALVATIERRA,649.21,628.07,21.14,0
2020-11-16,24,SALVATIERRA,601.2,584.52,16.69,0
2020-11-16,1,SAN CRISTOBAL,648.08,575.01,73.07,0
2020-11-16,2,SAN CRISTOBAL,601.04,540.96,60.08,0
2020-11-16,3,SAN CRISTOBAL,582.11,529.48,52.64,0
2020-11-16,4,SAN CRISTOBAL,565.22,515.77,49.45,0
2020-11-16,5,SAN CRISTOBAL,571.52,522.53,48.99,0
2020-11-16,6,SAN CRISTOBAL,582.29,530.75,51.55,0
2020-11-16,7,SAN CRISTOBAL,578.87,535.15,43.72,0
2020-11-16,8,SAN CRISTOBAL,584.2,539.51,44.69,0
2020-11-16,9,SAN CRISTOBAL,571.96,530.03,41.93,0
2020-11-16,10,SAN CRISTOBAL,561.74,524.83,36.91,0
2020-11-16,11,SAN CRISTOBAL,569.04,538.65,30.39,0
2020-11-16,12,SAN CRISTOBAL,583.91,549.09,34.82,0
2020-11-16,13,SAN CRISTOBAL,594.61,556,38.61,0
2020-11-16,14,SAN CRISTOBAL,596.79,555.9,40.89,0
2020-11-16,15,SAN CRISTOBAL,584.08,546.06,38.02,0
2020-11-16,16,SAN CRISTOBAL,579.73,544.89,34.84,0
2020-11-16,17,SAN CRISTOBAL,590.67,549.86,40.81,0
2020-11-16,18,SAN CRISTOBAL,686.26,615.59,70.67,0
2020-11-16,19,SAN CRISTOBAL,1064.17,631.51,82.04,350.62
2020-11-16,20,SAN CRISTOBAL,1139.78,1042.14,115.11,-17.47
2020-11-16,21,SAN CRISTOBAL,877.04,796.15,83.93,-3.04
2020-11-16,22,SAN CRISTOBAL,731.91,656.6,75.32,0
2020-11-16,23,SAN CRISTOBAL,698.52,628.07,70.45,0
2020-11-16,24,SAN CRISTOBAL,647.83,584.52,63.31,0
2020-11-16,1,SAN JUAN DEL RIO,590.44,575.01,15.43,0
2020-11-16,2,SAN JUAN DEL RIO,554.23,540.96,13.27,0
2020-11-16,3,SAN JUAN DEL RIO,546,529.48,16.52,0
2020-11-16,4,SAN JUAN DEL RIO,532.28,515.77,16.51,0
2020-11-16,5,SAN JUAN DEL RIO,539.07,522.53,16.55,0
2020-11-16,6,SAN JUAN DEL RIO,547.69,530.75,16.94,0
2020-11-16,7,SAN JUAN DEL RIO,552.07,535.15,16.92,0
2020-11-16,8,SAN JUAN DEL RIO,556.07,539.51,16.56,0
2020-11-16,9,SAN JUAN DEL RIO,546.68,530.03,16.65,0
2020-11-16,10,SAN JUAN DEL RIO,541.33,524.83,16.51,0
2020-11-16,11,SAN JUAN DEL RIO,556.07,538.65,17.43,0
2020-11-16,12,SAN JUAN DEL RIO,567.09,549.09,18.01,0
2020-11-16,13,SAN JUAN DEL RIO,574.15,556,18.15,0
2020-11-16,14,SAN JUAN DEL RIO,573.96,555.9,18.06,0
2020-11-16,15,SAN JUAN DEL RIO,563.64,546.06,17.58,0
2020-11-16,16,SAN JUAN DEL RIO,562.02,544.89,17.14,0
2020-11-16,17,SAN JUAN DEL RIO,567.52,549.86,17.67,0
2020-11-16,18,SAN JUAN DEL RIO,631.05,615.59,15.47,0
2020-11-16,19,SAN JUAN DEL RIO,675.71,631.51,15.89,28.31
2020-11-16,20,SAN JUAN DEL RIO,1075.08,1042.14,32.94,0
2020-11-16,21,SAN JUAN DEL RIO,816.48,796.15,20.33,0
2020-11-16,22,SAN JUAN DEL RIO,668.82,656.6,12.23,0
2020-11-16,23,SAN JUAN DEL RIO,641.63,628.07,13.55,0
2020-11-16,24,SAN JUAN DEL RIO,596.09,584.52,11.58,0
2020-11-16,1,SAN LUIS POTOSI,560.13,575.01,-14.88,0
2020-11-16,2,SAN LUIS POTOSI,528.15,540.96,-12.81,0
2020-11-16,3,SAN LUIS POTOSI,517.83,529.48,-11.65,0
2020-11-16,4,SAN LUIS POTOSI,504.3,515.77,-11.47,0
2020-11-16,5,SAN LUIS POTOSI,510.49,522.53,-12.04,0
2020-11-16,6,SAN LUIS POTOSI,517.82,530.75,-12.93,0
2020-11-16,7,SAN LUIS POTOSI,522.15,535.15,-13,0
2020-11-16,8,SAN LUIS POTOSI,524.92,539.51,-14.59,0
2020-11-16,9,SAN LUIS POTOSI,513.51,530.03,-16.53,0
2020-11-16,10,SAN LUIS POTOSI,507.58,524.83,-17.25,0
2020-11-16,11,SAN LUIS POTOSI,521.78,538.65,-16.87,0
2020-11-16,12,SAN LUIS POTOSI,532.97,549.09,-16.12,0
2020-11-16,13,SAN LUIS POTOSI,539.99,556,-16.01,0
2020-11-16,14,SAN LUIS POTOSI,539.42,555.9,-16.48,0
2020-11-16,15,SAN LUIS POTOSI,531.02,546.06,-15.03,0
2020-11-16,16,SAN LUIS POTOSI,527.61,544.89,-17.28,0
2020-11-16,17,SAN LUIS POTOSI,532.87,549.86,-16.99,0
2020-11-16,18,SAN LUIS POTOSI,598.35,615.59,-17.24,0
2020-11-16,19,SAN LUIS POTOSI,653.05,631.51,-16.78,38.32
2020-11-16,20,SAN LUIS POTOSI,1041.92,1042.14,-27.09,26.87
2020-11-16,21,SAN LUIS POTOSI,779.8,796.15,-21.02,4.67
2020-11-16,22,SAN LUIS POTOSI,640.6,656.6,-15.99,0
2020-11-16,23,SAN LUIS POTOSI,614.41,628.07,-13.66,0
2020-11-16,24,SAN LUIS POTOSI,573.44,584.52,-11.08,0
2020-11-16,1,SAN MARTIN,601.08,575.01,26.07,0
2020-11-16,2,SAN MARTIN,561.94,540.96,20.98,0
2020-11-16,3,SAN MARTIN,548.26,529.48,18.78,0
2020-11-16,4,SAN MARTIN,533.59,515.77,17.82,0
2020-11-16,5,SAN MARTIN,539.89,522.53,17.37,0
2020-11-16,6,SAN MARTIN,548.88,530.75,18.13,0
2020-11-16,7,SAN MARTIN,551.06,535.15,15.91,0
2020-11-16,8,SAN MARTIN,556.48,539.51,16.97,0
2020-11-16,9,SAN MARTIN,547.36,530.03,17.33,0
2020-11-16,10,SAN MARTIN,541.84,524.83,17.01,0
2020-11-16,11,SAN MARTIN,554.17,538.65,15.52,0
2020-11-16,12,SAN MARTIN,567.24,549.09,18.16,0
2020-11-16,13,SAN MARTIN,575.97,556,19.97,0
2020-11-16,14,SAN MARTIN,575.97,555.9,20.07,0
2020-11-16,15,SAN MARTIN,565.12,546.06,19.07,0
2020-11-16,16,SAN MARTIN,563.96,544.89,19.08,0
2020-11-16,17,SAN MARTIN,569.85,549.86,19.99,0
2020-11-16,18,SAN MARTIN,643.05,615.59,27.47,0
2020-11-16,19,SAN MARTIN,1086.56,631.51,29.72,425.34
2020-11-16,20,SAN MARTIN,1070.05,1042.14,44.13,-16.21
2020-11-16,21,SAN MARTIN,827.81,796.15,34.48,-2.82
2020-11-16,22,SAN MARTIN,686.11,656.6,29.51,0
2020-11-16,23,SAN MARTIN,653.54,628.07,25.46,0
2020-11-16,24,SAN MARTIN,606.15,584.52,21.63,0
2020-11-16,1,TAMPICO,549.14,575.01,-25.87,0
2020-11-16,2,TAMPICO,519.39,540.96,-21.57,0
2020-11-16,3,TAMPICO,508.53,529.48,-20.94,0
2020-11-16,4,TAMPICO,495.97,515.77,-19.8,0
2020-11-16,5,TAMPICO,502.24,522.53,-20.28,0
2020-11-16,6,TAMPICO,509.09,530.75,-21.66,0
2020-11-16,7,TAMPICO,513.05,535.15,-22.11,0
2020-11-16,8,TAMPICO,516.31,539.51,-23.2,0
2020-11-16,9,TAMPICO,507.56,530.03,-22.47,0
2020-11-16,10,TAMPICO,503.57,524.83,-21.25,0
2020-11-16,11,TAMPICO,514.12,538.65,-24.52,0
2020-11-16,12,TAMPICO,524.4,549.09,-24.68,0
2020-11-16,13,TAMPICO,530.51,556,-25.49,0
2020-11-16,14,TAMPICO,531.33,555.9,-24.57,0
2020-11-16,15,TAMPICO,523.1,546.06,-22.96,0
2020-11-16,16,TAMPICO,521.47,544.89,-23.41,0
2020-11-16,17,TAMPICO,524.75,549.86,-25.1,0
2020-11-16,18,TAMPICO,579.4,615.59,-36.19,0
2020-11-16,19,TAMPICO,635.34,631.51,-43.72,47.55
2020-11-16,20,TAMPICO,912.9,1042.14,-71.31,-57.92
2020-11-16,21,TAMPICO,730.98,796.15,-55.09,-10.08
2020-11-16,22,TAMPICO,613.32,656.6,-43.27,0
2020-11-16,23,TAMPICO,589.47,628.07,-38.6,0
2020-11-16,24,TAMPICO,552.46,584.52,-32.05,0
2020-11-16,1,TAPACHULA,625.87,575.01,50.86,0
2020-11-16,2,TAPACHULA,580.09,540.96,39.14,0
2020-11-16,3,TAPACHULA,561.32,529.48,31.84,0
2020-11-16,4,TAPACHULA,544.75,515.77,28.98,0
2020-11-16,5,TAPACHULA,550.06,522.53,27.53,0
2020-11-16,6,TAPACHULA,558.98,530.75,28.23,0
2020-11-16,7,TAPACHULA,555.6,535.15,20.45,0
2020-11-16,8,TAPACHULA,563.56,539.51,24.05,0
2020-11-16,9,TAPACHULA,552.86,530.03,22.83,0
2020-11-16,10,TAPACHULA,543.09,524.83,18.27,0
2020-11-16,11,TAPACHULA,548.84,538.65,10.19,0
2020-11-16,12,TAPACHULA,564.72,549.09,15.63,0
2020-11-16,13,TAPACHULA,576.25,556,20.25,0
2020-11-16,14,TAPACHULA,579.07,555.9,23.17,0
2020-11-16,15,TAPACHULA,566.22,546.06,20.16,0
2020-11-16,16,TAPACHULA,561.96,544.89,17.07,0
2020-11-16,17,TAPACHULA,570.55,549.86,20.69,0
2020-11-16,18,TAPACHULA,657.93,615.59,42.35,0
2020-11-16,19,TAPACHULA,1025.06,631.51,43.01,350.55
2020-11-16,20,TAPACHULA,1077.13,1042.14,52.46,-17.46
2020-11-16,21,TAPACHULA,831.68,796.15,38.57,-3.04
2020-11-16,22,TAPACHULA,697.04,656.6,40.45,0
2020-11-16,23,TAPACHULA,670.69,628.07,42.62,0
2020-11-16,24,TAPACHULA,625.43,584.52,40.92,0
2020-11-16,1,TECAMACHALCO,604.92,575.01,29.91,0
2020-11-16,2,TECAMACHALCO,565.15,540.96,24.19,0
2020-11-16,3,TECAMACHALCO,551.35,529.48,21.87,0
2020-11-16,4,TECAMACHALCO,536.37,515.77,20.6,0
2020-11-16,5,TECAMACHALCO,542.56,522.53,20.04,0
2020-11-16,6,TECAMACHALCO,552.16,530.75,21.42,0
2020-11-16,7,TECAMACHALCO,554.06,535.15,18.91,0
2020-11-16,8,TECAMACHALCO,559.24,539.51,19.73,0
2020-11-16,9,TECAMACHALCO,550.67,530.03,20.63,0
2020-11-16,10,TECAMACHALCO,544.24,524.83,19.41,0
2020-11-16,11,TECAMACHALCO,555.22,538.65,16.58,0
2020-11-16,12,TECAMACHALCO,568.63,549.09,19.54,0
2020-11-16,13,TECAMACHALCO,577.96,556,21.96,0
2020-11-16,14,TECAMACHALCO,578.43,555.9,22.53,0
2020-11-16,15,TECAMACHALCO,567.13,546.06,21.07,0
2020-11-16,16,TECAMACHALCO,565.33,544.89,20.45,0
2020-11-16,17,TECAMACHALCO,572.05,549.86,22.19,0
2020-11-16,18,TECAMACHALCO,648.84,615.59,33.25,0
2020-11-16,19,TECAMACHALCO,1017.49,631.51,35.71,350.26
2020-11-16,20,TECAMACHALCO,1075.05,1042.14,50.25,-17.34
2020-11-16,21,TECAMACHALCO,831.4,796.15,38.27,-3.02
2020-11-16,22,TECAMACHALCO,688.79,656.6,32.2,0
2020-11-16,23,TECAMACHALCO,655.02,628.07,26.94,0
2020-11-16,24,TECAMACHALCO,608.08,584.52,23.56,0
2020-11-16,1,TEHUACAN,619.53,575.01,44.52,0
2020-11-16,2,TEHUACAN,577.93,540.96,36.97,0
2020-11-16,3,TEHUACAN,562.71,529.48,33.24,0
2020-11-16,4,TEHUACAN,547.15,515.77,31.38,0
2020-11-16,5,TEHUACAN,553.57,522.53,31.04,0
2020-11-16,6,TEHUACAN,563.2,530.75,32.46,0
2020-11-16,7,TEHUACAN,564.88,535.15,29.73,0
2020-11-16,8,TEHUACAN,571.76,539.51,32.25,0
2020-11-16,9,TEHUACAN,562.94,530.03,32.91,0
2020-11-16,10,TEHUACAN,556.1,524.83,31.27,0
2020-11-16,11,TEHUACAN,566.59,538.65,27.94,0
2020-11-16,12,TEHUACAN,580.2,549.09,31.11,0
2020-11-16,13,TEHUACAN,590.34,556,34.34,0
2020-11-16,14,TEHUACAN,589.87,555.9,33.97,0
2020-11-16,15,TEHUACAN,578.33,546.06,32.28,0
2020-11-16,16,TEHUACAN,575.53,544.89,30.65,0
2020-11-16,17,TEHUACAN,582.31,549.86,32.45,0
2020-11-16,18,TEHUACAN,661.21,615.59,45.62,0
2020-11-16,19,TEHUACAN,1048.44,631.51,49.75,367.18
2020-11-16,20,TEHUACAN,1097.11,1042.14,72.18,-17.21
2020-11-16,21,TEHUACAN,848.5,796.15,55.34,-2.99
2020-11-16,22,TEHUACAN,705.4,656.6,48.81,0
2020-11-16,23,TEHUACAN,670.33,628.07,42.26,0
2020-11-16,24,TEHUACAN,621.88,584.52,37.36,0
2020-11-16,1,TEHUANTEPEC,594.46,575.01,19.45,0
2020-11-16,2,TEHUANTEPEC,548.3,540.96,7.34,0
2020-11-16,3,TEHUANTEPEC,525.16,529.48,-4.31,0
2020-11-16,4,TEHUANTEPEC,508.92,515.77,-6.85,0
2020-11-16,5,TEHUANTEPEC,515.84,522.53,-6.69,0
2020-11-16,6,TEHUANTEPEC,523.69,530.75,-7.06,0
2020-11-16,7,TEHUANTEPEC,521.65,535.15,-13.5,0
2020-11-16,8,TEHUANTEPEC,536.52,539.51,-2.98,0
2020-11-16,9,TEHUANTEPEC,522.77,530.03,-7.26,0
2020-11-16,10,TEHUANTEPEC,509.75,524.83,-15.08,0
2020-11-16,11,TEHUANTEPEC,511.19,538.65,-27.46,0
2020-11-16,12,TEHUANTEPEC,525.74,549.09,-23.35,0
2020-11-16,13,TEHUANTEPEC,537.23,556,-18.78,0
2020-11-16,14,TEHUANTEPEC,539.79,555.9,-16.11,0
2020-11-16,15,TEHUANTEPEC,527.96,546.06,-18.09,0
2020-11-16,16,TEHUANTEPEC,531.04,544.89,-13.84,0
2020-11-16,17,TEHUANTEPEC,537.88,549.86,-11.98,0
2020-11-16,18,TEHUANTEPEC,618.87,615.59,3.28,0
2020-11-16,19,TEHUANTEPEC,988.78,631.51,8.48,348.78
2020-11-16,20,TEHUANTEPEC,1022.52,1042.14,-2.24,-17.38
2020-11-16,21,TEHUANTEPEC,796.21,796.15,3.08,-3.02
2020-11-16,22,TEHUANTEPEC,667.14,656.6,10.54,0
2020-11-16,23,TEHUANTEPEC,638.52,628.07,10.45,0
2020-11-16,24,TEHUANTEPEC,586.95,584.52,2.44,0
2020-11-16,1,TEPIC VALLARTA,576.71,575.01,1.69,0
2020-11-16,2,TEPIC VALLARTA,541.13,540.96,.17,0
2020-11-16,3,TEPIC VALLARTA,527.87,529.48,-1.61,0
2020-11-16,4,TEPIC VALLARTA,515.04,515.77,-.73,0
2020-11-16,5,TEPIC VALLARTA,519.72,522.53,-2.81,0
2020-11-16,6,TEPIC VALLARTA,527.46,530.75,-3.29,0
2020-11-16,7,TEPIC VALLARTA,533.46,535.15,-1.69,0
2020-11-16,8,TEPIC VALLARTA,536.28,539.51,-3.22,0
2020-11-16,9,TEPIC VALLARTA,522.57,530.03,-7.47,0
2020-11-16,10,TEPIC VALLARTA,513.41,524.83,-11.42,0
2020-11-16,11,TEPIC VALLARTA,526.22,538.65,-12.43,0
2020-11-16,12,TEPIC VALLARTA,538.63,549.09,-10.46,0
2020-11-16,13,TEPIC VALLARTA,546.71,556,-9.29,0
2020-11-16,14,TEPIC VALLARTA,546.89,555.9,-9,0
2020-11-16,15,TEPIC VALLARTA,539.79,546.06,-6.27,0
2020-11-16,16,TEPIC VALLARTA,540.15,544.89,-4.74,0
2020-11-16,17,TEPIC VALLARTA,548.19,549.86,-1.66,0
2020-11-16,18,TEPIC VALLARTA,612.84,615.59,-2.75,0
2020-11-16,19,TEPIC VALLARTA,676.35,631.51,-2.81,47.66
2020-11-16,20,TEPIC VALLARTA,1024.51,1042.14,7.74,-25.37
2020-11-16,21,TEPIC VALLARTA,799.22,796.15,7.48,-4.41
2020-11-16,22,TEPIC VALLARTA,666.2,656.6,9.61,0
2020-11-16,23,TEPIC VALLARTA,644.11,628.07,16.04,0
2020-11-16,24,TEPIC VALLARTA,597.45,584.52,12.93,0
2020-11-16,1,TEZIUTLAN,594.11,575.01,19.09,0
2020-11-16,2,TEZIUTLAN,557.6,540.96,16.64,0
2020-11-16,3,TEZIUTLAN,544.16,529.48,14.68,0
2020-11-16,4,TEZIUTLAN,528.75,515.77,12.98,0
2020-11-16,5,TEZIUTLAN,534.56,522.53,12.04,0
2020-11-16,6,TEZIUTLAN,544.11,530.75,13.37,0
2020-11-16,7,TEZIUTLAN,547.21,535.15,12.06,0
2020-11-16,8,TEZIUTLAN,550.33,539.51,10.82,0
2020-11-16,9,TEZIUTLAN,541.79,530.03,11.75,0
2020-11-16,10,TEZIUTLAN,534.97,524.83,10.15,0
2020-11-16,11,TEZIUTLAN,546.12,538.65,7.47,0
2020-11-16,12,TEZIUTLAN,558.7,549.09,9.61,0
2020-11-16,13,TEZIUTLAN,567.26,556,11.26,0
2020-11-16,14,TEZIUTLAN,570.59,555.9,14.7,0
2020-11-16,15,TEZIUTLAN,559.99,546.06,13.94,0
2020-11-16,16,TEZIUTLAN,559.52,544.89,14.63,0
2020-11-16,17,TEZIUTLAN,566.28,549.86,16.42,0
2020-11-16,18,TEZIUTLAN,639.36,615.59,23.78,0
2020-11-16,19,TEZIUTLAN,839.95,631.51,22.52,185.93
2020-11-16,20,TEZIUTLAN,1054.25,1042.14,36.17,-24.06
2020-11-16,21,TEZIUTLAN,818.15,796.15,26.19,-4.19
2020-11-16,22,TEZIUTLAN,672.86,656.6,16.27,0
2020-11-16,23,TEZIUTLAN,639.93,628.07,11.86,0
2020-11-16,24,TEZIUTLAN,597.03,584.52,12.52,0
2020-11-16,1,TICUL,651.6,575.01,76.59,0
2020-11-16,2,TICUL,605.14,540.96,64.18,0
2020-11-16,3,TICUL,587.34,529.48,57.86,0
2020-11-16,4,TICUL,569.04,515.77,53.27,0
2020-11-16,5,TICUL,568.31,522.53,45.79,0
2020-11-16,6,TICUL,577.08,530.75,46.33,0
2020-11-16,7,TICUL,570.85,535.15,35.7,0
2020-11-16,8,TICUL,579.61,539.51,40.1,0
2020-11-16,9,TICUL,571.9,530.03,41.86,0
2020-11-16,10,TICUL,561.48,524.83,36.66,0
2020-11-16,11,TICUL,568.79,538.65,30.15,0
2020-11-16,12,TICUL,579.35,549.09,30.26,0
2020-11-16,13,TICUL,591.54,556,35.54,0
2020-11-16,14,TICUL,591.86,555.9,35.96,0
2020-11-16,15,TICUL,585,546.06,38.95,0
2020-11-16,16,TICUL,582.01,544.89,37.13,0
2020-11-16,17,TICUL,588.72,549.86,38.86,0
2020-11-16,18,TICUL,673.04,615.59,57.46,0
2020-11-16,19,TICUL,1047.72,631.51,65.59,350.62
2020-11-16,20,TICUL,1111.81,1042.14,87.14,-17.47
2020-11-16,21,TICUL,858.71,796.15,65.61,-3.04
2020-11-16,22,TICUL,722.48,656.6,65.89,0
2020-11-16,23,TICUL,686.1,628.07,58.03,0
2020-11-16,24,TICUL,640.42,584.52,55.91,0
2020-11-16,1,TLAXCALA,600.45,575.01,25.44,0
2020-11-16,2,TLAXCALA,562.28,540.96,21.32,0
2020-11-16,3,TLAXCALA,548.69,529.48,19.21,0
2020-11-16,4,TLAXCALA,533.84,515.77,18.07,0
2020-11-16,5,TLAXCALA,539.71,522.53,17.18,0
2020-11-16,6,TLAXCALA,549.21,530.75,18.46,0
2020-11-16,7,TLAXCALA,551.81,535.15,16.66,0
2020-11-16,8,TLAXCALA,556.13,539.51,16.62,0
2020-11-16,9,TLAXCALA,546.33,530.03,16.3,0
2020-11-16,10,TLAXCALA,539.86,524.83,15.04,0
2020-11-16,11,TLAXCALA,551.54,538.65,12.89,0
2020-11-16,12,TLAXCALA,564.63,549.09,15.54,0
2020-11-16,13,TLAXCALA,573.44,556,17.44,0
2020-11-16,14,TLAXCALA,574.48,555.9,18.59,0
2020-11-16,15,TLAXCALA,563.59,546.06,17.53,0
2020-11-16,16,TLAXCALA,562.85,544.89,17.97,0
2020-11-16,17,TLAXCALA,569.9,549.86,20.04,0
2020-11-16,18,TLAXCALA,644.46,615.59,28.87,0
2020-11-16,19,TLAXCALA,1017.33,631.51,31.44,354.38
2020-11-16,20,TLAXCALA,1072.58,1042.14,47.74,-17.29
2020-11-16,21,TLAXCALA,829.74,796.15,36.6,-3.01
2020-11-16,22,TLAXCALA,685.18,656.6,28.59,0
2020-11-16,23,TLAXCALA,652.16,628.07,24.08,0
2020-11-16,24,TLAXCALA,606.09,584.52,21.57,0
2020-11-16,1,TUXTLA,621.48,575.01,46.47,0
2020-11-16,2,TUXTLA,576.68,540.96,35.72,0
2020-11-16,3,TUXTLA,558.89,529.48,29.41,0
2020-11-16,4,TUXTLA,542.63,515.77,26.86,0
2020-11-16,5,TUXTLA,547.61,522.53,25.09,0
2020-11-16,6,TUXTLA,556.57,530.75,25.82,0
2020-11-16,7,TUXTLA,553.58,535.15,18.43,0
2020-11-16,8,TUXTLA,560.69,539.51,21.18,0
2020-11-16,9,TUXTLA,550.15,530.03,20.12,0
2020-11-16,10,TUXTLA,541.01,524.83,16.19,0
2020-11-16,11,TUXTLA,548.67,538.65,10.02,0
2020-11-16,12,TUXTLA,562.88,549.09,13.79,0
2020-11-16,13,TUXTLA,573.24,556,17.24,0
2020-11-16,14,TUXTLA,575.11,555.9,19.22,0
2020-11-16,15,TUXTLA,562.34,546.06,16.29,0
2020-11-16,16,TUXTLA,557.41,544.89,12.53,0
2020-11-16,17,TUXTLA,564.92,549.86,15.06,0
2020-11-16,18,TUXTLA,648.11,615.59,32.53,0
2020-11-16,19,TUXTLA,1016.04,631.51,33.97,350.57
2020-11-16,20,TUXTLA,1060.61,1042.14,35.93,-17.46
2020-11-16,21,TUXTLA,821,796.15,27.89,-3.04
2020-11-16,22,TUXTLA,690.9,656.6,34.3,0
2020-11-16,23,TUXTLA,663.66,628.07,35.59,0
2020-11-16,24,TUXTLA,619.24,584.52,34.73,0
2020-11-16,1,URUAPAN,592.82,575.01,17.81,0
2020-11-16,2,URUAPAN,554.45,540.96,13.49,0
2020-11-16,3,URUAPAN,539.9,529.48,10.43,0
2020-11-16,4,URUAPAN,525.28,515.77,9.51,0
2020-11-16,5,URUAPAN,532.3,522.53,9.77,0
2020-11-16,6,URUAPAN,542.01,530.75,11.26,0
2020-11-16,7,URUAPAN,548.75,535.15,13.6,0
2020-11-16,8,URUAPAN,555.91,539.51,16.4,0
2020-11-16,9,URUAPAN,546.41,530.03,16.37,0
2020-11-16,10,URUAPAN,541.6,524.83,16.77,0
2020-11-16,11,URUAPAN,556.59,538.65,17.94,0
2020-11-16,12,URUAPAN,568.98,549.09,19.89,0
2020-11-16,13,URUAPAN,577.37,556,21.37,0
2020-11-16,14,URUAPAN,577.03,555.9,21.14,0
2020-11-16,15,URUAPAN,566.52,546.06,20.46,0
2020-11-16,16,URUAPAN,566.3,544.89,21.41,0
2020-11-16,17,URUAPAN,571.69,549.86,21.83,0
2020-11-16,18,URUAPAN,642.21,615.59,26.62,0
2020-11-16,19,URUAPAN,716.2,631.51,29.33,55.37
2020-11-16,20,URUAPAN,1105.36,1042.14,49.12,14.11
2020-11-16,21,URUAPAN,837.86,796.15,39.26,2.45
2020-11-16,22,URUAPAN,689.8,656.6,33.21,0
2020-11-16,23,URUAPAN,658.26,628.07,30.19,0
2020-11-16,24,URUAPAN,608.58,584.52,24.07,0
2020-11-16,1,VDM CENTRO,605.76,575.01,30.75,0
2020-11-16,2,VDM CENTRO,566.52,540.96,25.56,0
2020-11-16,3,VDM CENTRO,552.6,529.48,23.12,0
2020-11-16,4,VDM CENTRO,537.85,515.77,22.08,0
2020-11-16,5,VDM CENTRO,544.28,522.53,21.75,0
2020-11-16,6,VDM CENTRO,553.5,530.75,22.75,0
2020-11-16,7,VDM CENTRO,556.99,535.15,21.84,0
2020-11-16,8,VDM CENTRO,562.34,539.51,22.83,0
2020-11-16,9,VDM CENTRO,553.89,530.03,23.86,0
2020-11-16,10,VDM CENTRO,549.39,524.83,24.56,0
2020-11-16,11,VDM CENTRO,563.03,538.65,24.39,0
2020-11-16,12,VDM CENTRO,576.09,549.09,27,0
2020-11-16,13,VDM CENTRO,584.77,556,28.77,0
2020-11-16,14,VDM CENTRO,584.64,555.9,28.74,0
2020-11-16,15,VDM CENTRO,573.88,546.06,27.83,0
2020-11-16,16,VDM CENTRO,573.19,544.89,28.31,0
2020-11-16,17,VDM CENTRO,578.9,549.86,29.04,0
2020-11-16,18,VDM CENTRO,651.76,615.59,36.18,0
2020-11-16,19,VDM CENTRO,920.66,631.51,38.85,250.31
2020-11-16,20,VDM CENTRO,1088.76,1042.14,60.06,-13.43
2020-11-16,21,VDM CENTRO,840.74,796.15,46.93,-2.34
2020-11-16,22,VDM CENTRO,694.92,656.6,38.32,0
2020-11-16,23,VDM CENTRO,661.68,628.07,33.61,0
2020-11-16,24,VDM CENTRO,612.51,584.52,28,0
2020-11-16,1,VDM NORTE,604.01,575.01,29,0
2020-11-16,2,VDM NORTE,565.21,540.96,24.25,0
2020-11-16,3,VDM NORTE,551.49,529.48,22.01,0
2020-11-16,4,VDM NORTE,536.87,515.77,21.1,0
2020-11-16,5,VDM NORTE,543.35,522.53,20.82,0
2020-11-16,6,VDM NORTE,552.48,530.75,21.74,0
2020-11-16,7,VDM NORTE,555.95,535.15,20.8,0
2020-11-16,8,VDM NORTE,561.09,539.51,21.58,0
2020-11-16,9,VDM NORTE,552.56,530.03,22.52,0
2020-11-16,10,VDM NORTE,547.94,524.83,23.11,0
2020-11-16,11,VDM NORTE,561.34,538.65,22.69,0
2020-11-16,12,VDM NORTE,574.18,549.09,25.09,0
2020-11-16,13,VDM NORTE,582.73,556,26.73,0
2020-11-16,14,VDM NORTE,582.62,555.9,26.72,0
2020-11-16,15,VDM NORTE,571.9,546.06,25.84,0
2020-11-16,16,VDM NORTE,571.18,544.89,26.3,0
2020-11-16,17,VDM NORTE,576.74,549.86,26.88,0
2020-11-16,18,VDM NORTE,648.92,615.59,33.33,0
2020-11-16,19,VDM NORTE,846.37,631.51,35.26,179.6
2020-11-16,20,VDM NORTE,1083.19,1042.14,54.12,-13.07
2020-11-16,21,VDM NORTE,836.54,796.15,42.66,-2.27
2020-11-16,22,VDM NORTE,691.37,656.6,34.77,0
2020-11-16,23,VDM NORTE,659.21,628.07,31.14,0
2020-11-16,24,VDM NORTE,610.53,584.52,26.02,0
2020-11-16,1,VDM SUR,608.57,575.01,33.56,0
2020-11-16,2,VDM SUR,569.16,540.96,28.2,0
2020-11-16,3,VDM SUR,555.33,529.48,25.86,0
2020-11-16,4,VDM SUR,540.51,515.77,24.73,0
2020-11-16,5,VDM SUR,547.04,522.53,24.51,0
2020-11-16,6,VDM SUR,556.34,530.75,25.6,0
2020-11-16,7,VDM SUR,559.91,535.15,24.76,0
2020-11-16,8,VDM SUR,565.13,539.51,25.62,0
2020-11-16,9,VDM SUR,556.61,530.03,26.57,0
2020-11-16,10,VDM SUR,551.97,524.83,27.14,0
2020-11-16,11,VDM SUR,565.62,538.65,26.98,0
2020-11-16,12,VDM SUR,578.63,549.09,29.54,0
2020-11-16,13,VDM SUR,587.32,556,31.32,0
2020-11-16,14,VDM SUR,587.12,555.9,31.22,0
2020-11-16,15,VDM SUR,576.3,546.06,30.25,0
2020-11-16,16,VDM SUR,575.63,544.89,30.75,0
2020-11-16,17,VDM SUR,581.17,549.86,31.31,0
2020-11-16,18,VDM SUR,654.44,615.59,38.85,0
2020-11-16,19,VDM SUR,926.25,631.51,41.75,252.99
2020-11-16,20,VDM SUR,1093.67,1042.14,64.5,-12.97
2020-11-16,21,VDM SUR,844.33,796.15,50.44,-2.26
2020-11-16,22,VDM SUR,698.02,656.6,41.42,0
2020-11-16,23,VDM SUR,664.71,628.07,36.64,0
2020-11-16,24,VDM SUR,615.4,584.52,30.89,0
2020-11-16,1,VERACRUZ,606.56,575.01,31.55,0
2020-11-16,2,VERACRUZ,565.75,540.96,24.79,0
2020-11-16,3,VERACRUZ,547.49,529.48,18.02,0
2020-11-16,4,VERACRUZ,531.55,515.77,15.78,0
2020-11-16,5,VERACRUZ,537.45,522.53,14.92,0
2020-11-16,6,VERACRUZ,546.14,530.75,15.39,0
2020-11-16,7,VERACRUZ,546.45,535.15,11.3,0
2020-11-16,8,VERACRUZ,551.92,539.51,12.41,0
2020-11-16,9,VERACRUZ,542.57,530.03,12.54,0
2020-11-16,10,VERACRUZ,535.99,524.83,11.17,0
2020-11-16,11,VERACRUZ,546.47,538.65,7.82,0
2020-11-16,12,VERACRUZ,560.17,549.09,11.08,0
2020-11-16,13,VERACRUZ,569.31,556,13.31,0
2020-11-16,14,VERACRUZ,570.97,555.9,15.07,0
2020-11-16,15,VERACRUZ,559.69,546.06,13.63,0
2020-11-16,16,VERACRUZ,557.72,544.89,12.84,0
2020-11-16,17,VERACRUZ,562.93,549.86,13.07,0
2020-11-16,18,VERACRUZ,637.81,615.59,22.23,0
2020-11-16,19,VERACRUZ,951.38,631.51,23.47,296.4
2020-11-16,20,VERACRUZ,1053.35,1042.14,30.8,-19.6
2020-11-16,21,VERACRUZ,817.2,796.15,24.47,-3.41
2020-11-16,22,VERACRUZ,679.74,656.6,23.14,0
2020-11-16,23,VERACRUZ,648.8,628.07,20.73,0
2020-11-16,24,VERACRUZ,602.57,584.52,18.06,0
2020-11-16,1,VICTORIA,529.91,575.01,-45.11,0
2020-11-16,2,VICTORIA,502.68,540.96,-38.28,0
2020-11-16,3,VICTORIA,492.51,529.48,-36.97,0
2020-11-16,4,VICTORIA,479.78,515.77,-35.99,0
2020-11-16,5,VICTORIA,487.38,522.53,-35.14,0
2020-11-16,6,VICTORIA,494.68,530.75,-36.07,0
2020-11-16,7,VICTORIA,499.44,535.15,-35.71,0
2020-11-16,8,VICTORIA,502.61,539.51,-36.9,0
2020-11-16,9,VICTORIA,493.36,530.03,-36.67,0
2020-11-16,10,VICTORIA,488.73,524.83,-36.1,0
2020-11-16,11,VICTORIA,498.43,538.65,-40.22,0
2020-11-16,12,VICTORIA,508.59,549.09,-40.5,0
2020-11-16,13,VICTORIA,514.96,556,-41.04,0
2020-11-16,14,VICTORIA,515.8,555.9,-40.1,0
2020-11-16,15,VICTORIA,508.18,546.06,-37.88,0
2020-11-16,16,VICTORIA,506.26,544.89,-38.63,0
2020-11-16,17,VICTORIA,508.11,549.86,-41.75,0
2020-11-16,18,VICTORIA,557.7,615.59,-57.89,0
2020-11-16,19,VICTORIA,593.49,631.51,-62.49,24.47
2020-11-16,20,VICTORIA,755.95,1042.14,-101.45,-184.75
2020-11-16,21,VICTORIA,686.45,796.15,-77.58,-32.11
2020-11-16,22,VICTORIA,595.99,656.6,-60.61,0
2020-11-16,23,VICTORIA,573.04,628.07,-55.03,0
2020-11-16,24,VICTORIA,538.56,584.52,-45.96,0
2020-11-16,1,VILLAHERMOSA,617.67,575.01,42.66,0
2020-11-16,2,VILLAHERMOSA,572.65,540.96,31.69,0
2020-11-16,3,VILLAHERMOSA,554.6,529.48,25.12,0
2020-11-16,4,VILLAHERMOSA,537.73,515.77,21.96,0
2020-11-16,5,VILLAHERMOSA,541.29,522.53,18.76,0
2020-11-16,6,VILLAHERMOSA,549.64,530.75,18.89,0
2020-11-16,7,VILLAHERMOSA,545.75,535.15,10.6,0
2020-11-16,8,VILLAHERMOSA,552.76,539.51,13.26,0
2020-11-16,9,VILLAHERMOSA,542.93,530.03,12.9,0
2020-11-16,10,VILLAHERMOSA,533.81,524.83,8.99,0
2020-11-16,11,VILLAHERMOSA,541.58,538.65,2.93,0
2020-11-16,12,VILLAHERMOSA,555.31,549.09,6.22,0
2020-11-16,13,VILLAHERMOSA,565.84,556,9.84,0
2020-11-16,14,VILLAHERMOSA,567.62,555.9,11.72,0
2020-11-16,15,VILLAHERMOSA,555.58,546.06,9.52,0
2020-11-16,16,VILLAHERMOSA,550.4,544.89,5.51,0
2020-11-16,17,VILLAHERMOSA,557.42,549.86,7.56,0
2020-11-16,18,VILLAHERMOSA,639.23,615.59,23.64,0
2020-11-16,19,VILLAHERMOSA,1009.96,631.51,27.83,350.62
2020-11-16,20,VILLAHERMOSA,1050.63,1042.14,25.96,-17.47
2020-11-16,21,VILLAHERMOSA,813.94,796.15,20.83,-3.04
2020-11-16,22,VILLAHERMOSA,686.09,656.6,29.5,0
2020-11-16,23,VILLAHERMOSA,657.35,628.07,29.28,0
2020-11-16,24,VILLAHERMOSA,613.85,584.52,29.34,0
2020-11-16,1,XALAPA,599.71,575.01,24.7,0
2020-11-16,2,XALAPA,563.15,540.96,22.19,0
2020-11-16,3,XALAPA,547.93,529.48,18.45,0
2020-11-16,4,XALAPA,532.69,515.77,16.92,0
2020-11-16,5,XALAPA,537.18,522.53,14.65,0
2020-11-16,6,XALAPA,547.99,530.75,17.25,0
2020-11-16,7,XALAPA,550.87,535.15,15.72,0
2020-11-16,8,XALAPA,554.08,539.51,14.57,0
2020-11-16,9,XALAPA,545.83,530.03,15.8,0
2020-11-16,10,XALAPA,538.48,524.83,13.66,0
2020-11-16,11,XALAPA,549.21,538.65,10.56,0
2020-11-16,12,XALAPA,562.49,549.09,13.4,0
2020-11-16,13,XALAPA,571.48,556,15.48,0
2020-11-16,14,XALAPA,574.95,555.9,19.06,0
2020-11-16,15,XALAPA,563.73,546.06,17.68,0
2020-11-16,16,XALAPA,563.22,544.89,18.34,0
2020-11-16,17,XALAPA,570.72,549.86,20.86,0
2020-11-16,18,XALAPA,645.62,615.59,30.03,0
2020-11-16,19,XALAPA,872.88,631.51,31.14,210.23
2020-11-16,20,XALAPA,1069.42,1042.14,50.35,-23.07
2020-11-16,21,XALAPA,829.54,796.15,37.41,-4.01
2020-11-16,22,XALAPA,680.98,656.6,24.39,0
2020-11-16,23,XALAPA,646.63,628.07,18.56,0
2020-11-16,24,XALAPA,603.64,584.52,19.13,0
2020-11-16,1,ZACAPU,591.25,575.01,16.24,0
2020-11-16,2,ZACAPU,553.46,540.96,12.5,0
2020-11-16,3,ZACAPU,539.33,529.48,9.85,0
2020-11-16,4,ZACAPU,524.98,515.77,9.21,0
2020-11-16,5,ZACAPU,532.18,522.53,9.65,0
2020-11-16,6,ZACAPU,541.89,530.75,11.14,0
2020-11-16,7,ZACAPU,548.41,535.15,13.25,0
2020-11-16,8,ZACAPU,554.63,539.51,15.12,0
2020-11-16,9,ZACAPU,544.46,530.03,14.42,0
2020-11-16,10,ZACAPU,539.3,524.83,14.47,0
2020-11-16,11,ZACAPU,553.24,538.65,14.59,0
2020-11-16,12,ZACAPU,565.17,549.09,16.09,0
2020-11-16,13,ZACAPU,572.77,556,16.77,0
2020-11-16,14,ZACAPU,572.26,555.9,16.36,0
2020-11-16,15,ZACAPU,562.03,546.06,15.98,0
2020-11-16,16,ZACAPU,561.42,544.89,16.54,0
2020-11-16,17,ZACAPU,566.97,549.86,17.11,0
2020-11-16,18,ZACAPU,637.22,615.59,21.63,0
2020-11-16,19,ZACAPU,709.36,631.51,23.53,54.32
2020-11-16,20,ZACAPU,1094.89,1042.14,38.2,14.55
2020-11-16,21,ZACAPU,830.22,796.15,31.55,2.53
2020-11-16,22,ZACAPU,683.86,656.6,27.26,0
2020-11-16,23,ZACAPU,653.52,628.07,25.45,0
2020-11-16,24,ZACAPU,604.96,584.52,20.44,0
2020-11-16,1,ZACATECAS,578.45,575.01,3.43,0
2020-11-16,2,ZACATECAS,543.54,540.96,2.58,0
2020-11-16,3,ZACATECAS,531.46,529.48,1.98,0
2020-11-16,4,ZACATECAS,518.19,515.77,2.42,0
2020-11-16,5,ZACATECAS,524.55,522.53,2.02,0
2020-11-16,6,ZACATECAS,533.79,530.75,3.04,0
2020-11-16,7,ZACATECAS,540.06,535.15,4.91,0
2020-11-16,8,ZACATECAS,543.03,539.51,3.53,0
2020-11-16,9,ZACATECAS,529.89,530.03,-.15,0
2020-11-16,10,ZACATECAS,523.6,524.83,-1.22,0
2020-11-16,11,ZACATECAS,537.12,538.65,-1.53,0
2020-11-16,12,ZACATECAS,547.74,549.09,-1.35,0
2020-11-16,13,ZACATECAS,554.19,556,-1.81,0
2020-11-16,14,ZACATECAS,553.99,555.9,-1.91,0
2020-11-16,15,ZACATECAS,544.16,546.06,-1.89,0
2020-11-16,16,ZACATECAS,542.93,544.89,-1.96,0
2020-11-16,17,ZACATECAS,549.3,549.86,-.56,0
2020-11-16,18,ZACATECAS,620.11,615.59,4.53,0
2020-11-16,19,ZACATECAS,685.31,631.51,10.12,43.68
2020-11-16,20,ZACATECAS,1110.18,1042.14,20.23,47.81
2020-11-16,21,ZACATECAS,819.57,796.15,15.13,8.3
2020-11-16,22,ZACATECAS,669.33,656.6,12.73,0
2020-11-16,23,ZACATECAS,639.5,628.07,11.43,0
2020-11-16,24,ZACATECAS,593.23,584.52,8.71,0
2020-11-16,1,ZAMORA,591.48,575.01,16.47,0
2020-11-16,2,ZAMORA,553.68,540.96,12.72,0
2020-11-16,3,ZAMORA,539.49,529.48,10.01,0
2020-11-16,4,ZAMORA,525.43,515.77,9.66,0
2020-11-16,5,ZAMORA,532.4,522.53,9.87,0
2020-11-16,6,ZAMORA,542.02,530.75,11.28,0
2020-11-16,7,ZAMORA,549.13,535.15,13.98,0
2020-11-16,8,ZAMORA,555.7,539.51,16.19,0
2020-11-16,9,ZAMORA,545.7,530.03,15.67,0
2020-11-16,10,ZAMORA,540.05,524.83,15.22,0
2020-11-16,11,ZAMORA,554.16,538.65,15.51,0
2020-11-16,12,ZAMORA,566.33,549.09,17.24,0
2020-11-16,13,ZAMORA,574.79,556,18.79,0
2020-11-16,14,ZAMORA,574.23,555.9,18.34,0
2020-11-16,15,ZAMORA,563.73,546.06,17.68,0
2020-11-16,16,ZAMORA,563.25,544.89,18.36,0
2020-11-16,17,ZAMORA,569.13,549.86,19.27,0
2020-11-16,18,ZAMORA,639.48,615.59,23.9,0
2020-11-16,19,ZAMORA,711.75,631.51,25.49,54.75
2020-11-16,20,ZAMORA,1099.74,1042.14,41.99,15.61
2020-11-16,21,ZAMORA,832.73,796.15,33.87,2.71
2020-11-16,22,ZAMORA,685.83,656.6,29.23,0
2020-11-16,23,ZAMORA,656.01,628.07,27.94,0
2020-11-16,24,ZAMORA,607.52,584.52,23.01,0
2020-11-16,1,ZAPOTLAN,581.78,575.01,6.77,0
2020-11-16,2,ZAPOTLAN,544.98,540.96,4.02,0
2020-11-16,3,ZAPOTLAN,531.25,529.48,1.77,0
2020-11-16,4,ZAPOTLAN,517.65,515.77,1.88,0
2020-11-16,5,ZAPOTLAN,523.68,522.53,1.15,0
2020-11-16,6,ZAPOTLAN,532.75,530.75,2.01,0
2020-11-16,7,ZAPOTLAN,539.42,535.15,4.26,0
2020-11-16,8,ZAPOTLAN,545.68,539.51,6.17,0
2020-11-16,9,ZAPOTLAN,536.33,530.03,6.29,0
2020-11-16,10,ZAPOTLAN,530.16,524.83,5.33,0
2020-11-16,11,ZAPOTLAN,544.1,538.65,5.45,0
2020-11-16,12,ZAPOTLAN,556.55,549.09,7.46,0
2020-11-16,13,ZAPOTLAN,564.18,556,8.18,0
2020-11-16,14,ZAPOTLAN,563.87,555.9,7.97,0
2020-11-16,15,ZAPOTLAN,554.29,546.06,8.23,0
2020-11-16,16,ZAPOTLAN,553.14,544.89,8.26,0
2020-11-16,17,ZAPOTLAN,559.66,549.86,9.8,0
2020-11-16,18,ZAPOTLAN,628.26,615.59,12.67,0
2020-11-16,19,ZAPOTLAN,701.61,631.51,14.29,55.8
2020-11-16,20,ZAPOTLAN,1081.15,1042.14,26.12,12.89
2020-11-16,21,ZAPOTLAN,819.43,796.15,21.04,2.24
2020-11-16,22,ZAPOTLAN,675.78,656.6,19.18,0
2020-11-16,23,ZAPOTLAN,647.53,628.07,19.46,0
2020-11-16,24,ZAPOTLAN,599.59,584.52,15.07,0
2020-11-16,1,ZIHUATANEJO,623.94,575.01,48.93,0
2020-11-16,2,ZIHUATANEJO,581.6,540.96,40.64,0
2020-11-16,3,ZIHUATANEJO,564.86,529.48,35.38,0
2020-11-16,4,ZIHUATANEJO,548.56,515.77,32.79,0
2020-11-16,5,ZIHUATANEJO,556.07,522.53,33.55,0
2020-11-16,6,ZIHUATANEJO,566.93,530.75,36.19,0
2020-11-16,7,ZIHUATANEJO,571.91,535.15,36.76,0
2020-11-16,8,ZIHUATANEJO,578.31,539.51,38.8,0
2020-11-16,9,ZIHUATANEJO,567.75,530.03,37.72,0
2020-11-16,10,ZIHUATANEJO,562.89,524.83,38.06,0
2020-11-16,11,ZIHUATANEJO,577.98,538.65,39.33,0
2020-11-16,12,ZIHUATANEJO,590.63,549.09,41.54,0
2020-11-16,13,ZIHUATANEJO,599.56,556,43.56,0
2020-11-16,14,ZIHUATANEJO,598.14,555.9,42.24,0
2020-11-16,15,ZIHUATANEJO,586.75,546.06,40.69,0
2020-11-16,16,ZIHUATANEJO,587.23,544.89,42.35,0
2020-11-16,17,ZIHUATANEJO,591.53,549.86,41.67,0
2020-11-16,18,ZIHUATANEJO,666.64,615.59,51.06,0
2020-11-16,19,ZIHUATANEJO,850.02,631.51,53.3,165.21
2020-11-16,20,ZIHUATANEJO,1120.77,1042.14,82.71,-4.08
2020-11-16,21,ZIHUATANEJO,865.18,796.15,69.75,-.71
2020-11-16,22,ZIHUATANEJO,717.69,656.6,61.1,0
2020-11-16,23,ZIHUATANEJO,686.26,628.07,58.19,0
2020-11-16,24,ZIHUATANEJO,635.2,584.52,50.69,0
2020-11-17,1,ACAPULCO,616.51,552.9,63.61,0
2020-11-17,2,ACAPULCO,601.35,541.49,59.86,0
2020-11-17,3,ACAPULCO,578.13,522.06,56.07,0
2020-11-17,4,ACAPULCO,573.27,519.16,54.11,0
2020-11-17,5,ACAPULCO,585.44,531.31,54.13,0
2020-11-17,6,ACAPULCO,587.24,532.41,54.83,0
2020-11-17,7,ACAPULCO,624.99,561.91,63.08,0
2020-11-17,8,ACAPULCO,813.99,713.64,81.29,19.06
2020-11-17,9,ACAPULCO,958.2,806.2,89.83,62.17
2020-11-17,10,ACAPULCO,937.3,791.94,92.86,52.49
2020-11-17,11,ACAPULCO,924.78,784.01,79.38,61.39
2020-11-17,12,ACAPULCO,930.64,778.87,91.01,60.76
2020-11-17,13,ACAPULCO,956.49,800.3,98.98,57.21
2020-11-17,14,ACAPULCO,848.58,755.77,92.75,.06
2020-11-17,15,ACAPULCO,867.15,763.52,98.74,4.89
2020-11-17,16,ACAPULCO,865.49,768.44,97.07,-.01
2020-11-17,17,ACAPULCO,861.23,770.26,90.98,-.01
2020-11-17,18,ACAPULCO,914.3,827.08,91.31,-4.1
2020-11-17,19,ACAPULCO,968.46,715.53,65.24,187.7
2020-11-17,20,ACAPULCO,1005.18,717.75,82.17,205.26
2020-11-17,21,ACAPULCO,856.63,762.95,96.95,-3.27
2020-11-17,22,ACAPULCO,708.71,632.53,76.18,0
2020-11-17,23,ACAPULCO,652.08,584.81,67.28,0
2020-11-17,24,ACAPULCO,649.11,580.72,68.4,0
2020-11-17,1,AGUASCALIENTES,551.3,552.9,-1.6,0
2020-11-17,2,AGUASCALIENTES,539.02,541.49,-2.47,0
2020-11-17,3,AGUASCALIENTES,519.74,522.06,-2.33,0
2020-11-17,4,AGUASCALIENTES,516.59,519.16,-2.57,0
2020-11-17,5,AGUASCALIENTES,528.5,531.31,-2.81,0
2020-11-17,6,AGUASCALIENTES,530.47,532.41,-1.94,0
2020-11-17,7,AGUASCALIENTES,559.86,561.91,-2.06,0
2020-11-17,8,AGUASCALIENTES,694.3,713.64,-6.77,-12.58
2020-11-17,9,AGUASCALIENTES,749.62,806.2,-15,-41.57
2020-11-17,10,AGUASCALIENTES,738.34,791.94,-18.5,-35.11
2020-11-17,11,AGUASCALIENTES,723.87,784.01,-19.08,-41.07
2020-11-17,12,AGUASCALIENTES,722.65,778.87,-16.17,-40.05
2020-11-17,13,AGUASCALIENTES,750.58,800.3,-13.13,-36.59
2020-11-17,14,AGUASCALIENTES,744.93,755.77,-10.61,-.23
2020-11-17,15,AGUASCALIENTES,751.5,763.52,-8.04,-3.98
2020-11-17,16,AGUASCALIENTES,761.37,768.44,-6.95,-.12
2020-11-17,17,AGUASCALIENTES,767.9,770.26,-2.29,-.08
2020-11-17,18,AGUASCALIENTES,862.1,827.08,3.33,31.68
2020-11-17,19,AGUASCALIENTES,778.97,715.53,3.74,59.7
2020-11-17,20,AGUASCALIENTES,782.54,717.75,2.98,61.82
2020-11-17,21,AGUASCALIENTES,791.02,762.95,2.94,25.13
2020-11-17,22,AGUASCALIENTES,636.07,632.53,3.53,0
2020-11-17,23,AGUASCALIENTES,588.5,584.81,3.69,0
2020-11-17,24,AGUASCALIENTES,582.91,580.72,2.19,0
2020-11-17,1,APATZINGAN,581.86,552.9,28.95,0
2020-11-17,2,APATZINGAN,567.02,541.49,25.53,0
2020-11-17,3,APATZINGAN,546.16,522.07,24.1,0
2020-11-17,4,APATZINGAN,541.06,519.16,21.9,0
2020-11-17,5,APATZINGAN,553.01,531.31,21.69,0
2020-11-17,6,APATZINGAN,555.73,532.41,23.32,0
2020-11-17,7,APATZINGAN,592.1,561.91,30.19,0
2020-11-17,8,APATZINGAN,754.89,713.64,42.57,-1.32
2020-11-17,9,APATZINGAN,850.47,806.2,48.89,-4.62
2020-11-17,10,APATZINGAN,838.91,791.94,50.72,-3.75
2020-11-17,11,APATZINGAN,831.66,784.01,47.29,.37
2020-11-17,12,APATZINGAN,827.01,778.87,48.15,-.01
2020-11-17,13,APATZINGAN,856.12,800.3,58.98,-3.16
2020-11-17,14,APATZINGAN,813.23,755.77,57.26,.21
2020-11-17,15,APATZINGAN,827.96,763.52,62.67,1.78
2020-11-17,16,APATZINGAN,830.86,768.44,62.62,-.19
2020-11-17,17,APATZINGAN,831.26,770.26,61.13,-.12
2020-11-17,18,APATZINGAN,896.57,827.08,62.78,6.71
2020-11-17,19,APATZINGAN,825.4,715.53,57.43,52.44
2020-11-17,20,APATZINGAN,834.61,717.75,60.32,56.54
2020-11-17,21,APATZINGAN,832.11,762.95,63.85,5.31
2020-11-17,22,APATZINGAN,683.3,632.53,50.76,0
2020-11-17,23,APATZINGAN,626.8,584.81,41.99,0
2020-11-17,24,APATZINGAN,620.51,580.72,39.8,0
2020-11-17,1,CABORCA,513.36,552.9,-39.54,0
2020-11-17,2,CABORCA,499.01,541.49,-42.49,0
2020-11-17,3,CABORCA,482.29,522.06,-39.77,0
2020-11-17,4,CABORCA,478.21,519.16,-40.94,0
2020-11-17,5,CABORCA,478.89,531.31,-52.43,0
2020-11-17,6,CABORCA,481.11,532.41,-51.3,0
2020-11-17,7,CABORCA,502.39,561.91,-59.52,0
2020-11-17,8,CABORCA,591.32,713.64,-105.46,-16.87
2020-11-17,9,CABORCA,592.91,806.2,-151.55,-61.73
2020-11-17,10,CABORCA,420.48,791.94,-222.8,-148.67
2020-11-17,11,CABORCA,409.84,784.01,-247.41,-126.76
2020-11-17,12,CABORCA,419.52,778.87,-243.34,-116.02
2020-11-17,13,CABORCA,429.46,800.3,-233.63,-137.21
2020-11-17,14,CABORCA,415.79,755.77,-217.93,-122.05
2020-11-17,15,CABORCA,420.99,763.52,-218.4,-124.13
2020-11-17,16,CABORCA,413.32,768.44,-219.6,-135.51
2020-11-17,17,CABORCA,427.6,770.26,-208.08,-134.59
2020-11-17,18,CABORCA,605.31,827.08,-144.96,-76.82
2020-11-17,19,CABORCA,605.81,715.53,-79.21,-30.5
2020-11-17,20,CABORCA,618.79,717.75,-73.75,-25.21
2020-11-17,21,CABORCA,618.75,762.95,-83.52,-60.69
2020-11-17,22,CABORCA,574.72,632.53,-57.81,0
2020-11-17,23,CABORCA,540.59,584.81,-44.21,0
2020-11-17,24,CABORCA,530.34,580.72,-50.38,0
2020-11-17,1,CAMARGO,535.78,552.9,-17.12,0
2020-11-17,2,CAMARGO,522.34,541.49,-19.15,0
2020-11-17,3,CAMARGO,503.68,522.06,-18.39,0
2020-11-17,4,CAMARGO,500.95,519.16,-18.21,0
2020-11-17,5,CAMARGO,506.06,531.31,-25.25,0
2020-11-17,6,CAMARGO,508.66,532.41,-23.75,0
2020-11-17,7,CAMARGO,532.18,561.91,-29.73,0
2020-11-17,8,CAMARGO,624.48,713.64,-67.8,-21.36
2020-11-17,9,CAMARGO,636.3,806.2,-89.45,-80.44
2020-11-17,10,CAMARGO,606.55,791.94,-119.87,-65.52
2020-11-17,11,CAMARGO,550.82,784.01,-116.63,-116.56
2020-11-17,12,CAMARGO,550.55,778.87,-119.21,-109.11
2020-11-17,13,CAMARGO,608.22,800.3,-124.49,-67.59
2020-11-17,14,CAMARGO,631.86,755.77,-113.11,-10.8
2020-11-17,15,CAMARGO,612.39,763.52,-113.71,-37.41
2020-11-17,16,CAMARGO,639.38,768.44,-117.21,-11.84
2020-11-17,17,CAMARGO,650.75,770.26,-111.92,-7.59
2020-11-17,18,CAMARGO,638.61,827.08,-67.19,-121.28
2020-11-17,19,CAMARGO,608.1,715.53,-36.35,-71.08
2020-11-17,20,CAMARGO,621.37,717.75,-31.36,-65.02
2020-11-17,21,CAMARGO,627.7,762.95,-39.22,-96.03
2020-11-17,22,CAMARGO,601.62,632.53,-30.91,0
2020-11-17,23,CAMARGO,566.82,584.81,-17.99,0
2020-11-17,24,CAMARGO,558.33,580.72,-22.38,0
2020-11-17,1,CAMPECHE,618.97,552.9,66.06,0
2020-11-17,2,CAMPECHE,603.29,541.49,61.8,0
2020-11-17,3,CAMPECHE,573.83,522.06,51.77,0
2020-11-17,4,CAMPECHE,572.73,519.16,53.58,0
2020-11-17,5,CAMPECHE,581.38,531.31,50.07,0
2020-11-17,6,CAMPECHE,579.82,532.41,47.41,0
2020-11-17,7,CAMPECHE,611.29,561.91,49.38,0
2020-11-17,8,CAMPECHE,811.12,713.64,67.65,29.83
2020-11-17,9,CAMPECHE,993.11,806.2,89.39,97.52
2020-11-17,10,CAMPECHE,970.04,791.94,96.74,81.36
2020-11-17,11,CAMPECHE,975.54,784.01,99.64,91.9
2020-11-17,12,CAMPECHE,965.23,778.87,98.28,88.08
2020-11-17,13,CAMPECHE,959.8,800.3,75.22,84.28
2020-11-17,14,CAMPECHE,821.73,755.77,65.97,-.01
2020-11-17,15,CAMPECHE,852.29,763.52,82.43,6.35
2020-11-17,16,CAMPECHE,863.8,768.44,95.3,.06
2020-11-17,17,CAMPECHE,863.71,770.26,93.41,.04
2020-11-17,18,CAMPECHE,921.51,827.08,102.32,-7.9
2020-11-17,19,CAMPECHE,1101.14,715.53,98.03,287.58
2020-11-17,20,CAMPECHE,1127.09,717.75,94.95,314.39
2020-11-17,21,CAMPECHE,847.6,762.95,90.9,-6.26
2020-11-17,22,CAMPECHE,702.54,632.53,70,0
2020-11-17,23,CAMPECHE,652.3,584.81,67.49,0
2020-11-17,24,CAMPECHE,644.07,580.72,63.35,0
2020-11-17,1,CANCUN,610.94,552.9,58.03,0
2020-11-17,2,CANCUN,598.2,541.49,56.71,0
2020-11-17,3,CANCUN,568.26,522.07,46.2,0
2020-11-17,4,CANCUN,566.83,519.16,47.67,0
2020-11-17,5,CANCUN,575.13,531.31,43.81,0
2020-11-17,6,CANCUN,573.61,532.41,41.2,0
2020-11-17,7,CANCUN,604.2,561.91,42.29,0
2020-11-17,8,CANCUN,805.16,713.64,61.68,29.83
2020-11-17,9,CANCUN,993.39,806.2,89.68,97.52
2020-11-17,10,CANCUN,971.63,791.94,98.33,81.36
2020-11-17,11,CANCUN,977.72,784.01,101.81,91.9
2020-11-17,12,CANCUN,960.54,778.87,90.01,91.66
2020-11-17,13,CANCUN,953.52,800.3,65.55,87.68
2020-11-17,14,CANCUN,808.84,755.77,53.08,-.01
2020-11-17,15,CANCUN,853.68,763.52,83.82,6.35
2020-11-17,16,CANCUN,869.69,768.44,101.2,.06
2020-11-17,17,CANCUN,869.29,770.26,98.99,.04
2020-11-17,18,CANCUN,927.32,827.08,108.14,-7.9
2020-11-17,19,CANCUN,1104.33,715.53,101.22,287.58
2020-11-17,20,CANCUN,1129.03,717.75,96.89,314.39
2020-11-17,21,CANCUN,848.8,762.95,92.11,-6.26
2020-11-17,22,CANCUN,703.62,632.53,71.09,0
2020-11-17,23,CANCUN,652.63,584.81,67.82,0
2020-11-17,24,CANCUN,642.94,580.72,62.22,0
2020-11-17,1,CARMEN,647.9,552.9,95,0
2020-11-17,2,CARMEN,629.73,541.49,88.24,0
2020-11-17,3,CARMEN,598.43,522.06,76.37,0
2020-11-17,4,CARMEN,595.87,519.16,76.72,0
2020-11-17,5,CARMEN,604.05,531.31,72.74,0
2020-11-17,6,CARMEN,601.5,532.41,69.09,0
2020-11-17,7,CARMEN,633.17,561.91,71.26,0
2020-11-17,8,CARMEN,837.69,713.64,94.21,29.83
2020-11-17,9,CARMEN,1024.5,806.2,120.79,97.52
2020-11-17,10,CARMEN,1001.62,791.94,128.32,81.36
2020-11-17,11,CARMEN,1007.13,784.01,131.23,91.9
2020-11-17,12,CARMEN,997.02,778.87,130.05,88.1
2020-11-17,13,CARMEN,993.36,800.3,108.77,84.3
2020-11-17,14,CARMEN,854.57,755.77,98.81,-.01
2020-11-17,15,CARMEN,884.41,763.52,114.54,6.35
2020-11-17,16,CARMEN,895.66,768.44,127.16,.06
2020-11-17,17,CARMEN,895.51,770.26,125.21,.04
2020-11-17,18,CARMEN,956.94,827.08,137.75,-7.9
2020-11-17,19,CARMEN,1134.41,715.53,131.31,287.58
2020-11-17,20,CARMEN,1161.63,717.75,129.49,314.39
2020-11-17,21,CARMEN,885.22,762.95,128.53,-6.26
2020-11-17,22,CARMEN,732.43,632.53,99.9,0
2020-11-17,23,CARMEN,680.44,584.81,95.64,0
2020-11-17,24,CARMEN,672.55,580.72,91.84,0
2020-11-17,1,CASAS GRANDES,494.18,552.9,-58.72,0
2020-11-17,2,CASAS GRANDES,482.06,541.49,-59.44,0
2020-11-17,3,CASAS GRANDES,465.69,522.06,-56.38,0
2020-11-17,4,CASAS GRANDES,463.71,519.16,-55.44,0
2020-11-17,5,CASAS GRANDES,465.57,531.31,-65.75,0
2020-11-17,6,CASAS GRANDES,468.17,532.41,-64.24,0
2020-11-17,7,CASAS GRANDES,488.3,561.91,-73.61,0
2020-11-17,8,CASAS GRANDES,565.28,713.64,-128.32,-20.05
2020-11-17,9,CASAS GRANDES,571.5,806.2,-158.72,-75.97
2020-11-17,10,CASAS GRANDES,536.27,791.95,-193.8,-61.87
2020-11-17,11,CASAS GRANDES,470.24,784.01,-193.1,-120.67
2020-11-17,12,CASAS GRANDES,472.99,778.87,-193.73,-112.15
2020-11-17,13,CASAS GRANDES,537.59,800.3,-199.4,-63.31
2020-11-17,14,CASAS GRANDES,559.7,755.77,-184.65,-11.42
2020-11-17,15,CASAS GRANDES,536.47,763.52,-185.19,-41.86
2020-11-17,16,CASAS GRANDES,566.91,768.44,-189.9,-11.63
2020-11-17,17,CASAS GRANDES,578.54,770.26,-184.28,-7.44
2020-11-17,18,CASAS GRANDES,577.33,827.08,-142.49,-107.26
2020-11-17,19,CASAS GRANDES,557.59,715.53,-99.63,-58.3
2020-11-17,20,CASAS GRANDES,569.94,717.75,-95.26,-52.55
2020-11-17,21,CASAS GRANDES,571.31,762.95,-106.65,-84.99
2020-11-17,22,CASAS GRANDES,549.24,632.53,-83.3,0
2020-11-17,23,CASAS GRANDES,519.48,584.81,-65.33,0
2020-11-17,24,CASAS GRANDES,511.72,580.72,-69,0
2020-11-17,1,CELAYA,558.23,552.9,5.32,0
2020-11-17,2,CELAYA,546.88,541.49,5.39,0
2020-11-17,3,CELAYA,526.84,522.07,4.78,0
2020-11-17,4,CELAYA,523.62,519.16,4.47,0
2020-11-17,5,CELAYA,536.77,531.31,5.46,0
2020-11-17,6,CELAYA,537.82,532.41,5.41,0
2020-11-17,7,CELAYA,567.87,561.91,5.96,0
2020-11-17,8,CELAYA,720.99,713.64,9.1,-1.75
2020-11-17,9,CELAYA,809.71,806.2,9.29,-5.78
2020-11-17,10,CELAYA,796.63,791.94,9.54,-4.86
2020-11-17,11,CELAYA,787.39,784.01,8.56,-5.18
2020-11-17,12,CELAYA,782.28,778.87,8.5,-5.09
2020-11-17,13,CELAYA,805.24,800.3,10.13,-5.19
2020-11-17,14,CELAYA,766.17,755.77,10.39,.01
2020-11-17,15,CELAYA,775.34,763.52,12.02,-.2
2020-11-17,16,CELAYA,779.93,768.44,11.53,-.04
2020-11-17,17,CELAYA,783.16,770.26,12.92,-.03
2020-11-17,18,CELAYA,846.14,827.08,14.13,4.93
2020-11-17,19,CELAYA,747.82,715.53,11.85,20.44
2020-11-17,20,CELAYA,751.34,717.75,11.85,21.74
2020-11-17,21,CELAYA,779.67,762.95,12.8,3.92
2020-11-17,22,CELAYA,642.91,632.53,10.37,0
2020-11-17,23,CELAYA,593.54,584.81,8.73,0
2020-11-17,24,CELAYA,589.21,580.72,8.49,0
2020-11-17,1,CENTRO ORIENTE,571.38,552.9,18.48,0
2020-11-17,2,CENTRO ORIENTE,558.32,541.49,16.83,0
2020-11-17,3,CENTRO ORIENTE,537.37,522.06,15.3,0
2020-11-17,4,CENTRO ORIENTE,534.91,519.16,15.76,0
2020-11-17,5,CENTRO ORIENTE,546.95,531.31,15.64,0
2020-11-17,6,CENTRO ORIENTE,548.64,532.41,16.23,0
2020-11-17,7,CENTRO ORIENTE,582.39,561.91,20.49,0
2020-11-17,8,CENTRO ORIENTE,766.14,713.64,30.16,22.33
2020-11-17,9,CENTRO ORIENTE,915.89,806.2,35.99,73.71
2020-11-17,10,CENTRO ORIENTE,890.73,791.94,36.11,62.68
2020-11-17,11,CENTRO ORIENTE,896.28,784.01,40.53,71.75
2020-11-17,12,CENTRO ORIENTE,889.66,778.87,40.83,69.97
2020-11-17,13,CENTRO ORIENTE,906.86,800.3,39.1,67.46
2020-11-17,14,CENTRO ORIENTE,791,755.77,35.24,-.01
2020-11-17,15,CENTRO ORIENTE,802.99,763.52,34.44,5.03
2020-11-17,16,CENTRO ORIENTE,801.64,768.44,33.16,.05
2020-11-17,17,CENTRO ORIENTE,801.72,770.26,31.43,.03
2020-11-17,18,CENTRO ORIENTE,854.14,827.08,33.22,-6.17
2020-11-17,19,CENTRO ORIENTE,719.07,715.53,29.86,-26.31
2020-11-17,20,CENTRO ORIENTE,721.38,717.75,31.73,-28.1
2020-11-17,21,CENTRO ORIENTE,790.92,762.95,32.86,-4.89
2020-11-17,22,CENTRO ORIENTE,656.11,632.53,23.57,0
2020-11-17,23,CENTRO ORIENTE,604.82,584.81,20.01,0
2020-11-17,24,CENTRO ORIENTE,599.09,580.72,18.38,0
2020-11-17,1,CENTRO SUR,583.04,552.9,30.14,0
2020-11-17,2,CENTRO SUR,569.44,541.49,27.95,0
2020-11-17,3,CENTRO SUR,548.01,522.07,25.95,0
2020-11-17,4,CENTRO SUR,545.47,519.16,26.31,0
2020-11-17,5,CENTRO SUR,557.64,531.31,26.33,0
2020-11-17,6,CENTRO SUR,559.58,532.41,27.17,0
2020-11-17,7,CENTRO SUR,593.93,561.91,32.02,0
2020-11-17,8,CENTRO SUR,775.7,713.64,44.13,17.93
2020-11-17,9,CENTRO SUR,913.42,806.2,48.58,58.64
2020-11-17,10,CENTRO SUR,891.65,791.94,50.13,49.58
2020-11-17,11,CENTRO SUR,891.94,784.01,50.25,57.68
2020-11-17,12,CENTRO SUR,884.83,778.87,49.05,56.91
2020-11-17,13,CENTRO SUR,906.56,800.3,52.48,53.78
2020-11-17,14,CENTRO SUR,804.5,755.77,48.69,.04
2020-11-17,15,CENTRO SUR,817.34,763.52,49.38,4.45
2020-11-17,16,CENTRO SUR,817.56,768.44,49.12,0
2020-11-17,17,CENTRO SUR,815.29,770.26,45.03,0
2020-11-17,18,CENTRO SUR,867.62,827.08,44.58,-4.05
2020-11-17,19,CENTRO SUR,867.29,715.53,37.92,113.85
2020-11-17,20,CENTRO SUR,882.02,717.75,39.21,125.06
2020-11-17,21,CENTRO SUR,802.74,762.95,42.99,-3.2
2020-11-17,22,CENTRO SUR,666.77,632.53,34.24,0
2020-11-17,23,CENTRO SUR,614.43,584.81,29.63,0
2020-11-17,24,CENTRO SUR,611.42,580.72,30.7,0
2020-11-17,1,CHETUMAL,620.79,552.9,67.89,0
2020-11-17,2,CHETUMAL,604.7,541.49,63.21,0
2020-11-17,3,CHETUMAL,575.11,522.06,53.04,0
2020-11-17,4,CHETUMAL,574.05,519.16,54.9,0
2020-11-17,5,CHETUMAL,582.82,531.31,51.51,0
2020-11-17,6,CHETUMAL,581.65,532.41,49.24,0
2020-11-17,7,CHETUMAL,613.55,561.91,51.64,0
2020-11-17,8,CHETUMAL,814.29,713.64,70.82,29.83
2020-11-17,9,CHETUMAL,997.31,806.2,93.6,97.52
2020-11-17,10,CHETUMAL,972.64,791.94,99.34,81.36
2020-11-17,11,CHETUMAL,978.42,784.01,102.51,91.9
2020-11-17,12,CHETUMAL,961.23,778.87,94.46,87.9
2020-11-17,13,CHETUMAL,954.44,800.3,70.07,84.07
2020-11-17,14,CHETUMAL,816.48,755.77,60.72,-.01
2020-11-17,15,CHETUMAL,855.41,763.52,85.54,6.35
2020-11-17,16,CHETUMAL,866.3,768.44,97.81,.06
2020-11-17,17,CHETUMAL,866.05,770.26,95.75,.04
2020-11-17,18,CHETUMAL,921.79,827.08,102.61,-7.9
2020-11-17,19,CHETUMAL,1103.83,715.53,100.72,287.58
2020-11-17,20,CHETUMAL,1130.86,717.75,98.72,314.39
2020-11-17,21,CHETUMAL,851.07,762.95,94.38,-6.26
2020-11-17,22,CHETUMAL,704.69,632.53,72.16,0
2020-11-17,23,CHETUMAL,653.25,584.81,68.44,0
2020-11-17,24,CHETUMAL,644.11,580.72,63.4,0
2020-11-17,1,CHIHUAHUA,504.92,552.9,-47.98,0
2020-11-17,2,CHIHUAHUA,492.31,541.49,-49.18,0
2020-11-17,3,CHIHUAHUA,475.2,522.06,-46.86,0
2020-11-17,4,CHIHUAHUA,472.98,519.16,-46.18,0
2020-11-17,5,CHIHUAHUA,476.81,531.31,-54.5,0
2020-11-17,6,CHIHUAHUA,479.63,532.41,-52.78,0
2020-11-17,7,CHIHUAHUA,501.8,561.91,-60.11,0
2020-11-17,8,CHIHUAHUA,585.15,713.64,-107.09,-21.4
2020-11-17,9,CHIHUAHUA,593.61,806.2,-130.64,-81.95
2020-11-17,10,CHIHUAHUA,565.5,791.94,-160.06,-66.38
2020-11-17,11,CHIHUAHUA,510.11,784.01,-156.01,-117.89
2020-11-17,12,CHIHUAHUA,509.35,778.87,-159.18,-110.33
2020-11-17,13,CHIHUAHUA,564.94,800.3,-166.94,-68.42
2020-11-17,14,CHIHUAHUA,590.58,755.77,-153.39,-11.79
2020-11-17,15,CHIHUAHUA,571.19,763.52,-153.63,-38.7
2020-11-17,16,CHIHUAHUA,596.76,768.44,-158.23,-13.45
2020-11-17,17,CHIHUAHUA,607.62,770.26,-154.02,-8.62
2020-11-17,18,CHIHUAHUA,591.74,827.08,-114.78,-120.57
2020-11-17,19,CHIHUAHUA,567.08,715.53,-78.05,-70.39
2020-11-17,20,CHIHUAHUA,579.66,717.75,-73.75,-64.35
2020-11-17,21,CHIHUAHUA,583.23,762.95,-84.26,-95.47
2020-11-17,22,CHIHUAHUA,564.4,632.53,-68.14,0
2020-11-17,23,CHIHUAHUA,532.6,584.81,-52.21,0
2020-11-17,24,CHIHUAHUA,525.22,580.72,-55.49,0
2020-11-17,1,CHILPANCINGO,612.68,552.9,59.78,0
2020-11-17,2,CHILPANCINGO,597.88,541.49,56.39,0
2020-11-17,3,CHILPANCINGO,574.9,522.06,52.84,0
2020-11-17,4,CHILPANCINGO,570.86,519.16,51.7,0
2020-11-17,5,CHILPANCINGO,583.19,531.31,51.87,0
2020-11-17,6,CHILPANCINGO,585.19,532.41,52.78,0
2020-11-17,7,CHILPANCINGO,623.05,561.91,61.14,0
2020-11-17,8,CHILPANCINGO,813.85,713.64,79.97,20.24
2020-11-17,9,CHILPANCINGO,962.48,806.2,90.18,66.1
2020-11-17,10,CHILPANCINGO,939.84,791.94,92.05,55.85
2020-11-17,11,CHILPANCINGO,924.82,784.01,75.82,64.99
2020-11-17,12,CHILPANCINGO,935.25,778.87,91.97,64.42
2020-11-17,13,CHILPANCINGO,958.08,800.3,96.91,60.87
2020-11-17,14,CHILPANCINGO,846.47,755.77,90.66,.05
2020-11-17,15,CHILPANCINGO,864.38,763.52,95.82,5.04
2020-11-17,16,CHILPANCINGO,862.77,768.44,94.33,0
2020-11-17,17,CHILPANCINGO,858.6,770.26,88.34,0
2020-11-17,18,CHILPANCINGO,913.21,827.08,90.82,-4.69
2020-11-17,19,CHILPANCINGO,971.8,715.53,57.73,198.55
2020-11-17,20,CHILPANCINGO,1013,717.75,78.3,216.95
2020-11-17,21,CHILPANCINGO,853.02,762.95,93.78,-3.71
2020-11-17,22,CHILPANCINGO,705.18,632.53,72.65,0
2020-11-17,23,CHILPANCINGO,648.03,584.81,63.22,0
2020-11-17,24,CHILPANCINGO,644.77,580.72,64.05,0
2020-11-17,1,CHONTALPA,580.51,552.9,27.61,0
2020-11-17,2,CHONTALPA,566.47,541.49,24.98,0
2020-11-17,3,CHONTALPA,543.17,522.07,21.1,0
2020-11-17,4,CHONTALPA,546.44,519.16,27.28,0
2020-11-17,5,CHONTALPA,556.3,531.31,24.99,0
2020-11-17,6,CHONTALPA,555.75,532.41,23.34,0
2020-11-17,7,CHONTALPA,588.97,561.91,27.06,0
2020-11-17,8,CHONTALPA,778.95,713.64,35.48,29.83
2020-11-17,9,CHONTALPA,949.38,806.2,45.67,97.52
2020-11-17,10,CHONTALPA,921.59,791.94,48.28,81.36
2020-11-17,11,CHONTALPA,925.09,784.01,49.19,91.9
2020-11-17,12,CHONTALPA,923.86,778.87,56.55,88.45
2020-11-17,13,CHONTALPA,917.68,800.3,32.78,84.6
2020-11-17,14,CHONTALPA,782.47,755.77,26.71,-.01
2020-11-17,15,CHONTALPA,797.11,763.52,27.25,6.35
2020-11-17,16,CHONTALPA,804.34,768.44,35.84,.06
2020-11-17,17,CHONTALPA,804.93,770.26,34.63,.04
2020-11-17,18,CHONTALPA,856.66,827.08,37.48,-7.9
2020-11-17,19,CHONTALPA,1043.23,715.53,40.13,287.58
2020-11-17,20,CHONTALPA,1070.77,717.75,38.63,314.39
2020-11-17,21,CHONTALPA,790.16,762.95,33.46,-6.26
2020-11-17,22,CHONTALPA,656.29,632.53,23.76,0
2020-11-17,23,CHONTALPA,610.85,584.81,26.04,0
2020-11-17,24,CHONTALPA,605.03,580.72,24.32,0
2020-11-17,1,CIENEGA,561.79,552.9,8.88,0
2020-11-17,2,CIENEGA,547.88,541.49,6.39,0
2020-11-17,3,CIENEGA,527.9,522.06,5.84,0
2020-11-17,4,CIENEGA,523.82,519.16,4.67,0
2020-11-17,5,CIENEGA,535.36,531.31,4.04,0
2020-11-17,6,CIENEGA,537.82,532.41,5.41,0
2020-11-17,7,CIENEGA,570.55,561.91,8.64,0
2020-11-17,8,CIENEGA,717.55,713.64,10.37,-6.46
2020-11-17,9,CIENEGA,792.15,806.2,7.66,-21.71
2020-11-17,10,CIENEGA,780.73,791.94,6.83,-18.04
2020-11-17,11,CIENEGA,779.11,784.01,4.78,-9.69
2020-11-17,12,CIENEGA,774.51,778.87,6.79,-11.15
2020-11-17,13,CIENEGA,798.97,800.3,15.68,-17.01
2020-11-17,14,CIENEGA,773.72,755.77,17.46,.49
2020-11-17,15,CIENEGA,787.99,763.52,21.21,3.27
2020-11-17,16,CIENEGA,790.32,768.44,22.28,-.4
2020-11-17,17,CIENEGA,793.19,770.26,23.19,-.26
2020-11-17,18,CIENEGA,862.64,827.08,28.09,7.47
2020-11-17,19,CIENEGA,785.94,715.53,22.08,48.34
2020-11-17,20,CIENEGA,791.48,717.75,21.8,51.93
2020-11-17,21,CIENEGA,793.67,762.95,24.81,5.91
2020-11-17,22,CIENEGA,656.04,632.53,23.5,0
2020-11-17,23,CIENEGA,605.45,584.81,20.64,0
2020-11-17,24,CIENEGA,599.66,580.72,18.94,0
2020-11-17,1,COATZACOALCOS,580.89,552.9,27.98,0
2020-11-17,2,COATZACOALCOS,567.39,541.49,25.9,0
2020-11-17,3,COATZACOALCOS,542.56,522.07,20.49,0
2020-11-17,4,COATZACOALCOS,544.11,519.16,24.95,0
2020-11-17,5,COATZACOALCOS,554.85,531.31,23.53,0
2020-11-17,6,COATZACOALCOS,554.93,532.41,22.52,0
2020-11-17,7,COATZACOALCOS,589.42,561.91,27.51,0
2020-11-17,8,COATZACOALCOS,779.59,713.64,36.09,29.86
2020-11-17,9,COATZACOALCOS,948.62,806.2,44.82,97.6
2020-11-17,10,COATZACOALCOS,920.21,791.94,46.84,81.42
2020-11-17,11,COATZACOALCOS,924.27,784.01,48.3,91.96
2020-11-17,12,COATZACOALCOS,925.25,778.87,57.85,88.53
2020-11-17,13,COATZACOALCOS,922.19,800.3,37.21,84.68
2020-11-17,14,COATZACOALCOS,787.03,755.77,31.27,-.01
2020-11-17,15,COATZACOALCOS,799.69,763.52,29.82,6.35
2020-11-17,16,COATZACOALCOS,804.22,768.44,35.72,.06
2020-11-17,17,COATZACOALCOS,804.87,770.26,34.57,.04
2020-11-17,18,COATZACOALCOS,853.16,827.08,33.99,-7.91
2020-11-17,19,COATZACOALCOS,1034.3,715.53,31.38,287.39
2020-11-17,20,COATZACOALCOS,1060.71,717.75,28.77,314.19
2020-11-17,21,COATZACOALCOS,780.9,762.95,24.21,-6.26
2020-11-17,22,COATZACOALCOS,649.59,632.53,17.06,0
2020-11-17,23,COATZACOALCOS,604.32,584.81,19.52,0
2020-11-17,24,COATZACOALCOS,600.61,580.72,19.9,0
2020-11-17,1,COLIMA,562.94,552.9,10.04,0
2020-11-17,2,COLIMA,549.2,541.49,7.71,0
2020-11-17,3,COLIMA,529.09,522.06,7.03,0
2020-11-17,4,COLIMA,524.77,519.16,5.61,0
2020-11-17,5,COLIMA,536.32,531.31,5.01,0
2020-11-17,6,COLIMA,538.69,532.41,6.28,0
2020-11-17,7,COLIMA,571.07,561.91,9.16,0
2020-11-17,8,COLIMA,719.2,713.64,11.2,-5.64
2020-11-17,9,COLIMA,795.52,806.2,8.4,-19.07
2020-11-17,10,COLIMA,783.96,791.94,7.84,-15.82
2020-11-17,11,COLIMA,782.36,784.01,5.41,-7.07
2020-11-17,12,COLIMA,777.47,778.87,6.9,-8.31
2020-11-17,13,COLIMA,800.26,800.3,14.5,-14.54
2020-11-17,14,COLIMA,773.16,755.77,16.9,.49
2020-11-17,15,COLIMA,788.27,763.52,21.31,3.45
2020-11-17,16,COLIMA,788.28,768.44,20.24,-.39
2020-11-17,17,COLIMA,789.33,770.26,19.33,-.25
2020-11-17,18,COLIMA,856.02,827.08,22.29,6.64
2020-11-17,19,COLIMA,783.46,715.53,17.3,50.63
2020-11-17,20,COLIMA,789.39,717.75,17.12,54.52
2020-11-17,21,COLIMA,788.6,762.95,20.39,5.26
2020-11-17,22,COLIMA,652.14,632.53,19.61,0
2020-11-17,23,COLIMA,602.87,584.81,18.07,0
2020-11-17,24,COLIMA,598.22,580.72,17.51,0
2020-11-17,1,CORDOBA,569.76,552.9,16.85,0
2020-11-17,2,CORDOBA,556.67,541.49,15.18,0
2020-11-17,3,CORDOBA,533.49,522.06,11.42,0
2020-11-17,4,CORDOBA,533.48,519.16,14.32,0
2020-11-17,5,CORDOBA,544.62,531.31,13.31,0
2020-11-17,6,CORDOBA,545.88,532.41,13.47,0
2020-11-17,7,CORDOBA,580.42,561.91,18.51,0
2020-11-17,8,CORDOBA,771.69,713.64,26.67,31.39
2020-11-17,9,CORDOBA,943.43,806.2,35.68,101.56
2020-11-17,10,CORDOBA,913.69,791.94,36.39,85.36
2020-11-17,11,CORDOBA,920.77,784.01,40.11,96.65
2020-11-17,12,CORDOBA,915.74,778.87,43.44,93.43
2020-11-17,13,CORDOBA,924.44,800.3,34.73,89.41
2020-11-17,14,CORDOBA,784.97,755.77,29.22,-.01
2020-11-17,15,CORDOBA,800.22,763.52,30.1,6.61
2020-11-17,16,CORDOBA,799.36,768.44,30.85,.07
2020-11-17,17,CORDOBA,799.35,770.26,29.05,.04
2020-11-17,18,CORDOBA,848.87,827.08,30.09,-8.31
2020-11-17,19,CORDOBA,1021.94,715.53,28.3,278.12
2020-11-17,20,CORDOBA,1049.91,717.75,27.97,304.2
2020-11-17,21,CORDOBA,782.98,762.95,26.6,-6.57
2020-11-17,22,CORDOBA,650.83,632.53,18.29,0
2020-11-17,23,CORDOBA,602.15,584.81,17.35,0
2020-11-17,24,CORDOBA,596.81,580.72,16.1,0
2020-11-17,1,CUAUHTEMOC,522.83,552.9,-30.07,0
2020-11-17,2,CUAUHTEMOC,510.39,541.49,-31.1,0
2020-11-17,3,CUAUHTEMOC,493.96,522.06,-28.11,0
2020-11-17,4,CUAUHTEMOC,491.67,519.16,-27.48,0
2020-11-17,5,CUAUHTEMOC,495.84,531.31,-35.47,0
2020-11-17,6,CUAUHTEMOC,498.65,532.41,-33.76,0
2020-11-17,7,CUAUHTEMOC,521.58,561.91,-40.34,0
2020-11-17,8,CUAUHTEMOC,609.93,713.64,-82.27,-21.44
2020-11-17,9,CUAUHTEMOC,621.51,806.2,-102.52,-82.17
2020-11-17,10,CUAUHTEMOC,593.83,791.94,-131.58,-66.54
2020-11-17,11,CUAUHTEMOC,537.12,784.01,-129.05,-117.84
2020-11-17,12,CUAUHTEMOC,534.19,778.87,-134.38,-110.31
2020-11-17,13,CUAUHTEMOC,590.24,800.3,-141.47,-68.6
2020-11-17,14,CUAUHTEMOC,614.99,755.77,-128.95,-11.83
2020-11-17,15,CUAUHTEMOC,596.66,763.52,-128.22,-38.64
2020-11-17,16,CUAUHTEMOC,623.37,768.44,-131.52,-13.54
2020-11-17,17,CUAUHTEMOC,634.03,770.26,-127.56,-8.68
2020-11-17,18,CUAUHTEMOC,618.73,827.08,-87.4,-120.95
2020-11-17,19,CUAUHTEMOC,588.88,715.53,-55.9,-70.74
2020-11-17,20,CUAUHTEMOC,601.41,717.75,-51.65,-64.68
2020-11-17,21,CUAUHTEMOC,604.93,762.95,-62.25,-95.77
2020-11-17,22,CUAUHTEMOC,582.12,632.53,-50.42,0
2020-11-17,23,CUAUHTEMOC,548.66,584.81,-36.15,0
2020-11-17,24,CUAUHTEMOC,542.82,580.72,-37.89,0
2020-11-17,1,CUAUTLA,583.8,552.9,30.9,0
2020-11-17,2,CUAUTLA,569.87,541.49,28.38,0
2020-11-17,3,CUAUTLA,547.79,522.06,25.73,0
2020-11-17,4,CUAUTLA,545.75,519.16,26.59,0
2020-11-17,5,CUAUTLA,557.85,531.31,26.54,0
2020-11-17,6,CUAUTLA,559.83,532.41,27.43,0
2020-11-17,7,CUAUTLA,595.78,561.91,33.87,0
2020-11-17,8,CUAUTLA,785.88,713.64,48.34,23.89
2020-11-17,9,CUAUTLA,941.36,806.2,57.13,78.04
2020-11-17,10,CUAUTLA,915.79,791.94,57.86,65.99
2020-11-17,11,CUAUTLA,920.45,784.01,60.61,75.83
2020-11-17,12,CUAUTLA,915.89,778.87,61.15,75.87
2020-11-17,13,CUAUTLA,931.38,800.3,58.71,72.37
2020-11-17,14,CUAUTLA,809.38,755.77,53.61,.01
2020-11-17,15,CUAUTLA,823.93,763.52,54.88,5.53
2020-11-17,16,CUAUTLA,822.21,768.44,53.74,.04
2020-11-17,17,CUAUTLA,821.33,770.26,51.04,.03
2020-11-17,18,CUAUTLA,872.9,827.08,52.37,-6.55
2020-11-17,19,CUAUTLA,1004.62,715.53,45.59,243.5
2020-11-17,20,CUAUTLA,1031.56,717.75,47.63,266.18
2020-11-17,21,CUAUTLA,807.64,762.95,49.88,-5.19
2020-11-17,22,CUAUTLA,669.85,632.53,37.31,0
2020-11-17,23,CUAUTLA,617.13,584.81,32.32,0
2020-11-17,24,CUAUTLA,612.09,580.72,31.37,0
2020-11-17,1,CUERNAVACA,583.48,552.9,30.58,0
2020-11-17,2,CUERNAVACA,569.68,541.49,28.19,0
2020-11-17,3,CUERNAVACA,547.65,522.06,25.59,0
2020-11-17,4,CUERNAVACA,545.22,519.16,26.07,0
2020-11-17,5,CUERNAVACA,557.36,531.31,26.05,0
2020-11-17,6,CUERNAVACA,559.44,532.41,27.03,0
2020-11-17,7,CUERNAVACA,595.27,561.91,33.36,0
2020-11-17,8,CUERNAVACA,784.14,713.64,47.22,23.27
2020-11-17,9,CUERNAVACA,938.09,806.2,55.81,76.09
2020-11-17,10,CUERNAVACA,912.79,791.94,56.51,64.34
2020-11-17,11,CUERNAVACA,914.94,784.01,56.87,74.06
2020-11-17,12,CUERNAVACA,912.43,778.87,59.81,73.75
2020-11-17,13,CUERNAVACA,928.8,800.3,58.24,70.26
2020-11-17,14,CUERNAVACA,809.04,755.77,53.25,.01
2020-11-17,15,CUERNAVACA,824.13,763.52,55.18,5.43
2020-11-17,16,CUERNAVACA,822.34,768.44,53.87,.03
2020-11-17,17,CUERNAVACA,820.73,770.26,50.45,.02
2020-11-17,18,CUERNAVACA,872.4,827.08,51.55,-6.23
2020-11-17,19,CUERNAVACA,984.99,715.53,40.91,228.55
2020-11-17,20,CUERNAVACA,1012.6,717.75,45,249.86
2020-11-17,21,CUERNAVACA,806.89,762.95,48.87,-4.93
2020-11-17,22,CUERNAVACA,669.2,632.53,36.67,0
2020-11-17,23,CUERNAVACA,617.07,584.81,32.26,0
2020-11-17,24,CUERNAVACA,612.25,580.72,31.53,0
2020-11-17,1,CULIACAN,515.39,552.9,-37.51,0
2020-11-17,2,CULIACAN,500.91,541.49,-40.58,0
2020-11-17,3,CULIACAN,482.79,522.07,-39.28,0
2020-11-17,4,CULIACAN,479.16,519.16,-39.99,0
2020-11-17,5,CULIACAN,485.24,531.31,-46.07,0
2020-11-17,6,CULIACAN,485.95,532.41,-46.46,0
2020-11-17,7,CULIACAN,507.9,561.91,-54.01,0
2020-11-17,8,CULIACAN,617.16,713.64,-82.53,-13.96
2020-11-17,9,CULIACAN,652.57,806.2,-105.02,-48.61
2020-11-17,10,CULIACAN,639.46,791.95,-110.74,-41.75
2020-11-17,11,CULIACAN,529.77,784.01,-122.47,-131.77
2020-11-17,12,CULIACAN,540.99,778.87,-118.69,-119.19
2020-11-17,13,CULIACAN,655.54,800.3,-103.6,-41.16
2020-11-17,14,CULIACAN,652.98,755.77,-93.54,-9.25
2020-11-17,15,CULIACAN,619.05,763.52,-89.99,-54.48
2020-11-17,16,CULIACAN,679.77,768.44,-85.62,-3.05
2020-11-17,17,CULIACAN,686.01,770.26,-82.29,-1.95
2020-11-17,18,CULIACAN,712.83,827.08,-62.77,-51.48
2020-11-17,19,CULIACAN,654.8,715.53,-53.32,-7.41
2020-11-17,20,CULIACAN,662.66,717.75,-52.32,-2.77
2020-11-17,21,CULIACAN,668.85,762.95,-53.35,-40.76
2020-11-17,22,CULIACAN,600.47,632.54,-32.06,0
2020-11-17,23,CULIACAN,558.3,584.81,-26.51,0
2020-11-17,24,CULIACAN,549.75,580.72,-30.97,0
2020-11-17,1,DURANGO,526.99,552.9,-25.92,0
2020-11-17,2,DURANGO,513.75,541.49,-27.75,0
2020-11-17,3,DURANGO,495.41,522.06,-26.66,0
2020-11-17,4,DURANGO,491.79,519.16,-27.36,0
2020-11-17,5,DURANGO,501.26,531.31,-30.06,0
2020-11-17,6,DURANGO,502.15,532.41,-30.26,0
2020-11-17,7,DURANGO,527.27,561.91,-34.64,0
2020-11-17,8,DURANGO,638.97,713.64,-58.07,-16.6
2020-11-17,9,DURANGO,667.88,806.2,-82.19,-56.13
2020-11-17,10,DURANGO,651.04,791.94,-92.96,-47.95
2020-11-17,11,DURANGO,571.86,784.01,-100.68,-111.47
2020-11-17,12,DURANGO,578.68,778.87,-97.62,-102.57
2020-11-17,13,DURANGO,659.64,800.3,-91.97,-48.7
2020-11-17,14,DURANGO,666.79,755.77,-82.96,-6.03
2020-11-17,15,DURANGO,648.44,763.52,-76.82,-38.26
2020-11-17,16,DURANGO,694.51,768.44,-72.26,-1.66
2020-11-17,17,DURANGO,698.38,770.26,-70.81,-1.07
2020-11-17,18,DURANGO,707.14,827.08,-49.06,-70.88
2020-11-17,19,DURANGO,651.02,715.53,-38.23,-26.28
2020-11-17,20,DURANGO,659.62,717.75,-36.79,-21.34
2020-11-17,21,DURANGO,670.23,762.95,-36.61,-56.11
2020-11-17,22,DURANGO,608.27,632.53,-24.27,0
2020-11-17,23,DURANGO,565.27,584.81,-19.53,0
2020-11-17,24,DURANGO,557.06,580.72,-23.66,0
2020-11-17,1,FRESNILLO,535.61,552.9,-17.29,0
2020-11-17,2,FRESNILLO,523.76,541.49,-17.73,0
2020-11-17,3,FRESNILLO,505.37,522.06,-16.7,0
2020-11-17,4,FRESNILLO,501.71,519.16,-17.45,0
2020-11-17,5,FRESNILLO,513.58,531.31,-17.73,0
2020-11-17,6,FRESNILLO,515.21,532.41,-17.2,0
2020-11-17,7,FRESNILLO,541.86,561.91,-20.05,0
2020-11-17,8,FRESNILLO,661.8,713.64,-33.98,-17.86
2020-11-17,9,FRESNILLO,703.78,806.2,-43.98,-58.44
2020-11-17,10,FRESNILLO,693.47,791.94,-49.19,-49.29
2020-11-17,11,FRESNILLO,666.15,784.01,-48.9,-68.96
2020-11-17,12,FRESNILLO,668.26,778.87,-44.69,-65.92
2020-11-17,13,FRESNILLO,705.52,800.3,-43.47,-51.31
2020-11-17,14,FRESNILLO,717.53,755.77,-37.05,-1.19
2020-11-17,15,FRESNILLO,718.83,763.52,-32.82,-11.87
2020-11-17,16,FRESNILLO,735.27,768.44,-33.17,0
2020-11-17,17,FRESNILLO,739.04,770.26,-31.21,0
2020-11-17,18,FRESNILLO,897.8,827.08,-23.79,94.5
2020-11-17,19,FRESNILLO,815,715.53,-17.57,117.05
2020-11-17,20,FRESNILLO,816.98,717.75,-17.11,116.34
2020-11-17,21,FRESNILLO,817.88,762.95,-19.3,74.23
2020-11-17,22,FRESNILLO,616.97,632.53,-15.56,0
2020-11-17,23,FRESNILLO,571.18,584.81,-13.63,0
2020-11-17,24,FRESNILLO,564.83,580.72,-15.89,0
2020-11-17,1,GUADALAJARA,557.83,552.9,4.92,0
2020-11-17,2,GUADALAJARA,544,541.49,2.51,0
2020-11-17,3,GUADALAJARA,524.12,522.06,2.05,0
2020-11-17,4,GUADALAJARA,520.12,519.16,.97,0
2020-11-17,5,GUADALAJARA,531.49,531.31,.18,0
2020-11-17,6,GUADALAJARA,533.78,532.41,1.37,0
2020-11-17,7,GUADALAJARA,565.57,561.91,3.66,0
2020-11-17,8,GUADALAJARA,709.83,713.64,3.36,-7.17
2020-11-17,9,GUADALAJARA,781.22,806.2,-.82,-24.16
2020-11-17,10,GUADALAJARA,769.89,791.95,-1.98,-20.08
2020-11-17,11,GUADALAJARA,769.4,784.01,-4.11,-10.5
2020-11-17,12,GUADALAJARA,765.44,778.87,-1.79,-11.64
2020-11-17,13,GUADALAJARA,788.23,800.3,6.92,-18.99
2020-11-17,14,GUADALAJARA,765.87,755.77,9.53,.57
2020-11-17,15,GUADALAJARA,780.7,763.52,13.36,3.82
2020-11-17,16,GUADALAJARA,782.35,768.44,14.37,-.45
2020-11-17,17,GUADALAJARA,785.7,770.26,15.73,-.29
2020-11-17,18,GUADALAJARA,854.52,827.08,20.79,6.64
2020-11-17,19,GUADALAJARA,777.21,715.53,14.85,46.83
2020-11-17,20,GUADALAJARA,782.24,717.75,14.11,50.38
2020-11-17,21,GUADALAJARA,785.42,762.95,17.2,5.27
2020-11-17,22,GUADALAJARA,650.58,632.53,18.04,0
2020-11-17,23,GUADALAJARA,600.99,584.81,16.18,0
2020-11-17,24,GUADALAJARA,595.16,580.72,14.45,0
2020-11-17,1,GUASAVE,502.55,552.9,-50.35,0
2020-11-17,2,GUASAVE,488.15,541.49,-53.34,0
2020-11-17,3,GUASAVE,471.02,522.06,-51.04,0
2020-11-17,4,GUASAVE,467.72,519.16,-51.44,0
2020-11-17,5,GUASAVE,472.5,531.31,-58.82,0
2020-11-17,6,GUASAVE,473.37,532.41,-59.05,0
2020-11-17,7,GUASAVE,492.92,561.91,-68.99,0
2020-11-17,8,GUASAVE,595.91,713.64,-103.39,-14.34
2020-11-17,9,GUASAVE,625.93,806.2,-129.93,-50.34
2020-11-17,10,GUASAVE,610.22,791.94,-138.67,-43.05
2020-11-17,11,GUASAVE,500.77,784.01,-152.18,-131.06
2020-11-17,12,GUASAVE,511,778.87,-149.13,-118.74
2020-11-17,13,GUASAVE,624.46,800.3,-133.23,-42.62
2020-11-17,14,GUASAVE,623.91,755.77,-122.46,-9.4
2020-11-17,15,GUASAVE,589.78,763.52,-120.08,-53.66
2020-11-17,16,GUASAVE,649.36,768.44,-115.47,-3.61
2020-11-17,17,GUASAVE,656.9,770.26,-111.04,-2.32
2020-11-17,18,GUASAVE,683.49,827.08,-88.44,-55.15
2020-11-17,19,GUASAVE,631.85,715.53,-72.93,-10.75
2020-11-17,20,GUASAVE,640.82,717.75,-70.9,-6.03
2020-11-17,21,GUASAVE,645.54,762.95,-73.75,-43.66
2020-11-17,22,GUASAVE,585.91,632.53,-46.63,0
2020-11-17,23,GUASAVE,545.22,584.81,-39.59,0
2020-11-17,24,GUASAVE,535.75,580.72,-44.97,0
2020-11-17,1,GUAYMAS,486.78,552.9,-66.12,0
2020-11-17,2,GUAYMAS,473.55,541.49,-67.95,0
2020-11-17,3,GUAYMAS,458,522.06,-64.06,0
2020-11-17,4,GUAYMAS,452.76,519.16,-66.4,0
2020-11-17,5,GUAYMAS,454.57,531.31,-76.75,0
2020-11-17,6,GUAYMAS,455.9,532.41,-76.52,0
2020-11-17,7,GUAYMAS,476.71,561.91,-85.2,0
2020-11-17,8,GUAYMAS,569.24,713.64,-128.68,-15.72
2020-11-17,9,GUAYMAS,589.39,806.2,-160.28,-56.52
2020-11-17,10,GUAYMAS,458.38,791.94,-188.15,-145.41
2020-11-17,11,GUAYMAS,448.7,784.01,-206.91,-128.39
2020-11-17,12,GUAYMAS,457.06,778.87,-204.76,-117.05
2020-11-17,13,GUAYMAS,473.12,800.3,-193.22,-133.96
2020-11-17,14,GUAYMAS,455.71,755.77,-178.33,-121.73
2020-11-17,15,GUAYMAS,458.97,763.52,-178.57,-125.98
2020-11-17,16,GUAYMAS,458.07,768.44,-176.11,-134.25
2020-11-17,17,GUAYMAS,466.8,770.26,-169.68,-133.78
2020-11-17,18,GUAYMAS,624.26,827.08,-134.18,-68.64
2020-11-17,19,GUAYMAS,594.76,715.53,-97.7,-23.06
2020-11-17,20,GUAYMAS,603.04,717.75,-96.65,-18.06
2020-11-17,21,GUAYMAS,603.81,762.95,-104.8,-54.35
2020-11-17,22,GUAYMAS,560.29,632.53,-72.25,0
2020-11-17,23,GUAYMAS,523.98,584.81,-60.83,0
2020-11-17,24,GUAYMAS,514.65,580.72,-66.07,0
2020-11-17,1,HERMOSILLO,481.51,552.9,-71.4,0
2020-11-17,2,HERMOSILLO,468.52,541.49,-72.97,0
2020-11-17,3,HERMOSILLO,453.1,522.06,-68.96,0
2020-11-17,4,HERMOSILLO,448.37,519.16,-70.79,0
2020-11-17,5,HERMOSILLO,449.52,531.31,-81.79,0
2020-11-17,6,HERMOSILLO,451.14,532.41,-81.27,0
2020-11-17,7,HERMOSILLO,470.67,561.91,-91.24,0
2020-11-17,8,HERMOSILLO,557.54,713.64,-139.9,-16.2
2020-11-17,9,HERMOSILLO,571.57,806.2,-175.93,-58.69
2020-11-17,10,HERMOSILLO,438.38,791.95,-206.53,-147.04
2020-11-17,11,HERMOSILLO,436.47,784.01,-219.88,-127.66
2020-11-17,12,HERMOSILLO,444.36,778.87,-217.92,-116.59
2020-11-17,13,HERMOSILLO,455.77,800.3,-209.12,-135.42
2020-11-17,14,HERMOSILLO,440.22,755.77,-193.68,-121.87
2020-11-17,15,HERMOSILLO,444.38,763.52,-193.99,-125.15
2020-11-17,16,HERMOSILLO,440.82,768.44,-192.81,-134.82
2020-11-17,17,HERMOSILLO,450.18,770.26,-185.94,-134.14
2020-11-17,18,HERMOSILLO,603.51,827.08,-151.29,-72.29
2020-11-17,19,HERMOSILLO,579.58,715.53,-109.58,-26.37
2020-11-17,20,HERMOSILLO,588.58,717.75,-107.89,-21.29
2020-11-17,21,HERMOSILLO,588.15,762.95,-117.59,-57.21
2020-11-17,22,HERMOSILLO,548.34,632.53,-84.2,0
2020-11-17,23,HERMOSILLO,514.52,584.81,-70.29,0
2020-11-17,24,HERMOSILLO,505.71,580.72,-75.01,0
2020-11-17,1,HUAJUAPAN,605.41,552.9,52.5,0
2020-11-17,2,HUAJUAPAN,590.36,541.49,48.87,0
2020-11-17,3,HUAJUAPAN,565.13,522.06,43.07,0
2020-11-17,4,HUAJUAPAN,564.55,519.16,45.39,0
2020-11-17,5,HUAJUAPAN,577.1,531.31,45.79,0
2020-11-17,6,HUAJUAPAN,579.66,532.41,47.25,0
2020-11-17,7,HUAJUAPAN,618.9,561.91,56.99,0
2020-11-17,8,HUAJUAPAN,818.7,713.64,75.81,29.24
2020-11-17,9,HUAJUAPAN,990.9,806.2,88.63,96.08
2020-11-17,10,HUAJUAPAN,961.32,791.94,89.07,80.31
2020-11-17,11,HUAJUAPAN,968,784.01,92.69,91.3
2020-11-17,12,HUAJUAPAN,963.66,778.87,96.79,88.01
2020-11-17,13,HUAJUAPAN,973.49,800.3,89.02,84.17
2020-11-17,14,HUAJUAPAN,835.82,755.77,80.06,-.01
2020-11-17,15,HUAJUAPAN,851.11,763.52,81.27,6.32
2020-11-17,16,HUAJUAPAN,851.79,768.44,83.29,.06
2020-11-17,17,HUAJUAPAN,851.86,770.26,81.56,.04
2020-11-17,18,HUAJUAPAN,907.64,827.08,88.41,-7.86
2020-11-17,19,HUAJUAPAN,1098.23,715.53,89.44,293.27
2020-11-17,20,HUAJUAPAN,1131.11,717.75,92.28,321.08
2020-11-17,21,HUAJUAPAN,849.47,762.95,92.73,-6.21
2020-11-17,22,HUAJUAPAN,701.14,632.53,68.61,0
2020-11-17,23,HUAJUAPAN,644.35,584.81,59.54,0
2020-11-17,24,HUAJUAPAN,635.25,580.72,54.54,0
2020-11-17,1,HUASTECA,542.02,552.9,-10.88,0
2020-11-17,2,HUASTECA,530.92,541.49,-10.58,0
2020-11-17,3,HUASTECA,512.28,522.06,-9.78,0
2020-11-17,4,HUASTECA,509.35,519.16,-9.81,0
2020-11-17,5,HUASTECA,520.69,531.31,-10.62,0
2020-11-17,6,HUASTECA,522.08,532.41,-10.33,0
2020-11-17,7,HUASTECA,546.14,561.91,-15.77,0
2020-11-17,8,HUASTECA,640.65,713.64,-28.8,-44.2
2020-11-17,9,HUASTECA,629.93,806.2,-31.11,-145.16
2020-11-17,10,HUASTECA,635.62,791.94,-33.48,-122.85
2020-11-17,11,HUASTECA,609.56,784.01,-30.2,-144.25
2020-11-17,12,HUASTECA,609.16,778.87,-28.39,-141.32
2020-11-17,13,HUASTECA,636.14,800.3,-33.13,-131.04
2020-11-17,14,HUASTECA,722.09,755.77,-33.51,-.18
2020-11-17,15,HUASTECA,718.34,763.52,-32.83,-12.34
2020-11-17,16,HUASTECA,736.09,768.44,-32.63,.29
2020-11-17,17,HUASTECA,738.95,770.26,-31.49,.19
2020-11-17,18,HUASTECA,772.57,827.08,-31.46,-23.06
2020-11-17,19,HUASTECA,712.41,715.53,-22.29,19.17
2020-11-17,20,HUASTECA,719.78,717.75,-21.25,23.28
2020-11-17,21,HUASTECA,719.61,762.95,-25.07,-18.28
2020-11-17,22,HUASTECA,611.1,632.53,-21.44,0
2020-11-17,23,HUASTECA,565.77,584.81,-19.03,0
2020-11-17,24,HUASTECA,560.05,580.72,-20.67,0
2020-11-17,1,HUATULCO,648.13,552.9,95.23,0
2020-11-17,2,HUATULCO,632.12,541.49,90.63,0
2020-11-17,3,HUATULCO,601.99,522.06,79.93,0
2020-11-17,4,HUATULCO,601.83,519.16,82.67,0
2020-11-17,5,HUATULCO,613.49,531.31,82.17,0
2020-11-17,6,HUATULCO,615.22,532.41,82.81,0
2020-11-17,7,HUATULCO,655.05,561.91,93.14,0
2020-11-17,8,HUATULCO,852.09,713.64,112.31,26.13
2020-11-17,9,HUATULCO,1020.62,806.2,129.11,85.32
2020-11-17,10,HUATULCO,994.92,791.94,131.6,71.37
2020-11-17,11,HUATULCO,996.86,784.01,131.31,81.54
2020-11-17,12,HUATULCO,996.88,778.87,138.95,79.05
2020-11-17,13,HUATULCO,1009.85,800.3,134.29,75.26
2020-11-17,14,HUATULCO,879.63,755.77,123.85,.01
2020-11-17,15,HUATULCO,896.71,763.52,127.33,5.86
2020-11-17,16,HUATULCO,902.93,768.44,134.46,.04
2020-11-17,17,HUATULCO,900.06,770.26,129.78,.02
2020-11-17,18,HUATULCO,957.05,827.08,136.57,-6.6
2020-11-17,19,HUATULCO,1103.23,715.53,138.98,248.72
2020-11-17,20,HUATULCO,1139.01,717.75,150.63,270.63
2020-11-17,21,HUATULCO,913.86,762.95,156.08,-5.17
2020-11-17,22,HUATULCO,754.6,632.53,122.06,0
2020-11-17,23,HUATULCO,691.88,584.81,107.08,0
2020-11-17,24,HUATULCO,682.42,580.72,101.71,0
2020-11-17,1,HUEJUTLA,541.11,552.9,-11.79,0
2020-11-17,2,HUEJUTLA,529.85,541.49,-11.64,0
2020-11-17,3,HUEJUTLA,510.64,522.06,-11.42,0
2020-11-17,4,HUEJUTLA,507.84,519.16,-11.32,0
2020-11-17,5,HUEJUTLA,518.22,531.31,-13.1,0
2020-11-17,6,HUEJUTLA,520.01,532.41,-12.4,0
2020-11-17,7,HUEJUTLA,545.05,561.91,-16.86,0
2020-11-17,8,HUEJUTLA,635.54,713.64,-28,-50.1
2020-11-17,9,HUEJUTLA,613.5,806.2,-28.04,-164.66
2020-11-17,10,HUEJUTLA,622.27,791.94,-30.34,-139.35
2020-11-17,11,HUEJUTLA,593.27,784.01,-27.53,-163.21
2020-11-17,12,HUEJUTLA,592.95,778.87,-25.97,-159.96
2020-11-17,13,HUEJUTLA,621.5,800.3,-30.03,-148.77
2020-11-17,14,HUEJUTLA,723.01,755.77,-32.59,-.17
2020-11-17,15,HUEJUTLA,718.07,763.52,-31.74,-13.71
2020-11-17,16,HUEJUTLA,735.95,768.44,-32.79,.31
2020-11-17,17,HUEJUTLA,736.63,770.26,-33.82,.2
2020-11-17,18,HUEJUTLA,764.13,827.08,-35.91,-27.04
2020-11-17,19,HUEJUTLA,708.15,715.53,-28.47,21.09
2020-11-17,20,HUEJUTLA,717.67,717.75,-25.87,25.79
2020-11-17,21,HUEJUTLA,713.14,762.95,-28.41,-21.41
2020-11-17,22,HUEJUTLA,607.52,632.53,-25.01,0
2020-11-17,23,HUEJUTLA,561.59,584.81,-23.22,0
2020-11-17,24,HUEJUTLA,557.35,580.72,-23.37,0
2020-11-17,1,IGUALA,609.05,552.9,56.15,0
2020-11-17,2,IGUALA,594.05,541.49,52.56,0
2020-11-17,3,IGUALA,571.54,522.06,49.47,0
2020-11-17,4,IGUALA,567.69,519.16,48.54,0
2020-11-17,5,IGUALA,580.04,531.31,48.72,0
2020-11-17,6,IGUALA,581.86,532.41,49.45,0
2020-11-17,7,IGUALA,619.42,561.91,57.51,0
2020-11-17,8,IGUALA,810.82,713.64,76.66,20.51
2020-11-17,9,IGUALA,960.25,806.2,87.03,67.03
2020-11-17,10,IGUALA,937.36,791.94,88.74,56.67
2020-11-17,11,IGUALA,921.28,784.01,71.38,65.89
2020-11-17,12,IGUALA,933.19,778.87,88.88,65.44
2020-11-17,13,IGUALA,955.24,800.3,93.05,61.89
2020-11-17,14,IGUALA,842.87,755.77,87.06,.04
2020-11-17,15,IGUALA,860.31,763.52,91.71,5.08
2020-11-17,16,IGUALA,858.58,768.44,90.14,0
2020-11-17,17,IGUALA,855.18,770.26,84.92,0
2020-11-17,18,IGUALA,908.89,827.08,86.68,-4.87
2020-11-17,19,IGUALA,965.53,715.53,48.26,201.75
2020-11-17,20,IGUALA,1007.63,717.75,69.4,220.49
2020-11-17,21,IGUALA,845.43,762.95,86.34,-3.86
2020-11-17,22,IGUALA,699.89,632.53,67.36,0
2020-11-17,23,IGUALA,644.19,584.81,59.38,0
2020-11-17,24,IGUALA,640.35,580.72,59.63,0
2020-11-17,1,IRAPUATO,563.72,552.9,10.82,0
2020-11-17,2,IRAPUATO,551.47,541.49,9.98,0
2020-11-17,3,IRAPUATO,531.46,522.07,9.39,0
2020-11-17,4,IRAPUATO,528.13,519.16,8.97,0
2020-11-17,5,IRAPUATO,540.64,531.31,9.32,0
2020-11-17,6,IRAPUATO,542.51,532.41,10.1,0
2020-11-17,7,IRAPUATO,574.43,561.91,12.52,0
2020-11-17,8,IRAPUATO,725.85,713.64,16.41,-4.2
2020-11-17,9,IRAPUATO,809.71,806.2,17.43,-13.91
2020-11-17,10,IRAPUATO,797.07,791.95,16.83,-11.7
2020-11-17,11,IRAPUATO,786.29,784.01,14.59,-12.31
2020-11-17,12,IRAPUATO,782.47,778.87,15.78,-12.18
2020-11-17,13,IRAPUATO,807.51,800.3,19.78,-12.57
2020-11-17,14,IRAPUATO,775.29,755.77,19.48,.03
2020-11-17,15,IRAPUATO,784.66,763.52,21.54,-.4
2020-11-17,16,IRAPUATO,790.05,768.44,21.72,-.11
2020-11-17,17,IRAPUATO,793.29,770.26,23.1,-.07
2020-11-17,18,IRAPUATO,864.3,827.08,25.8,11.42
2020-11-17,19,IRAPUATO,772.33,715.53,22.16,34.65
2020-11-17,20,IRAPUATO,776.27,717.75,21.91,36.61
2020-11-17,21,IRAPUATO,795.6,762.95,23.6,9.05
2020-11-17,22,IRAPUATO,652.49,632.53,19.96,0
2020-11-17,23,IRAPUATO,602.24,584.81,17.43,0
2020-11-17,24,IRAPUATO,597.49,580.72,16.77,0
2020-11-17,1,IXMIQUILPAN,574.57,552.9,21.66,0
2020-11-17,2,IXMIQUILPAN,564.99,541.49,23.5,0
2020-11-17,3,IXMIQUILPAN,544.45,522.06,22.38,0
2020-11-17,4,IXMIQUILPAN,541.95,519.16,22.79,0
2020-11-17,5,IXMIQUILPAN,554.58,531.31,23.26,0
2020-11-17,6,IXMIQUILPAN,554.44,532.41,22.03,0
2020-11-17,7,IXMIQUILPAN,587.91,561.91,26,0
2020-11-17,8,IXMIQUILPAN,763.27,713.64,38.51,11.11
2020-11-17,9,IXMIQUILPAN,876.34,806.2,33.62,36.52
2020-11-17,10,IXMIQUILPAN,871.06,791.94,48.34,30.78
2020-11-17,11,IXMIQUILPAN,864.45,784.01,45.01,35.43
2020-11-17,12,IXMIQUILPAN,843.69,778.87,29.91,34.91
2020-11-17,13,IXMIQUILPAN,866.03,800.3,32.39,33.35
2020-11-17,14,IXMIQUILPAN,792.1,755.77,36.33,-.01
2020-11-17,15,IXMIQUILPAN,775.89,763.52,9.87,2.5
2020-11-17,16,IXMIQUILPAN,802.81,768.44,34.36,.02
2020-11-17,17,IXMIQUILPAN,803.17,770.26,32.9,.01
2020-11-17,18,IXMIQUILPAN,860.25,827.08,35.16,-2
2020-11-17,19,IXMIQUILPAN,758.22,715.53,33.29,9.41
2020-11-17,20,IXMIQUILPAN,764.5,717.75,35.9,10.85
2020-11-17,21,IXMIQUILPAN,798.98,762.95,37.5,-1.48
2020-11-17,22,IXMIQUILPAN,662.32,632.53,29.78,0
2020-11-17,23,IXMIQUILPAN,610.99,584.81,26.18,0
2020-11-17,24,IXMIQUILPAN,607.68,580.72,26.96,0
2020-11-17,1,IZUCAR,590.01,552.9,37.11,0
2020-11-17,2,IZUCAR,575.55,541.49,34.06,0
2020-11-17,3,IZUCAR,552.35,522.06,30.28,0
2020-11-17,4,IZUCAR,550.8,519.16,31.65,0
2020-11-17,5,IZUCAR,562.87,531.31,31.55,0
2020-11-17,6,IZUCAR,565.11,532.41,32.7,0
2020-11-17,7,IZUCAR,602.23,561.91,40.32,0
2020-11-17,8,IZUCAR,797.47,713.64,55.71,28.12
2020-11-17,9,IZUCAR,964.17,806.2,64.52,93.45
2020-11-17,10,IZUCAR,935.38,791.94,64.79,78.65
2020-11-17,11,IZUCAR,942.23,784.01,68.36,89.86
2020-11-17,12,IZUCAR,937.37,778.87,71.77,86.73
2020-11-17,13,IZUCAR,949.43,800.3,66.18,82.95
2020-11-17,14,IZUCAR,815.6,755.77,59.84,-.01
2020-11-17,15,IZUCAR,830.58,763.52,60.86,6.2
2020-11-17,16,IZUCAR,828.89,768.44,60.39,.06
2020-11-17,17,IZUCAR,828.52,770.26,58.22,.04
2020-11-17,18,IZUCAR,880.75,827.08,61.37,-7.7
2020-11-17,19,IZUCAR,1086.77,715.53,58.34,312.9
2020-11-17,20,IZUCAR,1119.93,717.75,60.22,341.96
2020-11-17,21,IZUCAR,817.84,762.95,60.98,-6.1
2020-11-17,22,IZUCAR,678.5,632.53,45.96,0
2020-11-17,23,IZUCAR,625.03,584.81,40.22,0
2020-11-17,24,IZUCAR,618.58,580.72,37.86,0
2020-11-17,1,JIQUILPAN,562.69,552.9,9.79,0
2020-11-17,2,JIQUILPAN,549.28,541.49,7.79,0
2020-11-17,3,JIQUILPAN,529.52,522.06,7.46,0
2020-11-17,4,JIQUILPAN,525.14,519.16,5.98,0
2020-11-17,5,JIQUILPAN,536.85,531.31,5.53,0
2020-11-17,6,JIQUILPAN,539.21,532.41,6.8,0
2020-11-17,7,JIQUILPAN,572.68,561.91,10.77,0
2020-11-17,8,JIQUILPAN,724.48,713.64,13.89,-3.06
2020-11-17,9,JIQUILPAN,807.37,806.2,11.62,-10.44
2020-11-17,10,JIQUILPAN,795.25,791.94,11.93,-8.63
2020-11-17,11,JIQUILPAN,789.36,784.01,8.39,-3.04
2020-11-17,12,JIQUILPAN,783.84,778.87,8.55,-3.58
2020-11-17,13,JIQUILPAN,810.48,800.3,17.98,-7.81
2020-11-17,14,JIQUILPAN,774.71,755.77,18.64,.3
2020-11-17,15,JIQUILPAN,788.74,763.52,22.95,2.27
2020-11-17,16,JIQUILPAN,790.5,768.44,22.33,-.27
2020-11-17,17,JIQUILPAN,791.01,770.26,20.93,-.17
2020-11-17,18,JIQUILPAN,856.38,827.08,21.92,7.38
2020-11-17,19,JIQUILPAN,786.11,715.53,17.14,53.45
2020-11-17,20,JIQUILPAN,791.9,717.75,16.63,57.52
2020-11-17,21,JIQUILPAN,789.05,762.95,20.26,5.84
2020-11-17,22,JIQUILPAN,651.26,632.53,18.72,0
2020-11-17,23,JIQUILPAN,600.98,584.81,16.17,0
2020-11-17,24,JIQUILPAN,597.68,580.72,16.97,0
2020-11-17,1,JUAREZ,484.22,552.9,-68.69,0
2020-11-17,2,JUAREZ,472.58,541.49,-68.91,0
2020-11-17,3,JUAREZ,455.61,522.07,-66.45,0
2020-11-17,4,JUAREZ,455.45,519.16,-63.71,0
2020-11-17,5,JUAREZ,455.46,531.31,-75.85,0
2020-11-17,6,JUAREZ,458.23,532.41,-74.18,0
2020-11-17,7,JUAREZ,476.95,561.91,-84.96,0
2020-11-17,8,JUAREZ,541.61,713.64,-151.32,-20.72
2020-11-17,9,JUAREZ,550,806.2,-177.16,-79.04
2020-11-17,10,JUAREZ,523.17,791.94,-204.62,-64.15
2020-11-17,11,JUAREZ,472.41,784.01,-192.22,-119.38
2020-11-17,12,JUAREZ,468.38,778.87,-199.16,-111.32
2020-11-17,13,JUAREZ,514.18,800.3,-220.2,-65.92
2020-11-17,14,JUAREZ,543.7,755.77,-200.4,-11.67
2020-11-17,15,JUAREZ,522.96,763.52,-200.2,-40.36
2020-11-17,16,JUAREZ,543.91,768.44,-211.87,-12.65
2020-11-17,17,JUAREZ,548.15,770.26,-214.01,-8.1
2020-11-17,18,JUAREZ,545.44,827.08,-167.73,-113.91
2020-11-17,19,JUAREZ,529.07,715.53,-122.14,-64.32
2020-11-17,20,JUAREZ,544.57,717.75,-114.78,-58.4
2020-11-17,21,JUAREZ,545.1,762.95,-127.65,-90.2
2020-11-17,22,JUAREZ,528.72,632.53,-103.82,0
2020-11-17,23,JUAREZ,506.77,584.81,-78.03,0
2020-11-17,24,JUAREZ,500.08,580.72,-80.64,0
2020-11-17,1,LAGUNA,527.85,552.9,-25.05,0
2020-11-17,2,LAGUNA,516.11,541.49,-25.38,0
2020-11-17,3,LAGUNA,498.24,522.07,-23.82,0
2020-11-17,4,LAGUNA,494.15,519.16,-25.01,0
2020-11-17,5,LAGUNA,504.6,531.31,-26.72,0
2020-11-17,6,LAGUNA,506.15,532.41,-26.27,0
2020-11-17,7,LAGUNA,531.1,561.91,-30.81,0
2020-11-17,8,LAGUNA,632.43,713.64,-60.35,-20.87
2020-11-17,9,LAGUNA,646.63,806.2,-89.03,-70.53
2020-11-17,10,LAGUNA,630.56,791.95,-101.66,-59.73
2020-11-17,11,LAGUNA,570.75,784.01,-103.91,-109.35
2020-11-17,12,LAGUNA,575.89,778.87,-100.62,-102.36
2020-11-17,13,LAGUNA,639.71,800.3,-98.76,-61.83
2020-11-17,14,LAGUNA,662.24,755.77,-88.62,-4.92
2020-11-17,15,LAGUNA,646.02,763.52,-87.04,-30.46
2020-11-17,16,LAGUNA,681.57,768.44,-84.77,-2.09
2020-11-17,17,LAGUNA,683.47,770.26,-85.45,-1.34
2020-11-17,18,LAGUNA,643.26,827.08,-60.6,-123.23
2020-11-17,19,LAGUNA,599.15,715.53,-43.29,-73.08
2020-11-17,20,LAGUNA,607.71,717.75,-43.06,-66.99
2020-11-17,21,LAGUNA,619.67,762.95,-45.72,-97.56
2020-11-17,22,LAGUNA,598.03,632.53,-34.51,0
2020-11-17,23,LAGUNA,560.12,584.81,-24.68,0
2020-11-17,24,LAGUNA,553.08,580.72,-27.63,0
2020-11-17,1,LAZARO CARDENAS,575.04,552.9,22.14,0
2020-11-17,2,LAZARO CARDENAS,563.08,541.49,21.59,0
2020-11-17,3,LAZARO CARDENAS,544.6,522.06,22.54,0
2020-11-17,4,LAZARO CARDENAS,538.08,519.16,18.92,0
2020-11-17,5,LAZARO CARDENAS,550.08,531.31,18.77,0
2020-11-17,6,LAZARO CARDENAS,552.06,532.41,19.65,0
2020-11-17,7,LAZARO CARDENAS,589.54,561.91,27.63,0
2020-11-17,8,LAZARO CARDENAS,759.06,713.64,34.44,10.97
2020-11-17,9,LAZARO CARDENAS,870.54,806.2,28.62,35.73
2020-11-17,10,LAZARO CARDENAS,854.32,791.94,32.07,30.3
2020-11-17,11,LAZARO CARDENAS,848.43,784.01,26.61,37.81
2020-11-17,12,LAZARO CARDENAS,834.32,778.87,18.33,37.11
2020-11-17,13,LAZARO CARDENAS,868.8,800.3,35.08,33.42
2020-11-17,14,LAZARO CARDENAS,787.62,755.77,31.71,.14
2020-11-17,15,LAZARO CARDENAS,808.72,763.52,41.36,3.85
2020-11-17,16,LAZARO CARDENAS,805.19,768.44,36.85,-.1
2020-11-17,17,LAZARO CARDENAS,797.25,770.26,27.05,-.06
2020-11-17,18,LAZARO CARDENAS,846.02,827.08,19.23,-.3
2020-11-17,19,LAZARO CARDENAS,836.28,715.53,10.76,109.99
2020-11-17,20,LAZARO CARDENAS,847.84,717.75,10.09,120
2020-11-17,21,LAZARO CARDENAS,779.72,762.95,17.01,-.25
2020-11-17,22,LAZARO CARDENAS,647.49,632.53,14.96,0
2020-11-17,23,LAZARO CARDENAS,598.69,584.81,13.89,0
2020-11-17,24,LAZARO CARDENAS,606.7,580.72,25.98,0
2020-11-17,1,LEON,564.25,552.9,11.35,0
2020-11-17,2,LEON,551.61,541.49,10.12,0
2020-11-17,3,LEON,531.6,522.07,9.54,0
2020-11-17,4,LEON,528.26,519.16,9.11,0
2020-11-17,5,LEON,540.81,531.31,9.5,0
2020-11-17,6,LEON,542.95,532.41,10.54,0
2020-11-17,7,LEON,574.47,561.91,12.57,0
2020-11-17,8,LEON,723.3,713.64,16.09,-6.43
2020-11-17,9,LEON,802.69,806.2,17.8,-21.31
2020-11-17,10,LEON,791.04,791.95,17.05,-17.96
2020-11-17,11,LEON,779.38,784.01,15.41,-20.05
2020-11-17,12,LEON,776.37,778.87,17.2,-19.7
2020-11-17,13,LEON,802.92,800.3,21.68,-19.06
2020-11-17,14,LEON,777.38,755.77,21.64,-.03
2020-11-17,15,LEON,785.7,763.52,23.53,-1.35
2020-11-17,16,LEON,792.81,768.44,24.48,-.1
2020-11-17,17,LEON,797.15,770.26,26.96,-.07
2020-11-17,18,LEON,874.48,827.08,30.9,16.49
2020-11-17,19,LEON,781.09,715.53,25.79,39.77
2020-11-17,20,LEON,784.14,717.75,24.73,41.66
2020-11-17,21,LEON,802.02,762.95,26.02,13.05
2020-11-17,22,LEON,654.29,632.53,21.75,0
2020-11-17,23,LEON,604.18,584.81,19.37,0
2020-11-17,24,LEON,598.47,580.72,17.76,0
2020-11-17,1,LOS ALTOS,564.32,552.9,11.42,0
2020-11-17,2,LOS ALTOS,551.31,541.49,9.82,0
2020-11-17,3,LOS ALTOS,531.62,522.06,9.56,0
2020-11-17,4,LOS ALTOS,528.2,519.16,9.05,0
2020-11-17,5,LOS ALTOS,540.44,531.31,9.13,0
2020-11-17,6,LOS ALTOS,542.96,532.41,10.55,0
2020-11-17,7,LOS ALTOS,575.37,561.91,13.46,0
2020-11-17,8,LOS ALTOS,720.45,713.64,16.05,-9.24
2020-11-17,9,LOS ALTOS,789.81,806.2,13.88,-30.26
2020-11-17,10,LOS ALTOS,777.83,791.94,11.28,-25.39
2020-11-17,11,LOS ALTOS,766.45,784.01,9.23,-26.79
2020-11-17,12,LOS ALTOS,764.92,778.87,12.49,-26.44
2020-11-17,13,LOS ALTOS,792.23,800.3,17.88,-25.95
2020-11-17,14,LOS ALTOS,774.54,755.77,18.77,-.01
2020-11-17,15,LOS ALTOS,782.92,763.52,20.97,-1.56
2020-11-17,16,LOS ALTOS,792.04,768.44,23.79,-.18
2020-11-17,17,LOS ALTOS,797.7,770.26,27.56,-.11
2020-11-17,18,LOS ALTOS,881.63,827.08,32.97,21.58
2020-11-17,19,LOS ALTOS,798.85,715.53,28.08,55.25
2020-11-17,20,LOS ALTOS,802.96,717.75,27.21,58.01
2020-11-17,21,LOS ALTOS,808.22,762.95,28.19,17.08
2020-11-17,22,LOS ALTOS,656.27,632.53,23.74,0
2020-11-17,23,LOS ALTOS,605.47,584.81,20.66,0
2020-11-17,24,LOS ALTOS,599.37,580.72,18.66,0
2020-11-17,1,LOS MOCHIS,490.95,552.9,-61.96,0
2020-11-17,2,LOS MOCHIS,477.13,541.49,-64.36,0
2020-11-17,3,LOS MOCHIS,461.39,522.07,-60.67,0
2020-11-17,4,LOS MOCHIS,458.66,519.16,-60.5,0
2020-11-17,5,LOS MOCHIS,463.08,531.31,-68.24,0
2020-11-17,6,LOS MOCHIS,464.02,532.41,-68.39,0
2020-11-17,7,LOS MOCHIS,482.17,561.91,-79.74,0
2020-11-17,8,LOS MOCHIS,581.24,713.64,-117.87,-14.53
2020-11-17,9,LOS MOCHIS,608.48,806.2,-146.51,-51.2
2020-11-17,10,LOS MOCHIS,591.59,791.95,-156.66,-43.7
2020-11-17,11,LOS MOCHIS,482.73,784.01,-170.57,-130.71
2020-11-17,12,LOS MOCHIS,491.57,778.87,-168.78,-118.53
2020-11-17,13,LOS MOCHIS,604.36,800.3,-152.61,-43.34
2020-11-17,14,LOS MOCHIS,604.74,755.77,-141.56,-9.47
2020-11-17,15,LOS MOCHIS,570.24,763.52,-140.02,-53.26
2020-11-17,16,LOS MOCHIS,628.96,768.44,-135.58,-3.89
2020-11-17,17,LOS MOCHIS,636.86,770.26,-130.91,-2.5
2020-11-17,18,LOS MOCHIS,661.42,827.08,-108.73,-56.94
2020-11-17,19,LOS MOCHIS,613.4,715.53,-89.74,-12.38
2020-11-17,20,LOS MOCHIS,621.66,717.75,-88.46,-7.63
2020-11-17,21,LOS MOCHIS,624.6,762.95,-93.27,-45.08
2020-11-17,22,LOS MOCHIS,570.41,632.53,-62.13,0
2020-11-17,23,LOS MOCHIS,531.16,584.81,-53.65,0
2020-11-17,24,LOS MOCHIS,522.02,580.72,-58.7,0
2020-11-17,1,LOS RIOS,594.39,552.9,41.49,0
2020-11-17,2,LOS RIOS,579.77,541.49,38.28,0
2020-11-17,3,LOS RIOS,553.5,522.07,31.43,0
2020-11-17,4,LOS RIOS,554.84,519.16,35.69,0
2020-11-17,5,LOS RIOS,564.7,531.31,33.39,0
2020-11-17,6,LOS RIOS,564.24,532.41,31.83,0
2020-11-17,7,LOS RIOS,597.26,561.91,35.35,0
2020-11-17,8,LOS RIOS,789.97,713.64,46.5,29.83
2020-11-17,9,LOS RIOS,963.1,806.2,59.39,97.52
2020-11-17,10,LOS RIOS,936.15,791.94,62.85,81.36
2020-11-17,11,LOS RIOS,939.72,784.01,63.81,91.9
2020-11-17,12,LOS RIOS,936.81,778.87,69.56,88.38
2020-11-17,13,LOS RIOS,931.32,800.3,46.48,84.54
2020-11-17,14,LOS RIOS,794.99,755.77,39.23,-.01
2020-11-17,15,LOS RIOS,813.05,763.52,43.19,6.35
2020-11-17,16,LOS RIOS,821.16,768.44,52.66,.06
2020-11-17,17,LOS RIOS,821.66,770.26,51.36,.04
2020-11-17,18,LOS RIOS,875.61,827.08,56.43,-7.9
2020-11-17,19,LOS RIOS,1060.57,715.53,57.46,287.58
2020-11-17,20,LOS RIOS,1087.18,717.75,55.03,314.39
2020-11-17,21,LOS RIOS,806.1,762.95,49.41,-6.26
2020-11-17,22,LOS RIOS,668.7,632.53,36.17,0
2020-11-17,23,LOS RIOS,621.68,584.81,36.87,0
2020-11-17,24,LOS RIOS,615.59,580.72,34.87,0
2020-11-17,1,LOS TUXTLAS,580.7,552.9,27.8,0
2020-11-17,2,LOS TUXTLAS,566.12,541.49,24.63,0
2020-11-17,3,LOS TUXTLAS,541.48,522.06,19.42,0
2020-11-17,4,LOS TUXTLAS,541.81,519.16,22.66,0
2020-11-17,5,LOS TUXTLAS,552.6,531.31,21.28,0
2020-11-17,6,LOS TUXTLAS,553.21,532.41,20.8,0
2020-11-17,7,LOS TUXTLAS,588.57,561.91,26.66,0
2020-11-17,8,LOS TUXTLAS,779.55,713.64,35.71,30.2
2020-11-17,9,LOS TUXTLAS,949.67,806.2,45.01,98.46
2020-11-17,10,LOS TUXTLAS,922.09,791.94,47.93,82.21
2020-11-17,11,LOS TUXTLAS,928.08,784.01,51.13,92.94
2020-11-17,12,LOS TUXTLAS,925.51,778.87,57.14,89.51
2020-11-17,13,LOS TUXTLAS,929.03,800.3,43.06,85.67
2020-11-17,14,LOS TUXTLAS,793.41,755.77,37.65,-.01
2020-11-17,15,LOS TUXTLAS,808.16,763.52,38.23,6.41
2020-11-17,16,LOS TUXTLAS,809.02,768.44,40.52,.06
2020-11-17,17,LOS TUXTLAS,808.61,770.26,38.31,.04
2020-11-17,18,LOS TUXTLAS,861.22,827.08,42.14,-8
2020-11-17,19,LOS TUXTLAS,1042.29,715.53,43.17,283.6
2020-11-17,20,LOS TUXTLAS,1069.33,717.75,41.52,310.06
2020-11-17,21,LOS TUXTLAS,796.47,762.95,39.85,-6.33
2020-11-17,22,LOS TUXTLAS,660.23,632.53,27.69,0
2020-11-17,23,LOS TUXTLAS,610.32,584.81,25.51,0
2020-11-17,24,LOS TUXTLAS,603.26,580.72,22.55,0
2020-11-17,1,MANZANILLO,553.3,552.9,.4,0
2020-11-17,2,MANZANILLO,539.8,541.49,-1.69,0
2020-11-17,3,MANZANILLO,520.25,522.06,-1.81,0
2020-11-17,4,MANZANILLO,516.05,519.16,-3.11,0
2020-11-17,5,MANZANILLO,527.5,531.31,-3.82,0
2020-11-17,6,MANZANILLO,529.64,532.41,-2.77,0
2020-11-17,7,MANZANILLO,561.29,561.91,-.62,0
2020-11-17,8,MANZANILLO,705.81,713.64,-2.26,-5.57
2020-11-17,9,MANZANILLO,779.48,806.2,-7.88,-18.83
2020-11-17,10,MANZANILLO,768.21,791.95,-8.13,-15.61
2020-11-17,11,MANZANILLO,767.08,784.01,-10.04,-6.89
2020-11-17,12,MANZANILLO,761.82,778.87,-8.77,-8.28
2020-11-17,13,MANZANILLO,784.4,800.3,-1.58,-14.32
2020-11-17,14,MANZANILLO,757.41,755.77,1.16,.49
2020-11-17,15,MANZANILLO,772.13,763.52,5.18,3.43
2020-11-17,16,MANZANILLO,772.83,768.44,4.79,-.39
2020-11-17,17,MANZANILLO,774.97,770.26,4.96,-.25
2020-11-17,18,MANZANILLO,840.83,827.08,7.11,6.63
2020-11-17,19,MANZANILLO,770.9,715.53,4.55,50.82
2020-11-17,20,MANZANILLO,777.02,717.75,4.54,54.72
2020-11-17,21,MANZANILLO,775.85,762.95,7.65,5.25
2020-11-17,22,MANZANILLO,641.73,632.53,9.19,0
2020-11-17,23,MANZANILLO,592.62,584.81,7.81,0
2020-11-17,24,MANZANILLO,587.87,580.72,7.15,0
2020-11-17,1,MATAMOROS,477.4,552.9,-75.51,0
2020-11-17,2,MATAMOROS,470.64,541.49,-70.86,0
2020-11-17,3,MATAMOROS,456.08,522.06,-65.99,0
2020-11-17,4,MATAMOROS,453.55,519.16,-65.6,0
2020-11-17,5,MATAMOROS,461.18,531.31,-70.13,0
2020-11-17,6,MATAMOROS,462.81,532.41,-69.6,0
2020-11-17,7,MATAMOROS,480.87,561.91,-81.04,0
2020-11-17,8,MATAMOROS,569.24,713.64,-117.4,-27.01
2020-11-17,9,MATAMOROS,305.78,806.2,-112.73,-387.69
2020-11-17,10,MATAMOROS,436.65,791.94,-117.73,-237.57
2020-11-17,11,MATAMOROS,435.02,784.01,-118.48,-230.51
2020-11-17,12,MATAMOROS,445.11,778.87,-111.8,-221.96
2020-11-17,13,MATAMOROS,443.55,800.3,-115.85,-240.9
2020-11-17,14,MATAMOROS,441.94,755.77,-105.87,-207.96
2020-11-17,15,MATAMOROS,438.74,763.52,-105.86,-218.92
2020-11-17,16,MATAMOROS,307.72,768.44,-107.47,-353.25
2020-11-17,17,MATAMOROS,433.77,770.26,-110.1,-226.39
2020-11-17,18,MATAMOROS,524.94,827.08,-138.95,-163.2
2020-11-17,19,MATAMOROS,480.76,715.53,-125.69,-109.08
2020-11-17,20,MATAMOROS,488.57,717.75,-127.07,-102.12
2020-11-17,21,MATAMOROS,500.66,762.95,-133.09,-129.21
2020-11-17,22,MATAMOROS,524.66,632.53,-107.87,0
2020-11-17,23,MATAMOROS,492.22,584.81,-92.59,0
2020-11-17,24,MATAMOROS,489.51,580.72,-91.21,0
2020-11-17,1,MATEHUALA,556.5,552.9,3.6,0
2020-11-17,2,MATEHUALA,545.5,541.49,4.01,0
2020-11-17,3,MATEHUALA,524.81,522.06,2.75,0
2020-11-17,4,MATEHUALA,525.01,519.16,5.85,0
2020-11-17,5,MATEHUALA,541.96,531.31,10.65,0
2020-11-17,6,MATEHUALA,544.45,532.41,12.04,0
2020-11-17,7,MATEHUALA,574.33,561.91,12.42,0
2020-11-17,8,MATEHUALA,705.81,713.64,11.53,-19.37
2020-11-17,9,MATEHUALA,752.89,806.2,10.44,-63.75
2020-11-17,10,MATEHUALA,742.57,791.94,4.5,-53.88
2020-11-17,11,MATEHUALA,723.52,784.01,2.38,-62.87
2020-11-17,12,MATEHUALA,723.05,778.87,5.7,-61.52
2020-11-17,13,MATEHUALA,750.42,800.3,7.07,-56.95
2020-11-17,14,MATEHUALA,763.07,755.77,7.44,-.15
2020-11-17,15,MATEHUALA,769.26,763.52,11.25,-5.51
2020-11-17,16,MATEHUALA,778.39,768.44,9.93,.03
2020-11-17,17,MATEHUALA,781.93,770.26,11.66,.02
2020-11-17,18,MATEHUALA,855.3,827.08,15.1,13.12
2020-11-17,19,MATEHUALA,768.82,715.53,10.57,42.72
2020-11-17,20,MATEHUALA,774.51,717.75,11.53,45.23
2020-11-17,21,MATEHUALA,780.65,762.95,7.31,10.38
2020-11-17,22,MATEHUALA,634.08,632.53,1.54,0
2020-11-17,23,MATEHUALA,595.42,584.81,10.61,0
2020-11-17,24,MATEHUALA,592.19,580.72,11.48,0
2020-11-17,1,MAZATLAN,533.32,552.9,-19.59,0
2020-11-17,2,MAZATLAN,518.85,541.49,-22.64,0
2020-11-17,3,MAZATLAN,499.9,522.06,-22.16,0
2020-11-17,4,MAZATLAN,495.9,519.16,-23.26,0
2020-11-17,5,MAZATLAN,504.07,531.31,-27.24,0
2020-11-17,6,MAZATLAN,505.2,532.41,-27.21,0
2020-11-17,7,MAZATLAN,530.06,561.91,-31.85,0
2020-11-17,8,MAZATLAN,647.88,713.64,-52.35,-13.41
2020-11-17,9,MAZATLAN,689.13,806.2,-71.03,-46.03
2020-11-17,10,MAZATLAN,675.79,791.94,-76.33,-39.83
2020-11-17,11,MAZATLAN,566.87,784.01,-84.7,-132.44
2020-11-17,12,MAZATLAN,578.29,778.87,-81.05,-119.53
2020-11-17,13,MAZATLAN,692.41,800.3,-68.85,-39.04
2020-11-17,14,MAZATLAN,686.39,755.77,-60.43,-8.95
2020-11-17,15,MAZATLAN,652.22,763.52,-55.9,-55.4
2020-11-17,16,MAZATLAN,714.46,768.44,-51.86,-2.12
2020-11-17,17,MAZATLAN,719.21,770.26,-49.69,-1.36
2020-11-17,18,MAZATLAN,747.45,827.08,-33.49,-46.14
2020-11-17,19,MAZATLAN,682.6,715.53,-30.36,-2.57
2020-11-17,20,MAZATLAN,690.6,717.75,-29.11,1.96
2020-11-17,21,MAZATLAN,699.35,762.95,-27.08,-36.53
2020-11-17,22,MAZATLAN,620.38,632.53,-12.16,0
2020-11-17,23,MAZATLAN,576.11,584.81,-8.7,0
2020-11-17,24,MAZATLAN,568.18,580.72,-12.54,0
2020-11-17,1,MERIDA,601.06,552.9,48.15,0
2020-11-17,2,MERIDA,587.2,541.49,45.71,0
2020-11-17,3,MERIDA,557.52,522.06,35.46,0
2020-11-17,4,MERIDA,555.7,519.16,36.54,0
2020-11-17,5,MERIDA,562.97,531.31,31.65,0
2020-11-17,6,MERIDA,560.44,532.41,28.03,0
2020-11-17,7,MERIDA,589.44,561.91,27.54,0
2020-11-17,8,MERIDA,785.91,713.64,42.44,29.83
2020-11-17,9,MERIDA,963.21,806.2,59.5,97.52
2020-11-17,10,MERIDA,942.6,791.95,69.3,81.36
2020-11-17,11,MERIDA,949.47,784.01,73.57,91.9
2020-11-17,12,MERIDA,939.47,778.87,70.88,89.73
2020-11-17,13,MERIDA,931.36,800.3,45.17,85.89
2020-11-17,14,MERIDA,794.62,755.77,38.86,-.01
2020-11-17,15,MERIDA,830.86,763.52,61,6.35
2020-11-17,16,MERIDA,845.74,768.44,77.25,.06
2020-11-17,17,MERIDA,846.3,770.26,76,.04
2020-11-17,18,MERIDA,903.03,827.08,83.85,-7.9
2020-11-17,19,MERIDA,1083.25,715.53,80.14,287.58
2020-11-17,20,MERIDA,1107.26,717.75,75.12,314.39
2020-11-17,21,MERIDA,824.62,762.95,67.92,-6.26
2020-11-17,22,MERIDA,683.18,632.53,50.65,0
2020-11-17,23,MERIDA,634.09,584.81,49.29,0
2020-11-17,24,MERIDA,625.29,580.72,44.58,0
2020-11-17,1,MINAS,584.35,552.9,31.45,0
2020-11-17,2,MINAS,567.63,541.49,26.14,0
2020-11-17,3,MINAS,545.79,522.06,23.73,0
2020-11-17,4,MINAS,541.19,519.16,22.03,0
2020-11-17,5,MINAS,552.84,531.31,21.53,0
2020-11-17,6,MINAS,556.31,532.41,23.9,0
2020-11-17,7,MINAS,590.11,561.91,28.2,0
2020-11-17,8,MINAS,739.63,713.64,33.09,-7.11
2020-11-17,9,MINAS,820.08,806.2,37.85,-23.96
2020-11-17,10,MINAS,811.4,791.94,39.34,-19.88
2020-11-17,11,MINAS,811.49,784.01,36.11,-8.63
2020-11-17,12,MINAS,794.51,778.87,38.82,-23.18
2020-11-17,13,MINAS,832.01,800.3,50.6,-18.89
2020-11-17,14,MINAS,807.02,755.77,50.57,.68
2020-11-17,15,MINAS,815.82,763.52,47.55,4.76
2020-11-17,16,MINAS,817.69,768.44,49.76,-.51
2020-11-17,17,MINAS,824.59,770.26,54.66,-.33
2020-11-17,18,MINAS,898.51,827.08,67.05,4.38
2020-11-17,19,MINAS,823.5,715.53,61.93,46.04
2020-11-17,20,MINAS,827.35,717.75,59.93,49.67
2020-11-17,21,MINAS,830.55,762.95,64.16,3.43
2020-11-17,22,MINAS,685.75,632.53,53.22,0
2020-11-17,23,MINAS,633.87,584.81,49.06,0
2020-11-17,24,MINAS,621.76,580.72,41.04,0
2020-11-17,1,MONCLOVA,494.23,552.9,-58.67,0
2020-11-17,2,MONCLOVA,484.23,541.49,-57.27,0
2020-11-17,3,MONCLOVA,468.92,522.06,-53.15,0
2020-11-17,4,MONCLOVA,465.88,519.16,-53.27,0
2020-11-17,5,MONCLOVA,476.91,531.31,-54.41,0
2020-11-17,6,MONCLOVA,478.6,532.41,-53.81,0
2020-11-17,7,MONCLOVA,500.76,561.91,-61.15,0
2020-11-17,8,MONCLOVA,595.16,713.64,-92.41,-26.07
2020-11-17,9,MONCLOVA,605.17,806.2,-104.48,-96.55
2020-11-17,10,MONCLOVA,600.83,791.94,-112.45,-78.67
2020-11-17,11,MONCLOVA,562.84,784.01,-111.98,-109.19
2020-11-17,12,MONCLOVA,565.59,778.87,-108.72,-104.56
2020-11-17,13,MONCLOVA,603.55,800.3,-114.32,-82.43
2020-11-17,14,MONCLOVA,642.03,755.77,-104.45,-9.29
2020-11-17,15,MONCLOVA,632.95,763.52,-104.64,-25.93
2020-11-17,16,MONCLOVA,648.82,768.44,-106.99,-12.63
2020-11-17,17,MONCLOVA,652.49,770.26,-109.67,-8.1
2020-11-17,18,MONCLOVA,554.19,827.08,-109.75,-163.15
2020-11-17,19,MONCLOVA,514.76,715.53,-91.73,-109.04
2020-11-17,20,MONCLOVA,522.84,717.75,-92.84,-102.07
2020-11-17,21,MONCLOVA,534.14,762.95,-99.65,-129.16
2020-11-17,22,MONCLOVA,551.85,632.53,-80.68,0
2020-11-17,23,MONCLOVA,516.57,584.81,-68.23,0
2020-11-17,24,MONCLOVA,513.31,580.72,-67.41,0
2020-11-17,1,MONTEMORELOS,504.36,552.9,-48.54,0
2020-11-17,2,MONTEMORELOS,495.63,541.49,-45.87,0
2020-11-17,3,MONTEMORELOS,479.41,522.06,-42.65,0
2020-11-17,4,MONTEMORELOS,475.82,519.16,-43.34,0
2020-11-17,5,MONTEMORELOS,486.92,531.31,-44.4,0
2020-11-17,6,MONTEMORELOS,487.8,532.41,-44.61,0
2020-11-17,7,MONTEMORELOS,509.01,561.91,-52.9,0
2020-11-17,8,MONTEMORELOS,602.99,713.64,-80.84,-29.82
2020-11-17,9,MONTEMORELOS,621.23,806.2,-87.76,-97.21
2020-11-17,10,MONTEMORELOS,617.15,791.94,-92.17,-82.63
2020-11-17,11,MONTEMORELOS,583.31,784.01,-89.6,-111.09
2020-11-17,12,MONTEMORELOS,585.17,778.87,-86.51,-107.19
2020-11-17,13,MONTEMORELOS,621.61,800.3,-91.31,-87.39
2020-11-17,14,MONTEMORELOS,670.45,755.77,-84.45,-.88
2020-11-17,15,MONTEMORELOS,662.93,763.52,-84.46,-16.13
2020-11-17,16,MONTEMORELOS,684.28,768.44,-85.2,1.04
2020-11-17,17,MONTEMORELOS,682.5,770.26,-88.42,.67
2020-11-17,18,MONTEMORELOS,589.09,827.08,-93.86,-144.14
2020-11-17,19,MONTEMORELOS,543.3,715.53,-79.29,-92.94
2020-11-17,20,MONTEMORELOS,549.88,717.75,-81.27,-86.61
2020-11-17,21,MONTEMORELOS,560.45,762.95,-87.06,-115.44
2020-11-17,22,MONTEMORELOS,561.98,632.53,-70.55,0
2020-11-17,23,MONTEMORELOS,524.65,584.81,-60.16,0
2020-11-17,24,MONTEMORELOS,520,580.72,-60.71,0
2020-11-17,1,MONTERREY,496.22,552.9,-56.68,0
2020-11-17,2,MONTERREY,487.89,541.49,-53.6,0
2020-11-17,3,MONTERREY,472.22,522.07,-49.84,0
2020-11-17,4,MONTERREY,468.46,519.16,-50.69,0
2020-11-17,5,MONTERREY,479.72,531.31,-51.59,0
2020-11-17,6,MONTERREY,480.64,532.41,-51.78,0
2020-11-17,7,MONTERREY,501.12,561.91,-60.79,0
2020-11-17,8,MONTERREY,594.88,713.64,-91.66,-27.11
2020-11-17,9,MONTERREY,615.72,806.2,-101.48,-89
2020-11-17,10,MONTERREY,609.59,791.94,-106.69,-75.66
2020-11-17,11,MONTERREY,574.04,784.01,-104.81,-105.15
2020-11-17,12,MONTERREY,576.69,778.87,-101.16,-101.02
2020-11-17,13,MONTERREY,614.79,800.3,-105.75,-79.76
2020-11-17,14,MONTERREY,656.73,755.77,-97.22,-1.81
2020-11-17,15,MONTERREY,648.83,763.52,-97.26,-17.43
2020-11-17,16,MONTERREY,669.56,768.44,-99.02,.13
2020-11-17,17,MONTERREY,668.08,770.26,-102.25,.07
2020-11-17,18,MONTERREY,556.11,827.08,-107.71,-163.26
2020-11-17,19,MONTERREY,514.02,715.53,-92.37,-109.13
2020-11-17,20,MONTERREY,521.07,717.75,-94.49,-102.19
2020-11-17,21,MONTERREY,533.28,762.95,-100.41,-129.26
2020-11-17,22,MONTERREY,551.39,632.53,-81.14,0
2020-11-17,23,MONTERREY,515.97,584.81,-68.84,0
2020-11-17,24,MONTERREY,511.97,580.72,-68.75,0
2020-11-17,1,MORELIA,573.63,552.9,20.73,0
2020-11-17,2,MORELIA,559.71,541.49,18.22,0
2020-11-17,3,MORELIA,539.16,522.06,17.09,0
2020-11-17,4,MORELIA,534.92,519.16,15.76,0
2020-11-17,5,MORELIA,547.18,531.31,15.87,0
2020-11-17,6,MORELIA,549.86,532.41,17.45,0
2020-11-17,7,MORELIA,584.86,561.91,22.95,0
2020-11-17,8,MORELIA,748.12,713.64,31.94,2.54
2020-11-17,9,MORELIA,849.62,806.2,35.02,8.4
2020-11-17,10,MORELIA,834.86,791.94,36.02,6.9
2020-11-17,11,MORELIA,828.29,784.01,33.51,10.77
2020-11-17,12,MORELIA,822.12,778.87,33.26,9.99
2020-11-17,13,MORELIA,848.65,800.3,41.42,6.93
2020-11-17,14,MORELIA,796.07,755.77,40.16,.14
2020-11-17,15,MORELIA,809.77,763.52,44.36,1.9
2020-11-17,16,MORELIA,812.55,768.44,44.25,-.13
2020-11-17,17,MORELIA,812.35,770.26,42.17,-.09
2020-11-17,18,MORELIA,874.74,827.08,42.91,4.75
2020-11-17,19,MORELIA,816.55,715.53,38.93,62.09
2020-11-17,20,MORELIA,825.71,717.75,40.37,67.59
2020-11-17,21,MORELIA,810.62,762.95,44.04,3.63
2020-11-17,22,MORELIA,667.68,632.53,35.15,0
2020-11-17,23,MORELIA,614.1,584.81,29.29,0
2020-11-17,24,MORELIA,609.11,580.72,28.4,0
2020-11-17,1,MORELOS,581.89,552.9,28.99,0
2020-11-17,2,MORELOS,568.17,541.49,26.68,0
2020-11-17,3,MORELOS,546.2,522.06,24.14,0
2020-11-17,4,MORELOS,543.81,519.16,24.66,0
2020-11-17,5,MORELOS,555.95,531.31,24.63,0
2020-11-17,6,MORELOS,558.03,532.41,25.62,0
2020-11-17,7,MORELOS,593.79,561.91,31.88,0
2020-11-17,8,MORELOS,782.36,713.64,45.24,23.48
2020-11-17,9,MORELOS,936.12,806.2,53.15,76.78
2020-11-17,10,MORELOS,910.55,791.94,53.68,64.92
2020-11-17,11,MORELOS,912.89,784.01,54.2,74.68
2020-11-17,12,MORELOS,910.1,778.87,56.82,74.42
2020-11-17,13,MORELOS,926.13,800.3,54.9,70.92
2020-11-17,14,MORELOS,805.85,755.77,50.07,.01
2020-11-17,15,MORELOS,820.83,763.52,51.85,5.46
2020-11-17,16,MORELOS,819.04,768.44,50.57,.04
2020-11-17,17,MORELOS,817.43,770.26,47.14,.02
2020-11-17,18,MORELOS,868.83,827.08,48.08,-6.32
2020-11-17,19,MORELOS,986.73,715.53,38.53,232.67
2020-11-17,20,MORELOS,1014.65,717.75,42.52,254.37
2020-11-17,21,MORELOS,804.12,762.95,46.18,-5
2020-11-17,22,MORELOS,667.21,632.53,34.67,0
2020-11-17,23,MORELOS,615.35,584.81,30.54,0
2020-11-17,24,MORELOS,610.54,580.72,29.82,0
2020-11-17,1,MOTUL TIZIMIN,580.48,552.9,27.58,0
2020-11-17,2,MOTUL TIZIMIN,570.01,541.49,28.52,0
2020-11-17,3,MOTUL TIZIMIN,540.36,522.06,18.3,0
2020-11-17,4,MOTUL TIZIMIN,538.58,519.16,19.42,0
2020-11-17,5,MOTUL TIZIMIN,545.2,531.31,13.88,0
2020-11-17,6,MOTUL TIZIMIN,543.1,532.41,10.69,0
2020-11-17,7,MOTUL TIZIMIN,569.88,561.91,7.98,0
2020-11-17,8,MOTUL TIZIMIN,760.98,713.64,17.5,29.83
2020-11-17,9,MOTUL TIZIMIN,930.5,806.2,26.79,97.52
2020-11-17,10,MOTUL TIZIMIN,910.49,791.94,37.19,81.36
2020-11-17,11,MOTUL TIZIMIN,918.06,784.01,42.16,91.9
2020-11-17,12,MOTUL TIZIMIN,984.92,778.87,35.2,170.85
2020-11-17,13,MOTUL TIZIMIN,970.82,800.3,6.52,164
2020-11-17,14,MOTUL TIZIMIN,765.43,755.77,9.67,-.01
2020-11-17,15,MOTUL TIZIMIN,807.46,763.52,37.59,6.35
2020-11-17,16,MOTUL TIZIMIN,825.53,768.44,57.03,.06
2020-11-17,17,MOTUL TIZIMIN,826.32,770.26,56.03,.04
2020-11-17,18,MOTUL TIZIMIN,882.44,827.08,63.25,-7.9
2020-11-17,19,MOTUL TIZIMIN,1066.05,715.53,62.94,287.58
2020-11-17,20,MOTUL TIZIMIN,1089.5,717.75,57.35,314.39
2020-11-17,21,MOTUL TIZIMIN,805.69,762.95,48.99,-6.26
2020-11-17,22,MOTUL TIZIMIN,667.39,632.53,34.85,0
2020-11-17,23,MOTUL TIZIMIN,619.15,584.81,34.35,0
2020-11-17,24,MOTUL TIZIMIN,609.49,580.72,28.78,0
2020-11-17,1,NAVOJOA,491.03,552.9,-61.88,0
2020-11-17,2,NAVOJOA,477.63,541.49,-63.86,0
2020-11-17,3,NAVOJOA,461.89,522.07,-60.17,0
2020-11-17,4,NAVOJOA,457.12,519.16,-62.04,0
2020-11-17,5,NAVOJOA,460.09,531.31,-71.23,0
2020-11-17,6,NAVOJOA,461.28,532.41,-71.13,0
2020-11-17,7,NAVOJOA,481.83,561.91,-80.08,0
2020-11-17,8,NAVOJOA,578.99,713.64,-119.68,-14.97
2020-11-17,9,NAVOJOA,602.51,806.2,-150.51,-53.17
2020-11-17,10,NAVOJOA,577.28,791.94,-169.49,-45.18
2020-11-17,11,NAVOJOA,468.35,784.01,-185.79,-129.87
2020-11-17,12,NAVOJOA,477.15,778.87,-183.73,-117.99
2020-11-17,13,NAVOJOA,585.85,800.3,-169.44,-45.01
2020-11-17,14,NAVOJOA,589.87,755.77,-156.27,-9.64
2020-11-17,15,NAVOJOA,555.51,763.52,-155.71,-52.3
2020-11-17,16,NAVOJOA,612.29,768.44,-151.6,-4.54
2020-11-17,17,NAVOJOA,621.47,770.26,-145.87,-2.91
2020-11-17,18,NAVOJOA,650.41,827.08,-115.49,-61.18
2020-11-17,19,NAVOJOA,602.97,715.53,-96.3,-16.25
2020-11-17,20,NAVOJOA,610.59,717.75,-95.75,-11.41
2020-11-17,21,NAVOJOA,612.5,762.95,-102.02,-48.43
2020-11-17,22,NAVOJOA,570.19,632.53,-62.35,0
2020-11-17,23,NAVOJOA,531.44,584.81,-53.36,0
2020-11-17,24,NAVOJOA,522.21,580.72,-58.5,0
2020-11-17,1,NOGALES,491.56,552.9,-61.34,0
2020-11-17,2,NOGALES,479.36,541.49,-62.14,0
2020-11-17,3,NOGALES,463.6,522.06,-58.47,0
2020-11-17,4,NOGALES,460.4,519.16,-58.76,0
2020-11-17,5,NOGALES,460.58,531.31,-70.74,0
2020-11-17,6,NOGALES,463.21,532.41,-69.2,0
2020-11-17,7,NOGALES,482.78,561.91,-79.13,0
2020-11-17,8,NOGALES,562.43,713.64,-133.88,-17.34
2020-11-17,9,NOGALES,569.47,806.2,-172.93,-63.8
2020-11-17,10,NOGALES,423.63,791.94,-218.29,-150.03
2020-11-17,11,NOGALES,426.1,784.01,-231.9,-126.01
2020-11-17,12,NOGALES,433.51,778.87,-229.82,-115.54
2020-11-17,13,NOGALES,436.72,800.3,-224.88,-138.7
2020-11-17,14,NOGALES,422.27,755.77,-211.31,-122.19
2020-11-17,15,NOGALES,428.75,763.52,-211.49,-123.28
2020-11-17,16,NOGALES,418.15,768.44,-214.2,-136.09
2020-11-17,17,NOGALES,427.82,770.26,-207.49,-134.95
2020-11-17,18,NOGALES,576.58,827.08,-169.9,-80.6
2020-11-17,19,NOGALES,564.51,715.53,-117.08,-33.93
2020-11-17,20,NOGALES,576.17,717.75,-112.82,-28.75
2020-11-17,21,NOGALES,574.72,762.95,-124.36,-63.87
2020-11-17,22,NOGALES,541.01,632.53,-91.52,0
2020-11-17,23,NOGALES,510.41,584.81,-74.4,0
2020-11-17,24,NOGALES,501.58,580.72,-79.13,0
2020-11-17,1,NUEVO LAREDO,491.5,552.9,-61.4,0
2020-11-17,2,NUEVO LAREDO,480.8,541.49,-60.7,0
2020-11-17,3,NUEVO LAREDO,465.47,522.06,-56.6,0
2020-11-17,4,NUEVO LAREDO,462.07,519.16,-57.09,0
2020-11-17,5,NUEVO LAREDO,471.92,531.31,-59.39,0
2020-11-17,6,NUEVO LAREDO,474.34,532.41,-58.07,0
2020-11-17,7,NUEVO LAREDO,497.41,561.91,-64.5,0
2020-11-17,8,NUEVO LAREDO,590.52,713.64,-97.12,-26
2020-11-17,9,NUEVO LAREDO,537.32,806.2,-110.97,-157.91
2020-11-17,10,NUEVO LAREDO,561.24,791.94,-120.97,-109.73
2020-11-17,11,NUEVO LAREDO,529.87,784.01,-120.55,-133.59
2020-11-17,12,NUEVO LAREDO,534.09,778.87,-118.45,-126.34
2020-11-17,13,NUEVO LAREDO,567.83,800.3,-123.45,-109.02
2020-11-17,14,NUEVO LAREDO,601.75,755.77,-113.24,-40.79
2020-11-17,15,NUEVO LAREDO,591.33,763.52,-113.92,-58.27
2020-11-17,16,NUEVO LAREDO,575.34,768.44,-115.4,-77.7
2020-11-17,17,NUEVO LAREDO,601.39,770.26,-117.33,-51.54
2020-11-17,18,NUEVO LAREDO,554.99,827.08,-113.52,-158.57
2020-11-17,19,NUEVO LAREDO,518.97,715.53,-91.67,-104.88
2020-11-17,20,NUEVO LAREDO,528.31,717.75,-91.41,-98.03
2020-11-17,21,NUEVO LAREDO,537.27,762.95,-100.13,-125.56
2020-11-17,22,NUEVO LAREDO,550.85,632.53,-81.69,0
2020-11-17,23,NUEVO LAREDO,515.34,584.81,-69.47,0
2020-11-17,24,NUEVO LAREDO,510.53,580.72,-70.19,0
2020-11-17,1,OAXACA,588.27,552.9,35.36,0
2020-11-17,2,OAXACA,574.06,541.49,32.57,0
2020-11-17,3,OAXACA,548.83,522.06,26.77,0
2020-11-17,4,OAXACA,549.96,519.16,30.8,0
2020-11-17,5,OAXACA,561.63,531.31,30.32,0
2020-11-17,6,OAXACA,563.14,532.41,30.73,0
2020-11-17,7,OAXACA,600.11,561.91,38.2,0
2020-11-17,8,OAXACA,794,713.64,50.22,30.14
2020-11-17,9,OAXACA,964.68,806.2,60.4,98.09
2020-11-17,10,OAXACA,936.16,791.95,62.84,81.38
2020-11-17,11,OAXACA,942.67,784.01,66.55,92.11
2020-11-17,12,OAXACA,939.27,778.87,71.62,88.78
2020-11-17,13,OAXACA,944.83,800.3,59.61,84.92
2020-11-17,14,OAXACA,808.67,755.77,52.91,-.01
2020-11-17,15,OAXACA,823.06,763.52,53.13,6.41
2020-11-17,16,OAXACA,825.27,768.44,56.77,.06
2020-11-17,17,OAXACA,825.66,770.26,55.36,.04
2020-11-17,18,OAXACA,878.69,827.08,59.56,-7.96
2020-11-17,19,OAXACA,1054.8,715.53,60.24,279.04
2020-11-17,20,OAXACA,1083,717.75,60.21,305.05
2020-11-17,21,OAXACA,815.26,762.95,58.6,-6.3
2020-11-17,22,OAXACA,675.08,632.53,42.55,0
2020-11-17,23,OAXACA,622.68,584.81,37.87,0
2020-11-17,24,OAXACA,615.23,580.72,34.51,0
2020-11-17,1,OBREGON,480.27,552.9,-72.63,0
2020-11-17,2,OBREGON,467.38,541.49,-74.11,0
2020-11-17,3,OBREGON,452.31,522.06,-69.76,0
2020-11-17,4,OBREGON,447.06,519.16,-72.1,0
2020-11-17,5,OBREGON,449.21,531.31,-82.11,0
2020-11-17,6,OBREGON,450.51,532.41,-81.9,0
2020-11-17,7,OBREGON,470.93,561.91,-90.98,0
2020-11-17,8,OBREGON,563.7,713.64,-134.79,-15.16
2020-11-17,9,OBREGON,584.64,806.2,-167.53,-54.03
2020-11-17,10,OBREGON,560.46,791.95,-185.66,-45.82
2020-11-17,11,OBREGON,453.58,784.01,-200.93,-129.51
2020-11-17,12,OBREGON,462.47,778.87,-198.63,-117.76
2020-11-17,13,OBREGON,568.67,800.3,-185.89,-45.74
2020-11-17,14,OBREGON,574.77,755.77,-171.29,-9.71
2020-11-17,15,OBREGON,540.09,763.52,-171.54,-51.89
2020-11-17,16,OBREGON,595.58,768.44,-168.03,-4.83
2020-11-17,17,OBREGON,604.57,770.26,-162.59,-3.09
2020-11-17,18,OBREGON,630.71,827.08,-133.36,-63.01
2020-11-17,19,OBREGON,591.78,715.53,-105.83,-17.92
2020-11-17,20,OBREGON,599.53,717.75,-105.18,-13.04
2020-11-17,21,OBREGON,600.3,762.95,-112.76,-49.89
2020-11-17,22,OBREGON,555.86,632.53,-76.67,0
2020-11-17,23,OBREGON,518.99,584.81,-65.82,0
2020-11-17,24,OBREGON,509.9,580.72,-70.82,0
2020-11-17,1,ORIZABA,571.16,552.9,18.26,0
2020-11-17,2,ORIZABA,558.03,541.49,16.54,0
2020-11-17,3,ORIZABA,534.6,522.06,12.53,0
2020-11-17,4,ORIZABA,534.83,519.16,15.68,0
2020-11-17,5,ORIZABA,545.98,531.31,14.67,0
2020-11-17,6,ORIZABA,546.95,532.41,14.54,0
2020-11-17,7,ORIZABA,581.83,561.91,19.92,0
2020-11-17,8,ORIZABA,771.89,713.64,28.03,30.21
2020-11-17,9,ORIZABA,939.91,806.2,35.06,98.66
2020-11-17,10,ORIZABA,911.21,791.94,36.49,82.77
2020-11-17,11,ORIZABA,917.38,784.01,39.87,93.5
2020-11-17,12,ORIZABA,913.05,778.87,43.89,90.29
2020-11-17,13,ORIZABA,920.73,800.3,34.01,86.42
2020-11-17,14,ORIZABA,784.19,755.77,28.43,-.01
2020-11-17,15,ORIZABA,799.06,763.52,29.11,6.43
2020-11-17,16,ORIZABA,798.7,768.44,30.2,.06
2020-11-17,17,ORIZABA,798.97,770.26,28.67,.04
2020-11-17,18,ORIZABA,848.18,827.08,29.15,-8.05
2020-11-17,19,ORIZABA,1031.4,715.53,27.61,288.26
2020-11-17,20,ORIZABA,1058.7,717.75,27.03,313.92
2020-11-17,21,ORIZABA,782.1,762.95,25.58,-6.43
2020-11-17,22,ORIZABA,649.98,632.53,17.45,0
2020-11-17,23,ORIZABA,602.19,584.81,17.39,0
2020-11-17,24,ORIZABA,597.1,580.72,16.38,0
2020-11-17,1,PIEDRAS NEGRAS,482.6,552.9,-70.3,0
2020-11-17,2,PIEDRAS NEGRAS,471.39,541.49,-70.1,0
2020-11-17,3,PIEDRAS NEGRAS,457.24,522.06,-64.82,0
2020-11-17,4,PIEDRAS NEGRAS,454.08,519.16,-65.08,0
2020-11-17,5,PIEDRAS NEGRAS,464.05,531.31,-67.26,0
2020-11-17,6,PIEDRAS NEGRAS,467.18,532.41,-65.24,0
2020-11-17,7,PIEDRAS NEGRAS,491.67,561.91,-70.24,0
2020-11-17,8,PIEDRAS NEGRAS,585.21,713.64,-102.68,-25.75
2020-11-17,9,PIEDRAS NEGRAS,577.26,806.2,-119.72,-109.22
2020-11-17,10,PIEDRAS NEGRAS,576.38,791.94,-130.32,-85.25
2020-11-17,11,PIEDRAS NEGRAS,536.93,784.01,-130.93,-116.15
2020-11-17,12,PIEDRAS NEGRAS,538.64,778.87,-129.2,-111.03
2020-11-17,13,PIEDRAS NEGRAS,576.49,800.3,-134.98,-88.84
2020-11-17,14,PIEDRAS NEGRAS,612.24,755.77,-124.58,-18.95
2020-11-17,15,PIEDRAS NEGRAS,600.05,763.52,-127.1,-36.37
2020-11-17,16,PIEDRAS NEGRAS,608.73,768.44,-130.88,-28.83
2020-11-17,17,PIEDRAS NEGRAS,618.53,770.26,-133.26,-18.48
2020-11-17,18,PIEDRAS NEGRAS,540.94,827.08,-128.37,-157.78
2020-11-17,19,PIEDRAS NEGRAS,507.06,715.53,-104.31,-104.16
2020-11-17,20,PIEDRAS NEGRAS,516.33,717.75,-104.1,-97.32
2020-11-17,21,PIEDRAS NEGRAS,524.87,762.95,-113.16,-124.92
2020-11-17,22,PIEDRAS NEGRAS,540.45,632.53,-92.08,0
2020-11-17,23,PIEDRAS NEGRAS,505.6,584.81,-79.21,0
2020-11-17,24,PIEDRAS NEGRAS,501.04,580.72,-79.68,0
2020-11-17,1,POZA RICA,554.18,552.9,1.28,0
2020-11-17,2,POZA RICA,541.01,541.49,-.48,0
2020-11-17,3,POZA RICA,521.39,522.07,-.68,0
2020-11-17,4,POZA RICA,518.96,519.16,-.2,0
2020-11-17,5,POZA RICA,529.93,531.31,-1.39,0
2020-11-17,6,POZA RICA,530.98,532.41,-1.43,0
2020-11-17,7,POZA RICA,561.13,561.91,-.78,0
2020-11-17,8,POZA RICA,763.94,713.64,4.65,45.65
2020-11-17,9,POZA RICA,961.86,806.2,9,146.67
2020-11-17,10,POZA RICA,918.64,791.94,5.19,121.51
2020-11-17,11,POZA RICA,931.55,784.01,9.68,137.86
2020-11-17,12,POZA RICA,924.22,778.87,11.02,134.33
2020-11-17,13,POZA RICA,936.11,800.3,6.71,129.1
2020-11-17,14,POZA RICA,759.43,755.77,3.72,-.06
2020-11-17,15,POZA RICA,776.77,763.52,4.1,9.15
2020-11-17,16,POZA RICA,770.07,768.44,1.49,.14
2020-11-17,17,POZA RICA,770.27,770.26,-.09,.09
2020-11-17,18,POZA RICA,812.27,827.08,-.71,-14.11
2020-11-17,19,POZA RICA,786.27,715.53,-1.74,72.49
2020-11-17,20,POZA RICA,796.79,717.75,-.73,79.77
2020-11-17,21,POZA RICA,749.6,762.95,-2.17,-11.18
2020-11-17,22,POZA RICA,627.83,632.53,-4.7,0
2020-11-17,23,POZA RICA,581.82,584.81,-2.99,0
2020-11-17,24,POZA RICA,577.71,580.72,-3.01,0
2020-11-17,1,PUEBLA,571.86,552.9,18.96,0
2020-11-17,2,PUEBLA,558.6,541.49,17.11,0
2020-11-17,3,PUEBLA,536.45,522.07,14.39,0
2020-11-17,4,PUEBLA,535.04,519.16,15.88,0
2020-11-17,5,PUEBLA,546.75,531.31,15.44,0
2020-11-17,6,PUEBLA,548.3,532.41,15.89,0
2020-11-17,7,PUEBLA,583.12,561.91,21.21,0
2020-11-17,8,PUEBLA,773.46,713.64,31.82,27.99
2020-11-17,9,PUEBLA,937.07,806.2,37.54,93.33
2020-11-17,10,PUEBLA,908.29,791.94,37.7,78.64
2020-11-17,11,PUEBLA,915.83,784.01,41.9,89.92
2020-11-17,12,PUEBLA,910.67,778.87,44.91,86.89
2020-11-17,13,PUEBLA,922.13,800.3,38.72,83.12
2020-11-17,14,PUEBLA,789.65,755.77,33.89,-.01
2020-11-17,15,PUEBLA,804.32,763.52,34.6,6.2
2020-11-17,16,PUEBLA,802.5,768.44,34,.06
2020-11-17,17,PUEBLA,802.45,770.26,32.15,.04
2020-11-17,18,PUEBLA,852.36,827.08,32.99,-7.71
2020-11-17,19,PUEBLA,1062.68,715.53,29.51,317.64
2020-11-17,20,PUEBLA,1095.06,717.75,30.24,347.07
2020-11-17,21,PUEBLA,787.25,762.95,30.41,-6.1
2020-11-17,22,PUEBLA,654.03,632.53,21.5,0
2020-11-17,23,PUEBLA,604.21,584.81,19.4,0
2020-11-17,24,PUEBLA,599.3,580.72,18.59,0
2020-11-17,1,QUERETARO,555.48,552.9,2.58,0
2020-11-17,2,QUERETARO,543.8,541.49,2.31,0
2020-11-17,3,QUERETARO,524.1,522.07,2.04,0
2020-11-17,4,QUERETARO,521.52,519.16,2.37,0
2020-11-17,5,QUERETARO,533.85,531.31,2.53,0
2020-11-17,6,QUERETARO,534.58,532.41,2.17,0
2020-11-17,7,QUERETARO,565,561.91,3.09,0
2020-11-17,8,QUERETARO,719.12,713.64,5.78,-.3
2020-11-17,9,QUERETARO,813.1,806.2,7.86,-.95
2020-11-17,10,QUERETARO,800.02,791.94,8.76,-.68
2020-11-17,11,QUERETARO,791.24,784.01,7.97,-.73
2020-11-17,12,QUERETARO,784.64,778.87,6.53,-.76
2020-11-17,13,QUERETARO,806.55,800.3,6.9,-.65
2020-11-17,14,QUERETARO,763.7,755.77,7.95,-.02
2020-11-17,15,QUERETARO,770.42,763.52,7.04,-.14
2020-11-17,16,QUERETARO,777.63,768.44,9.2,-.01
2020-11-17,17,QUERETARO,780.24,770.26,9.99,0
2020-11-17,18,QUERETARO,840.9,827.08,10.95,2.87
2020-11-17,19,QUERETARO,746.67,715.53,10.91,20.23
2020-11-17,20,QUERETARO,750.42,717.75,10.91,21.76
2020-11-17,21,QUERETARO,776.04,762.95,10.84,2.25
2020-11-17,22,QUERETARO,641.75,632.53,9.22,0
2020-11-17,23,QUERETARO,592.77,584.81,7.96,0
2020-11-17,24,QUERETARO,587.83,580.72,7.11,0
2020-11-17,1,REYNOSA,482.51,552.9,-70.39,0
2020-11-17,2,REYNOSA,475.49,541.49,-66,0
2020-11-17,3,REYNOSA,460.77,522.07,-61.3,0
2020-11-17,4,REYNOSA,457.59,519.16,-61.57,0
2020-11-17,5,REYNOSA,465.97,531.31,-65.34,0
2020-11-17,6,REYNOSA,467.17,532.41,-65.25,0
2020-11-17,7,REYNOSA,485.77,561.91,-76.14,0
2020-11-17,8,REYNOSA,574.95,713.64,-111.71,-26.99
2020-11-17,9,REYNOSA,314.22,806.2,-111.03,-380.94
2020-11-17,10,REYNOSA,441.27,791.94,-116.88,-233.79
2020-11-17,11,REYNOSA,442.57,784.01,-113.92,-227.53
2020-11-17,12,REYNOSA,448.83,778.87,-110.82,-219.22
2020-11-17,13,REYNOSA,447.68,800.3,-115.53,-237.09
2020-11-17,14,REYNOSA,446.39,755.77,-106.18,-203.19
2020-11-17,15,REYNOSA,443.27,763.52,-106.13,-214.12
2020-11-17,16,REYNOSA,316.49,768.44,-107.38,-344.57
2020-11-17,17,REYNOSA,438.62,770.26,-110.76,-220.87
2020-11-17,18,REYNOSA,531.04,827.08,-132.98,-163.06
2020-11-17,19,REYNOSA,486.01,715.53,-120.56,-108.95
2020-11-17,20,REYNOSA,493.88,717.75,-121.87,-102
2020-11-17,21,REYNOSA,506.57,762.95,-127.28,-129.1
2020-11-17,22,REYNOSA,529.81,632.53,-102.73,0
2020-11-17,23,REYNOSA,497.12,584.81,-87.69,0
2020-11-17,24,REYNOSA,494.35,580.72,-86.37,0
2020-11-17,1,RIVIERA MAYA,612.91,552.9,60.01,0
2020-11-17,2,RIVIERA MAYA,599.5,541.49,58.01,0
2020-11-17,3,RIVIERA MAYA,569.64,522.06,47.58,0
2020-11-17,4,RIVIERA MAYA,568.38,519.16,49.23,0
2020-11-17,5,RIVIERA MAYA,576.89,531.31,45.58,0
2020-11-17,6,RIVIERA MAYA,575.5,532.41,43.09,0
2020-11-17,7,RIVIERA MAYA,606.71,561.91,44.8,0
2020-11-17,8,RIVIERA MAYA,807.33,713.64,63.86,29.83
2020-11-17,9,RIVIERA MAYA,994.63,806.2,90.92,97.52
2020-11-17,10,RIVIERA MAYA,972.75,791.94,99.45,81.36
2020-11-17,11,RIVIERA MAYA,978.62,784.01,102.71,91.9
2020-11-17,12,RIVIERA MAYA,980.46,778.87,94.77,106.82
2020-11-17,13,RIVIERA MAYA,973.62,800.3,70.9,102.42
2020-11-17,14,RIVIERA MAYA,814.88,755.77,59.12,-.01
2020-11-17,15,RIVIERA MAYA,855.42,763.52,85.55,6.35
2020-11-17,16,RIVIERA MAYA,870.3,768.44,101.81,.06
2020-11-17,17,RIVIERA MAYA,869.86,770.26,99.56,.04
2020-11-17,18,RIVIERA MAYA,928.03,827.08,108.85,-7.9
2020-11-17,19,RIVIERA MAYA,1104.74,715.53,101.63,287.58
2020-11-17,20,RIVIERA MAYA,1129.48,717.75,97.33,314.39
2020-11-17,21,RIVIERA MAYA,849.16,762.95,92.47,-6.26
2020-11-17,22,RIVIERA MAYA,704.08,632.53,71.54,0
2020-11-17,23,RIVIERA MAYA,652.93,584.81,68.13,0
2020-11-17,24,RIVIERA MAYA,643.36,580.72,62.65,0
2020-11-17,1,SABINAS,488.57,552.9,-64.33,0
2020-11-17,2,SABINAS,477.96,541.49,-63.53,0
2020-11-17,3,SABINAS,462.95,522.06,-59.11,0
2020-11-17,4,SABINAS,459.79,519.16,-59.37,0
2020-11-17,5,SABINAS,470.08,531.31,-61.24,0
2020-11-17,6,SABINAS,472.46,532.41,-59.96,0
2020-11-17,7,SABINAS,495.66,561.91,-66.25,0
2020-11-17,8,SABINAS,588.89,713.64,-98.9,-25.85
2020-11-17,9,SABINAS,586.88,806.2,-113.7,-105.62
2020-11-17,10,SABINAS,585.06,791.94,-123.5,-83.39
2020-11-17,11,SABINAS,546.53,784.01,-123.31,-114.17
2020-11-17,12,SABINAS,548.93,778.87,-120.75,-109.19
2020-11-17,13,SABINAS,586.99,800.3,-126.29,-87.02
2020-11-17,14,SABINAS,623.68,755.77,-115.9,-16.19
2020-11-17,15,SABINAS,613.03,763.52,-117.1,-33.39
2020-11-17,16,SABINAS,624.26,768.44,-119.96,-24.21
2020-11-17,17,SABINAS,632.51,770.26,-122.24,-15.51
2020-11-17,18,SABINAS,549.21,827.08,-118.58,-159.3
2020-11-17,19,SABINAS,513.4,715.53,-96.59,-105.54
2020-11-17,20,SABINAS,522.57,717.75,-96.52,-98.66
2020-11-17,21,SABINAS,531.86,762.95,-104.97,-126.12
2020-11-17,22,SABINAS,547.04,632.53,-85.49,0
2020-11-17,23,SABINAS,511.93,584.81,-72.87,0
2020-11-17,24,SABINAS,507.7,580.72,-73.02,0
2020-11-17,1,SALTILLO,501.46,552.9,-51.45,0
2020-11-17,2,SALTILLO,492.82,541.49,-48.67,0
2020-11-17,3,SALTILLO,476.79,522.07,-45.28,0
2020-11-17,4,SALTILLO,473.01,519.16,-46.14,0
2020-11-17,5,SALTILLO,484.34,531.31,-46.97,0
2020-11-17,6,SALTILLO,485.59,532.41,-46.82,0
2020-11-17,7,SALTILLO,507.22,561.91,-54.69,0
2020-11-17,8,SALTILLO,604.92,713.64,-83.58,-25.15
2020-11-17,9,SALTILLO,627.46,806.2,-96.29,-82.45
2020-11-17,10,SALTILLO,619.05,791.94,-102.79,-70.11
2020-11-17,11,SALTILLO,582.2,784.01,-101.9,-99.92
2020-11-17,12,SALTILLO,584.94,778.87,-98.2,-95.73
2020-11-17,13,SALTILLO,625.19,800.3,-101.42,-73.7
2020-11-17,14,SALTILLO,662.05,755.77,-92.18,-1.55
2020-11-17,15,SALTILLO,654.38,763.52,-91.73,-17.41
2020-11-17,16,SALTILLO,675.34,768.44,-93.53,.43
2020-11-17,17,SALTILLO,674.83,770.26,-95.71,.27
2020-11-17,18,SALTILLO,550.77,827.08,-96.97,-179.34
2020-11-17,19,SALTILLO,509.77,715.53,-82,-123.76
2020-11-17,20,SALTILLO,517.59,717.75,-83.7,-116.46
2020-11-17,21,SALTILLO,531.88,762.95,-89.01,-142.06
2020-11-17,22,SALTILLO,560.77,632.53,-71.77,0
2020-11-17,23,SALTILLO,524,584.81,-60.81,0
2020-11-17,24,SALTILLO,519.47,580.72,-61.25,0
2020-11-17,1,SALVATIERRA,566.31,552.9,13.4,0
2020-11-17,2,SALVATIERRA,553.23,541.49,11.74,0
2020-11-17,3,SALVATIERRA,533.01,522.06,10.94,0
2020-11-17,4,SALVATIERRA,529.3,519.16,10.15,0
2020-11-17,5,SALVATIERRA,541.81,531.31,10.49,0
2020-11-17,6,SALVATIERRA,544.33,532.41,11.92,0
2020-11-17,7,SALVATIERRA,577.84,561.91,15.93,0
2020-11-17,8,SALVATIERRA,735.89,713.64,22.64,-.4
2020-11-17,9,SALVATIERRA,830.01,806.2,25.36,-1.55
2020-11-17,10,SALVATIERRA,816.71,791.94,25.93,-1.17
2020-11-17,11,SALVATIERRA,807.81,784.01,23.75,.04
2020-11-17,12,SALVATIERRA,803.01,778.87,24.21,-.07
2020-11-17,13,SALVATIERRA,828.48,800.3,29.39,-1.21
2020-11-17,14,SALVATIERRA,784.9,755.77,29.06,.07
2020-11-17,15,SALVATIERRA,796.05,763.52,31.86,.67
2020-11-17,16,SALVATIERRA,799.69,768.44,31.34,-.09
2020-11-17,17,SALVATIERRA,801.69,770.26,31.48,-.06
2020-11-17,18,SALVATIERRA,866.33,827.08,33.32,5.93
2020-11-17,19,SALVATIERRA,783.03,715.53,29.82,37.68
2020-11-17,20,SALVATIERRA,789.86,717.75,31.44,40.67
2020-11-17,21,SALVATIERRA,802.01,762.95,34.4,4.66
2020-11-17,22,SALVATIERRA,659.59,632.53,27.05,0
2020-11-17,23,SALVATIERRA,606.93,584.81,22.12,0
2020-11-17,24,SALVATIERRA,601,580.72,20.28,0
2020-11-17,1,SAN CRISTOBAL,608.57,552.9,55.67,0
2020-11-17,2,SAN CRISTOBAL,593.91,541.49,52.42,0
2020-11-17,3,SAN CRISTOBAL,567.61,522.06,45.55,0
2020-11-17,4,SAN CRISTOBAL,569.12,519.16,49.97,0
2020-11-17,5,SAN CRISTOBAL,580.67,531.31,49.35,0
2020-11-17,6,SAN CRISTOBAL,582.75,532.41,50.34,0
2020-11-17,7,SAN CRISTOBAL,618.49,561.91,56.58,0
2020-11-17,8,SAN CRISTOBAL,812.39,713.64,68.93,29.82
2020-11-17,9,SAN CRISTOBAL,983.75,806.2,80.06,97.5
2020-11-17,10,SAN CRISTOBAL,953.49,791.94,80.2,81.34
2020-11-17,11,SAN CRISTOBAL,953.87,784.01,77.98,91.88
2020-11-17,12,SAN CRISTOBAL,954.64,778.87,87.33,88.45
2020-11-17,13,SAN CRISTOBAL,951.07,800.3,66.18,84.6
2020-11-17,14,SAN CRISTOBAL,814.71,755.77,58.95,-.01
2020-11-17,15,SAN CRISTOBAL,829,763.52,59.14,6.35
2020-11-17,16,SAN CRISTOBAL,838,768.44,69.51,.06
2020-11-17,17,SAN CRISTOBAL,841.28,770.26,70.99,.04
2020-11-17,18,SAN CRISTOBAL,906.85,827.08,87.66,-7.9
2020-11-17,19,SAN CRISTOBAL,1094.78,715.53,91.69,287.56
2020-11-17,20,SAN CRISTOBAL,1120.94,717.75,88.82,314.37
2020-11-17,21,SAN CRISTOBAL,838.76,762.95,82.06,-6.25
2020-11-17,22,SAN CRISTOBAL,691.71,632.53,59.18,0
2020-11-17,23,SAN CRISTOBAL,639.26,584.81,54.45,0
2020-11-17,24,SAN CRISTOBAL,630.94,580.72,50.23,0
2020-11-17,1,SAN JUAN DEL RIO,566.55,552.9,13.65,0
2020-11-17,2,SAN JUAN DEL RIO,554.88,541.49,13.39,0
2020-11-17,3,SAN JUAN DEL RIO,534.7,522.07,12.64,0
2020-11-17,4,SAN JUAN DEL RIO,532.34,519.16,13.19,0
2020-11-17,5,SAN JUAN DEL RIO,544.79,531.31,13.48,0
2020-11-17,6,SAN JUAN DEL RIO,542.36,532.41,9.95,0
2020-11-17,7,SAN JUAN DEL RIO,572.85,561.91,10.94,0
2020-11-17,8,SAN JUAN DEL RIO,736.18,713.64,16.37,6.17
2020-11-17,9,SAN JUAN DEL RIO,844.08,806.2,17.59,20.3
2020-11-17,10,SAN JUAN DEL RIO,832.39,791.95,23.2,17.24
2020-11-17,11,SAN JUAN DEL RIO,825.7,784.01,21.96,19.74
2020-11-17,12,SAN JUAN DEL RIO,809.86,778.87,11.61,19.38
2020-11-17,13,SAN JUAN DEL RIO,829.97,800.3,10.88,18.79
2020-11-17,14,SAN JUAN DEL RIO,768.47,755.77,12.71,-.01
2020-11-17,15,SAN JUAN DEL RIO,768.4,763.52,3.5,1.38
2020-11-17,16,SAN JUAN DEL RIO,779.62,768.44,11.18,.01
2020-11-17,17,SAN JUAN DEL RIO,780.98,770.26,10.72,0
2020-11-17,18,SAN JUAN DEL RIO,837.94,827.08,10.87,-.01
2020-11-17,19,SAN JUAN DEL RIO,747.83,715.53,9.33,22.97
2020-11-17,20,SAN JUAN DEL RIO,752.96,717.75,10.17,25.04
2020-11-17,21,SAN JUAN DEL RIO,773.06,762.95,10.12,-.01
2020-11-17,22,SAN JUAN DEL RIO,643.56,632.53,11.02,0
2020-11-17,23,SAN JUAN DEL RIO,595.41,584.81,10.6,0
2020-11-17,24,SAN JUAN DEL RIO,591.37,580.72,10.66,0
2020-11-17,1,SAN LUIS POTOSI,544.71,552.9,-8.19,0
2020-11-17,2,SAN LUIS POTOSI,533.48,541.49,-8.01,0
2020-11-17,3,SAN LUIS POTOSI,514.32,522.07,-7.74,0
2020-11-17,4,SAN LUIS POTOSI,511.94,519.16,-7.22,0
2020-11-17,5,SAN LUIS POTOSI,523.16,531.31,-8.15,0
2020-11-17,6,SAN LUIS POTOSI,524.56,532.41,-7.85,0
2020-11-17,7,SAN LUIS POTOSI,551.87,561.91,-10.04,0
2020-11-17,8,SAN LUIS POTOSI,680.77,713.64,-15.92,-16.96
2020-11-17,9,SAN LUIS POTOSI,731.57,806.2,-18.84,-55.79
2020-11-17,10,SAN LUIS POTOSI,723.64,791.95,-21.17,-47.14
2020-11-17,11,SAN LUIS POTOSI,706.63,784.01,-22.24,-55.14
2020-11-17,12,SAN LUIS POTOSI,706.45,778.87,-18.53,-53.89
2020-11-17,13,SAN LUIS POTOSI,732.01,800.3,-18.43,-49.87
2020-11-17,14,SAN LUIS POTOSI,738.64,755.77,-16.99,-.14
2020-11-17,15,SAN LUIS POTOSI,743.59,763.52,-15.08,-4.85
2020-11-17,16,SAN LUIS POTOSI,753.71,768.44,-14.74,.02
2020-11-17,17,SAN LUIS POTOSI,759.05,770.26,-11.22,.01
2020-11-17,18,SAN LUIS POTOSI,830.81,827.08,-9.06,12.79
2020-11-17,19,SAN LUIS POTOSI,747.04,715.53,-9.35,40.86
2020-11-17,20,SAN LUIS POTOSI,750.18,717.75,-10.85,43.27
2020-11-17,21,SAN LUIS POTOSI,760.91,762.95,-12.18,10.13
2020-11-17,22,SAN LUIS POTOSI,623.16,632.54,-9.37,0
2020-11-17,23,SAN LUIS POTOSI,578.27,584.81,-6.54,0
2020-11-17,24,SAN LUIS POTOSI,575.06,580.72,-5.66,0
2020-11-17,1,SAN MARTIN,571.42,552.9,18.52,0
2020-11-17,2,SAN MARTIN,558.33,541.49,16.84,0
2020-11-17,3,SAN MARTIN,536.53,522.06,14.47,0
2020-11-17,4,SAN MARTIN,535.09,519.16,15.93,0
2020-11-17,5,SAN MARTIN,546.58,531.31,15.26,0
2020-11-17,6,SAN MARTIN,548.1,532.41,15.69,0
2020-11-17,7,SAN MARTIN,582.8,561.91,20.89,0
2020-11-17,8,SAN MARTIN,773.02,713.64,31.82,27.56
2020-11-17,9,SAN MARTIN,935.53,806.2,37.32,92.02
2020-11-17,10,SAN MARTIN,906.91,791.95,37.29,77.68
2020-11-17,11,SAN MARTIN,914.62,784.01,41.76,88.85
2020-11-17,12,SAN MARTIN,909.06,778.87,44.02,86.17
2020-11-17,13,SAN MARTIN,921.74,800.3,39.01,82.43
2020-11-17,14,SAN MARTIN,790.24,755.77,34.48,-.01
2020-11-17,15,SAN MARTIN,804.54,763.52,34.87,6.15
2020-11-17,16,SAN MARTIN,801.99,768.44,33.5,.06
2020-11-17,17,SAN MARTIN,802.05,770.26,31.75,.04
2020-11-17,18,SAN MARTIN,851.66,827.08,32.23,-7.65
2020-11-17,19,SAN MARTIN,1082.32,715.53,28.1,338.7
2020-11-17,20,SAN MARTIN,1116.68,717.75,28.84,370.09
2020-11-17,21,SAN MARTIN,786.3,762.95,29.41,-6.06
2020-11-17,22,SAN MARTIN,653.46,632.53,20.93,0
2020-11-17,23,SAN MARTIN,603.71,584.81,18.9,0
2020-11-17,24,SAN MARTIN,599.25,580.72,18.53,0
2020-11-17,1,TAMPICO,527.64,552.9,-25.26,0
2020-11-17,2,TAMPICO,517.44,541.49,-24.05,0
2020-11-17,3,TAMPICO,499.44,522.07,-22.63,0
2020-11-17,4,TAMPICO,496.77,519.16,-22.39,0
2020-11-17,5,TAMPICO,507.83,531.31,-23.48,0
2020-11-17,6,TAMPICO,508.41,532.41,-24,0
2020-11-17,7,TAMPICO,530.84,561.91,-31.07,0
2020-11-17,8,TAMPICO,615.69,713.64,-47.79,-50.16
2020-11-17,9,TAMPICO,589.48,806.2,-52.08,-164.64
2020-11-17,10,TAMPICO,598.21,791.94,-55.01,-138.72
2020-11-17,11,TAMPICO,571.45,784.01,-50.36,-162.2
2020-11-17,12,TAMPICO,571.06,778.87,-47.99,-159.82
2020-11-17,13,TAMPICO,597.68,800.3,-54.04,-148.58
2020-11-17,14,TAMPICO,701.62,755.77,-53.98,-.17
2020-11-17,15,TAMPICO,695.69,763.52,-54.11,-13.72
2020-11-17,16,TAMPICO,713.42,768.44,-55.33,.31
2020-11-17,17,TAMPICO,714.46,770.26,-56,.2
2020-11-17,18,TAMPICO,739.32,827.08,-60.25,-27.52
2020-11-17,19,TAMPICO,682.06,715.53,-53.88,20.41
2020-11-17,20,TAMPICO,687.5,717.75,-54.78,24.53
2020-11-17,21,TAMPICO,681.75,762.95,-59.22,-21.99
2020-11-17,22,TAMPICO,585.03,632.53,-47.51,0
2020-11-17,23,TAMPICO,545.36,584.81,-39.45,0
2020-11-17,24,TAMPICO,544.12,580.72,-36.6,0
2020-11-17,1,TAPACHULA,587.12,552.9,34.22,0
2020-11-17,2,TAPACHULA,574.02,541.49,32.53,0
2020-11-17,3,TAPACHULA,547.86,522.06,25.8,0
2020-11-17,4,TAPACHULA,549.12,519.16,29.96,0
2020-11-17,5,TAPACHULA,559.21,531.31,27.89,0
2020-11-17,6,TAPACHULA,560.5,532.41,28.09,0
2020-11-17,7,TAPACHULA,595.02,561.91,33.11,0
2020-11-17,8,TAPACHULA,786.6,713.64,43.14,29.82
2020-11-17,9,TAPACHULA,958.34,806.2,54.67,97.48
2020-11-17,10,TAPACHULA,929.64,791.94,56.36,81.33
2020-11-17,11,TAPACHULA,930.38,784.01,54.51,91.87
2020-11-17,12,TAPACHULA,932.44,778.87,65.14,88.43
2020-11-17,13,TAPACHULA,929.23,800.3,44.34,84.59
2020-11-17,14,TAPACHULA,794.69,755.77,38.93,-.01
2020-11-17,15,TAPACHULA,808.72,763.52,38.85,6.35
2020-11-17,16,TAPACHULA,818.29,768.44,49.79,.06
2020-11-17,17,TAPACHULA,817.61,770.26,47.31,.04
2020-11-17,18,TAPACHULA,870.16,827.08,50.98,-7.9
2020-11-17,19,TAPACHULA,1050.52,715.53,47.5,287.5
2020-11-17,20,TAPACHULA,1077.28,717.75,45.23,314.3
2020-11-17,21,TAPACHULA,794.58,762.95,37.89,-6.25
2020-11-17,22,TAPACHULA,657.79,632.53,25.25,0
2020-11-17,23,TAPACHULA,611.89,584.81,27.08,0
2020-11-17,24,TAPACHULA,608.19,580.72,27.47,0
2020-11-17,1,TECAMACHALCO,573.04,552.9,20.14,0
2020-11-17,2,TECAMACHALCO,559.45,541.49,17.96,0
2020-11-17,3,TECAMACHALCO,536.75,522.06,14.68,0
2020-11-17,4,TECAMACHALCO,535.4,519.16,16.25,0
2020-11-17,5,TECAMACHALCO,546.92,531.31,15.6,0
2020-11-17,6,TECAMACHALCO,548.99,532.41,16.58,0
2020-11-17,7,TECAMACHALCO,584.71,561.91,22.8,0
2020-11-17,8,TECAMACHALCO,777.45,713.64,34.38,29.43
2020-11-17,9,TECAMACHALCO,946.91,806.2,42.97,97.75
2020-11-17,10,TECAMACHALCO,917.11,791.94,42.88,82.29
2020-11-17,11,TECAMACHALCO,924.39,784.01,46.32,94.07
2020-11-17,12,TECAMACHALCO,919.62,778.87,49.77,90.98
2020-11-17,13,TECAMACHALCO,929.88,800.3,42.41,87.17
2020-11-17,14,TECAMACHALCO,792.55,755.77,36.79,-.01
2020-11-17,15,TECAMACHALCO,808.49,763.52,38.52,6.45
2020-11-17,16,TECAMACHALCO,807.11,768.44,38.61,.06
2020-11-17,17,TECAMACHALCO,806.67,770.26,36.37,.04
2020-11-17,18,TECAMACHALCO,857.05,827.08,38.04,-8.07
2020-11-17,19,TECAMACHALCO,1030.19,715.53,34.78,279.88
2020-11-17,20,TECAMACHALCO,1059.24,717.75,35.67,305.82
2020-11-17,21,TECAMACHALCO,791.54,762.95,35,-6.41
2020-11-17,22,TECAMACHALCO,656.69,632.53,24.16,0
2020-11-17,23,TECAMACHALCO,607.01,584.81,22.2,0
2020-11-17,24,TECAMACHALCO,601.06,580.72,20.35,0
2020-11-17,1,TEHUACAN,585.47,552.9,32.57,0
2020-11-17,2,TEHUACAN,571.34,541.49,29.85,0
2020-11-17,3,TEHUACAN,546.92,522.06,24.86,0
2020-11-17,4,TEHUACAN,546.21,519.16,27.06,0
2020-11-17,5,TEHUACAN,557.86,531.31,26.54,0
2020-11-17,6,TEHUACAN,560.16,532.41,27.75,0
2020-11-17,7,TEHUACAN,597.92,561.91,36.01,0
2020-11-17,8,TEHUACAN,793.72,713.64,50.75,29.33
2020-11-17,9,TEHUACAN,964.65,806.2,62.02,96.44
2020-11-17,10,TEHUACAN,937.18,791.94,64.16,81.08
2020-11-17,11,TEHUACAN,943.82,784.01,67.61,92.2
2020-11-17,12,TEHUACAN,939.91,778.87,72.1,88.94
2020-11-17,13,TEHUACAN,948.49,800.3,63.1,85.1
2020-11-17,14,TEHUACAN,807.7,755.77,51.94,-.01
2020-11-17,15,TEHUACAN,824.55,763.52,54.69,6.34
2020-11-17,16,TEHUACAN,825.16,768.44,56.66,.06
2020-11-17,17,TEHUACAN,824.39,770.26,54.09,.04
2020-11-17,18,TEHUACAN,875.7,827.08,56.51,-7.9
2020-11-17,19,TEHUACAN,1065.09,715.53,52.28,297.28
2020-11-17,20,TEHUACAN,1095.83,717.75,53.15,324.93
2020-11-17,21,TEHUACAN,809.77,762.95,53.08,-6.26
2020-11-17,22,TEHUACAN,671.63,632.53,39.1,0
2020-11-17,23,TEHUACAN,620.3,584.81,35.5,0
2020-11-17,24,TEHUACAN,613.24,580.72,32.53,0
2020-11-17,1,TEHUANTEPEC,557.73,552.9,4.82,0
2020-11-17,2,TEHUANTEPEC,548.4,541.49,6.91,0
2020-11-17,3,TEHUANTEPEC,518.58,522.07,-3.49,0
2020-11-17,4,TEHUANTEPEC,525.04,519.16,5.88,0
2020-11-17,5,TEHUANTEPEC,534.08,531.31,2.76,0
2020-11-17,6,TEHUANTEPEC,533.17,532.41,.76,0
2020-11-17,7,TEHUANTEPEC,566.64,561.91,4.74,0
2020-11-17,8,TEHUANTEPEC,741.56,713.64,-1.8,29.71
2020-11-17,9,TEHUANTEPEC,900.61,806.2,-2.71,97.13
2020-11-17,10,TEHUANTEPEC,869.93,791.94,-3.05,81.04
2020-11-17,11,TEHUANTEPEC,885.56,784.01,9.97,91.58
2020-11-17,12,TEHUANTEPEC,876.79,778.87,9.74,88.17
2020-11-17,13,TEHUANTEPEC,873.81,800.3,-10.83,84.33
2020-11-17,14,TEHUANTEPEC,736.89,755.77,-18.87,-.01
2020-11-17,15,TEHUANTEPEC,746.3,763.52,-23.55,6.33
2020-11-17,16,TEHUANTEPEC,762.93,768.44,-5.57,.06
2020-11-17,17,TEHUANTEPEC,764.2,770.26,-6.09,.04
2020-11-17,18,TEHUANTEPEC,810.77,827.08,-8.45,-7.86
2020-11-17,19,TEHUANTEPEC,1002.56,715.53,.96,286.08
2020-11-17,20,TEHUANTEPEC,1026.08,717.75,-4.41,312.75
2020-11-17,21,TEHUANTEPEC,741.38,762.95,-15.35,-6.22
2020-11-17,22,TEHUANTEPEC,621.82,632.53,-10.72,0
2020-11-17,23,TEHUANTEPEC,580.91,584.81,-3.9,0
2020-11-17,24,TEHUANTEPEC,581.55,580.72,.83,0
2020-11-17,1,TEPIC VALLARTA,562.23,552.9,9.32,0
2020-11-17,2,TEPIC VALLARTA,547.2,541.49,5.71,0
2020-11-17,3,TEPIC VALLARTA,527.06,522.07,5,0
2020-11-17,4,TEPIC VALLARTA,522.53,519.16,3.38,0
2020-11-17,5,TEPIC VALLARTA,532.57,531.31,1.26,0
2020-11-17,6,TEPIC VALLARTA,534.32,532.41,1.91,0
2020-11-17,7,TEPIC VALLARTA,563.81,561.91,1.9,0
2020-11-17,8,TEPIC VALLARTA,700.04,713.64,-3.96,-9.64
2020-11-17,9,TEPIC VALLARTA,760.64,806.2,-12.82,-32.74
2020-11-17,10,TEPIC VALLARTA,749.56,791.94,-15.46,-26.93
2020-11-17,11,TEPIC VALLARTA,757.57,784.01,-23.39,-3.05
2020-11-17,12,TEPIC VALLARTA,631.03,778.87,-21.24,-126.59
2020-11-17,13,TEPIC VALLARTA,765.61,800.3,-7.81,-26.88
2020-11-17,14,TEPIC VALLARTA,756.1,755.77,-1.23,1.56
2020-11-17,15,TEPIC VALLARTA,778.23,763.52,2.97,11.75
2020-11-17,16,TEPIC VALLARTA,773.07,768.44,5.67,-1.04
2020-11-17,17,TEPIC VALLARTA,777.27,770.26,7.68,-.67
2020-11-17,18,TEPIC VALLARTA,834.08,827.08,18.73,-11.74
2020-11-17,19,TEPIC VALLARTA,752.79,715.53,7.84,29.42
2020-11-17,20,TEPIC VALLARTA,758.88,717.75,7.82,33.31
2020-11-17,21,TEPIC VALLARTA,769.74,762.95,16.07,-9.29
2020-11-17,22,TEPIC VALLARTA,655.48,632.53,22.94,0
2020-11-17,23,TEPIC VALLARTA,606.6,584.81,21.8,0
2020-11-17,24,TEPIC VALLARTA,599.17,580.72,18.45,0
2020-11-17,1,TEZIUTLAN,564.6,552.9,11.69,0
2020-11-17,2,TEZIUTLAN,550.71,541.49,9.22,0
2020-11-17,3,TEZIUTLAN,529.99,522.06,7.93,0
2020-11-17,4,TEZIUTLAN,526.99,519.16,7.83,0
2020-11-17,5,TEZIUTLAN,538.77,531.31,7.45,0
2020-11-17,6,TEZIUTLAN,539.08,532.41,6.67,0
2020-11-17,7,TEZIUTLAN,571.83,561.91,9.92,0
2020-11-17,8,TEZIUTLAN,773.79,713.64,20.1,40.05
2020-11-17,9,TEZIUTLAN,964.02,806.2,27.08,130.74
2020-11-17,10,TEZIUTLAN,920.88,791.95,20.34,108.6
2020-11-17,11,TEZIUTLAN,932.74,784.01,24.96,123.77
2020-11-17,12,TEZIUTLAN,925.77,778.87,25.9,121
2020-11-17,13,TEZIUTLAN,937.27,800.3,20.82,116.16
2020-11-17,14,TEZIUTLAN,775.63,755.77,19.9,-.04
2020-11-17,15,TEZIUTLAN,793.72,763.52,21.8,8.4
2020-11-17,16,TEZIUTLAN,787.62,768.44,19.08,.11
2020-11-17,17,TEZIUTLAN,788.49,770.26,18.16,.07
2020-11-17,18,TEZIUTLAN,836.1,827.08,20.27,-11.26
2020-11-17,19,TEZIUTLAN,876.57,715.53,16.7,144.34
2020-11-17,20,TEZIUTLAN,894.9,717.75,18.6,158.55
2020-11-17,21,TEZIUTLAN,771.61,762.95,17.61,-8.94
2020-11-17,22,TEZIUTLAN,642.15,632.53,9.61,0
2020-11-17,23,TEZIUTLAN,595.53,584.81,10.73,0
2020-11-17,24,TEZIUTLAN,589.88,580.72,9.16,0
2020-11-17,1,TICUL,607.7,552.9,54.8,0
2020-11-17,2,TICUL,593.44,541.49,51.95,0
2020-11-17,3,TICUL,564.3,522.06,42.24,0
2020-11-17,4,TICUL,563.34,519.16,44.19,0
2020-11-17,5,TICUL,571.81,531.31,40.49,0
2020-11-17,6,TICUL,570.21,532.41,37.8,0
2020-11-17,7,TICUL,600.87,561.91,38.96,0
2020-11-17,8,TICUL,798.06,713.64,54.59,29.83
2020-11-17,9,TICUL,977.58,806.2,73.87,97.52
2020-11-17,10,TICUL,952.39,791.94,79.09,81.36
2020-11-17,11,TICUL,958.51,784.01,82.6,91.9
2020-11-17,12,TICUL,946.59,778.87,79.64,88.08
2020-11-17,13,TICUL,939.42,800.3,54.89,84.22
2020-11-17,14,TICUL,801.87,755.77,46.11,-.01
2020-11-17,15,TICUL,839.74,763.52,69.87,6.35
2020-11-17,16,TICUL,852.41,768.44,83.92,.06
2020-11-17,17,TICUL,853.58,770.26,83.28,.04
2020-11-17,18,TICUL,911.58,827.08,92.4,-7.9
2020-11-17,19,TICUL,1091.19,715.53,88.09,287.58
2020-11-17,20,TICUL,1116.38,717.75,84.24,314.39
2020-11-17,21,TICUL,835.37,762.95,78.67,-6.26
2020-11-17,22,TICUL,692.17,632.53,59.63,0
2020-11-17,23,TICUL,642.25,584.81,57.44,0
2020-11-17,24,TICUL,633.59,580.72,52.88,0
2020-11-17,1,TLAXCALA,572.25,552.9,19.35,0
2020-11-17,2,TLAXCALA,558.53,541.49,17.04,0
2020-11-17,3,TLAXCALA,537.42,522.07,15.35,0
2020-11-17,4,TLAXCALA,535.01,519.16,15.85,0
2020-11-17,5,TLAXCALA,546.93,531.31,15.61,0
2020-11-17,6,TLAXCALA,548.58,532.41,16.17,0
2020-11-17,7,TLAXCALA,583.28,561.91,21.37,0
2020-11-17,8,TLAXCALA,775.66,713.64,32.56,29.45
2020-11-17,9,TLAXCALA,943.24,806.2,39.44,97.61
2020-11-17,10,TLAXCALA,911.07,791.94,36.91,82.22
2020-11-17,11,TLAXCALA,918.09,784.01,40.18,93.9
2020-11-17,12,TLAXCALA,911.6,778.87,41.45,91.28
2020-11-17,13,TLAXCALA,923.58,800.3,35.97,87.31
2020-11-17,14,TLAXCALA,788.44,755.77,32.69,-.01
2020-11-17,15,TLAXCALA,803.69,763.52,33.7,6.47
2020-11-17,16,TLAXCALA,800.52,768.44,32.02,.07
2020-11-17,17,TLAXCALA,801.3,770.26,31,.04
2020-11-17,18,TLAXCALA,852.83,827.08,33.93,-8.18
2020-11-17,19,TLAXCALA,1026.4,715.53,29.93,280.94
2020-11-17,20,TLAXCALA,1056.29,717.75,30.94,307.59
2020-11-17,21,TLAXCALA,787.78,762.95,31.28,-6.45
2020-11-17,22,TLAXCALA,654.1,632.53,21.57,0
2020-11-17,23,TLAXCALA,604.31,584.81,19.51,0
2020-11-17,24,TLAXCALA,599.76,580.72,19.05,0
2020-11-17,1,TUXTLA,583.29,552.9,30.39,0
2020-11-17,2,TUXTLA,569.82,541.49,28.33,0
2020-11-17,3,TUXTLA,544.52,522.06,22.46,0
2020-11-17,4,TUXTLA,546.29,519.16,27.13,0
2020-11-17,5,TUXTLA,556.86,531.31,25.55,0
2020-11-17,6,TUXTLA,557.19,532.41,24.78,0
2020-11-17,7,TUXTLA,591.64,561.91,29.73,0
2020-11-17,8,TUXTLA,781.82,713.64,38.36,29.82
2020-11-17,9,TUXTLA,951.47,806.2,47.79,97.49
2020-11-17,10,TUXTLA,922.86,791.94,49.58,81.33
2020-11-17,11,TUXTLA,924.51,784.01,48.63,91.87
2020-11-17,12,TUXTLA,925.62,778.87,58.32,88.44
2020-11-17,13,TUXTLA,921.29,800.3,36.4,84.59
2020-11-17,14,TUXTLA,786.01,755.77,30.25,-.01
2020-11-17,15,TUXTLA,799.47,763.52,29.61,6.35
2020-11-17,16,TUXTLA,806.66,768.44,38.17,.06
2020-11-17,17,TUXTLA,805.98,770.26,35.68,.04
2020-11-17,18,TUXTLA,857.04,827.08,37.86,-7.9
2020-11-17,19,TUXTLA,1040.36,715.53,37.31,287.52
2020-11-17,20,TUXTLA,1067.13,717.75,35.05,314.33
2020-11-17,21,TUXTLA,785.12,762.95,28.42,-6.25
2020-11-17,22,TUXTLA,652.19,632.53,19.65,0
2020-11-17,23,TUXTLA,607.42,584.81,22.61,0
2020-11-17,24,TUXTLA,602.58,580.72,21.86,0
2020-11-17,1,URUAPAN,570.92,552.9,18.02,0
2020-11-17,2,URUAPAN,557.01,541.49,15.52,0
2020-11-17,3,URUAPAN,536.84,522.06,14.78,0
2020-11-17,4,URUAPAN,532.17,519.16,13.01,0
2020-11-17,5,URUAPAN,544.18,531.31,12.87,0
2020-11-17,6,URUAPAN,546.63,532.41,14.22,0
2020-11-17,7,URUAPAN,581.44,561.91,19.53,0
2020-11-17,8,URUAPAN,739.57,713.64,27.3,-1.37
2020-11-17,9,URUAPAN,830.4,806.2,29.01,-4.8
2020-11-17,10,URUAPAN,818.63,791.94,30.59,-3.91
2020-11-17,11,URUAPAN,811.48,784.01,27.32,.16
2020-11-17,12,URUAPAN,806.24,778.87,27.61,-.24
2020-11-17,13,URUAPAN,834.51,800.3,37.56,-3.35
2020-11-17,14,URUAPAN,792.87,755.77,36.89,.21
2020-11-17,15,URUAPAN,806.71,763.52,41.42,1.77
2020-11-17,16,URUAPAN,809.01,768.44,40.77,-.2
2020-11-17,17,URUAPAN,809.13,770.26,39,-.13
2020-11-17,18,URUAPAN,873.49,827.08,39.66,6.75
2020-11-17,19,URUAPAN,802.54,715.53,34.85,52.17
2020-11-17,20,URUAPAN,809.8,717.75,35.86,56.19
2020-11-17,21,URUAPAN,807.7,762.95,39.41,5.35
2020-11-17,22,URUAPAN,664.93,632.53,32.39,0
2020-11-17,23,URUAPAN,611.82,584.81,27.01,0
2020-11-17,24,URUAPAN,607.37,580.72,26.65,0
2020-11-17,1,VDM CENTRO,576.49,552.9,23.59,0
2020-11-17,2,VDM CENTRO,562.91,541.49,21.42,0
2020-11-17,3,VDM CENTRO,541.35,522.07,19.29,0
2020-11-17,4,VDM CENTRO,538.95,519.16,19.79,0
2020-11-17,5,VDM CENTRO,551.06,531.31,19.75,0
2020-11-17,6,VDM CENTRO,553.26,532.41,20.85,0
2020-11-17,7,VDM CENTRO,588.56,561.91,26.66,0
2020-11-17,8,VDM CENTRO,776.2,713.64,39.23,23.33
2020-11-17,9,VDM CENTRO,929.43,806.2,46.21,77.03
2020-11-17,10,VDM CENTRO,903.89,791.95,46.59,65.36
2020-11-17,11,VDM CENTRO,909.94,784.01,50.93,75.01
2020-11-17,12,VDM CENTRO,904.1,778.87,51.43,73.8
2020-11-17,13,VDM CENTRO,920.71,800.3,49.95,70.45
2020-11-17,14,VDM CENTRO,801.21,755.77,45.43,0
2020-11-17,15,VDM CENTRO,815.19,763.52,46.33,5.35
2020-11-17,16,VDM CENTRO,812.74,768.44,44.27,.04
2020-11-17,17,VDM CENTRO,812.19,770.26,41.9,.03
2020-11-17,18,VDM CENTRO,863.75,827.08,43.02,-6.36
2020-11-17,19,VDM CENTRO,954.47,715.53,37.47,201.47
2020-11-17,20,VDM CENTRO,977.75,717.75,38.8,221.2
2020-11-17,21,VDM CENTRO,798.95,762.95,41.05,-5.05
2020-11-17,22,VDM CENTRO,663.06,632.54,30.52,0
2020-11-17,23,VDM CENTRO,611.23,584.81,26.43,0
2020-11-17,24,VDM CENTRO,606.15,580.72,25.43,0
2020-11-17,1,VDM NORTE,575.04,552.9,22.14,0
2020-11-17,2,VDM NORTE,561.52,541.49,20.03,0
2020-11-17,3,VDM NORTE,540.22,522.07,18.16,0
2020-11-17,4,VDM NORTE,537.82,519.16,18.67,0
2020-11-17,5,VDM NORTE,550.01,531.31,18.7,0
2020-11-17,6,VDM NORTE,552.07,532.41,19.66,0
2020-11-17,7,VDM NORTE,587.26,561.91,25.35,0
2020-11-17,8,VDM NORTE,773.78,713.64,37.37,22.76
2020-11-17,9,VDM NORTE,925,806.2,43.75,75.05
2020-11-17,10,VDM NORTE,899.71,791.95,44.12,63.65
2020-11-17,11,VDM NORTE,905.24,784.01,48.17,73.06
2020-11-17,12,VDM NORTE,898.99,778.87,48.24,71.88
2020-11-17,13,VDM NORTE,915.56,800.3,46.66,68.6
2020-11-17,14,VDM NORTE,798.25,755.77,42.47,0
2020-11-17,15,VDM NORTE,811.92,763.52,43.19,5.21
2020-11-17,16,VDM NORTE,809.69,768.44,41.21,.04
2020-11-17,17,VDM NORTE,809.03,770.26,38.74,.03
2020-11-17,18,VDM NORTE,860.32,827.08,39.43,-6.19
2020-11-17,19,VDM NORTE,893.75,715.53,34.06,144.16
2020-11-17,20,VDM NORTE,910.78,717.75,35.39,157.63
2020-11-17,21,VDM NORTE,795.66,762.95,37.62,-4.9
2020-11-17,22,VDM NORTE,660.4,632.53,27.86,0
2020-11-17,23,VDM NORTE,609.04,584.81,24.23,0
2020-11-17,24,VDM NORTE,604.64,580.72,23.92,0
2020-11-17,1,VDM SUR,579.39,552.9,26.48,0
2020-11-17,2,VDM SUR,565.86,541.49,24.37,0
2020-11-17,3,VDM SUR,544.29,522.07,22.23,0
2020-11-17,4,VDM SUR,541.91,519.16,22.75,0
2020-11-17,5,VDM SUR,554.19,531.31,22.87,0
2020-11-17,6,VDM SUR,556.37,532.41,23.96,0
2020-11-17,7,VDM SUR,591.87,561.91,29.96,0
2020-11-17,8,VDM SUR,779.71,713.64,43.3,22.77
2020-11-17,9,VDM SUR,931.76,806.2,50.62,74.95
2020-11-17,10,VDM SUR,906.56,791.94,51.04,63.58
2020-11-17,11,VDM SUR,911.42,784.01,54.3,73.11
2020-11-17,12,VDM SUR,905.59,778.87,54.64,72.08
2020-11-17,13,VDM SUR,922.94,800.3,53.89,68.75
2020-11-17,14,VDM SUR,804.86,755.77,49.08,.01
2020-11-17,15,VDM SUR,819.31,763.52,50.52,5.27
2020-11-17,16,VDM SUR,817.13,768.44,48.65,.04
2020-11-17,17,VDM SUR,816.13,770.26,45.84,.02
2020-11-17,18,VDM SUR,867.73,827.08,46.79,-6.14
2020-11-17,19,VDM SUR,959.78,715.53,40.56,203.7
2020-11-17,20,VDM SUR,982.99,717.75,42.1,223.14
2020-11-17,21,VDM SUR,802.81,762.95,44.74,-4.87
2020-11-17,22,VDM SUR,666.11,632.53,33.58,0
2020-11-17,23,VDM SUR,614.06,584.81,29.25,0
2020-11-17,24,VDM SUR,609.44,580.72,28.73,0
2020-11-17,1,VERACRUZ,567.54,552.9,14.64,0
2020-11-17,2,VERACRUZ,554.29,541.49,12.8,0
2020-11-17,3,VERACRUZ,531.5,522.07,9.43,0
2020-11-17,4,VERACRUZ,530.78,519.16,11.63,0
2020-11-17,5,VERACRUZ,541.66,531.31,10.35,0
2020-11-17,6,VERACRUZ,542.47,532.41,10.06,0
2020-11-17,7,VERACRUZ,575.85,561.91,13.94,0
2020-11-17,8,VERACRUZ,767.96,713.64,20.87,33.44
2020-11-17,9,VERACRUZ,944.11,806.2,30.81,107.11
2020-11-17,10,VERACRUZ,913.26,791.94,31.25,90.06
2020-11-17,11,VERACRUZ,921.34,784.01,35.24,102.09
2020-11-17,12,VERACRUZ,915.72,778.87,38.34,98.51
2020-11-17,13,VERACRUZ,925.44,800.3,30.53,94.62
2020-11-17,14,VERACRUZ,781.85,755.77,26.1,-.02
2020-11-17,15,VERACRUZ,797.16,763.52,26.72,6.93
2020-11-17,16,VERACRUZ,795.26,768.44,26.75,.07
2020-11-17,17,VERACRUZ,795.45,770.26,25.14,.05
2020-11-17,18,VERACRUZ,844,827.08,25.71,-8.79
2020-11-17,19,VERACRUZ,990.78,715.53,23.56,251.69
2020-11-17,20,VERACRUZ,1016.1,717.75,23.19,275.16
2020-11-17,21,VERACRUZ,778.13,762.95,22.14,-6.96
2020-11-17,22,VERACRUZ,647.28,632.53,14.75,0
2020-11-17,23,VERACRUZ,599.37,584.81,14.57,0
2020-11-17,24,VERACRUZ,594.54,580.72,13.82,0
2020-11-17,1,VICTORIA,516.15,552.9,-36.75,0
2020-11-17,2,VICTORIA,506.83,541.49,-34.66,0
2020-11-17,3,VICTORIA,488.98,522.06,-33.09,0
2020-11-17,4,VICTORIA,485.61,519.16,-33.55,0
2020-11-17,5,VICTORIA,496.24,531.31,-35.08,0
2020-11-17,6,VICTORIA,497.12,532.41,-35.29,0
2020-11-17,7,VICTORIA,518.52,561.91,-43.39,0
2020-11-17,8,VICTORIA,609.33,713.64,-66.72,-37.59
2020-11-17,9,VICTORIA,610.96,806.2,-72.23,-123
2020-11-17,10,VICTORIA,612.21,791.94,-75.42,-104.32
2020-11-17,11,VICTORIA,582.19,784.01,-71.93,-129.89
2020-11-17,12,VICTORIA,582.7,778.87,-69.83,-126.35
2020-11-17,13,VICTORIA,613.97,800.3,-75.42,-110.91
2020-11-17,14,VICTORIA,683.17,755.77,-72.18,-.42
2020-11-17,15,VICTORIA,675.61,763.52,-73.5,-14.41
2020-11-17,16,VICTORIA,694.49,768.44,-74.84,.89
2020-11-17,17,VICTORIA,693.66,770.26,-77.18,.57
2020-11-17,18,VICTORIA,656.65,827.08,-83.06,-87.38
2020-11-17,19,VICTORIA,603.65,715.53,-71.56,-40.32
2020-11-17,20,VICTORIA,611.49,717.75,-71.31,-34.96
2020-11-17,21,VICTORIA,617.52,762.95,-76.23,-69.2
2020-11-17,22,VICTORIA,571.6,632.53,-60.94,0
2020-11-17,23,VICTORIA,534.36,584.81,-50.45,0
2020-11-17,24,VICTORIA,530.64,580.72,-50.07,0
2020-11-17,1,VILLAHERMOSA,578.74,552.9,25.84,0
2020-11-17,2,VILLAHERMOSA,564.66,541.49,23.17,0
2020-11-17,3,VILLAHERMOSA,540.12,522.07,18.05,0
2020-11-17,4,VILLAHERMOSA,542.33,519.16,23.17,0
2020-11-17,5,VILLAHERMOSA,552.1,531.31,20.79,0
2020-11-17,6,VILLAHERMOSA,551.62,532.41,19.21,0
2020-11-17,7,VILLAHERMOSA,584.47,561.91,22.56,0
2020-11-17,8,VILLAHERMOSA,773.57,713.64,30.1,29.83
2020-11-17,9,VILLAHERMOSA,943.97,806.2,40.25,97.52
2020-11-17,10,VILLAHERMOSA,916.95,791.94,43.65,81.36
2020-11-17,11,VILLAHERMOSA,920.76,784.01,44.85,91.9
2020-11-17,12,VILLAHERMOSA,919.01,778.87,51.7,88.44
2020-11-17,13,VILLAHERMOSA,912.9,800.3,28.01,84.6
2020-11-17,14,VILLAHERMOSA,778.06,755.77,22.3,-.01
2020-11-17,15,VILLAHERMOSA,793.83,763.52,23.97,6.35
2020-11-17,16,VILLAHERMOSA,801.37,768.44,32.87,.06
2020-11-17,17,VILLAHERMOSA,802,770.26,31.7,.04
2020-11-17,18,VILLAHERMOSA,853.26,827.08,34.07,-7.9
2020-11-17,19,VILLAHERMOSA,1039.81,715.53,36.7,287.58
2020-11-17,20,VILLAHERMOSA,1066.84,717.75,34.7,314.39
2020-11-17,21,VILLAHERMOSA,785.51,762.95,28.81,-6.26
2020-11-17,22,VILLAHERMOSA,652.6,632.53,20.07,0
2020-11-17,23,VILLAHERMOSA,607.27,584.81,22.47,0
2020-11-17,24,VILLAHERMOSA,601.46,580.72,20.75,0
2020-11-17,1,XALAPA,569.59,552.9,16.69,0
2020-11-17,2,XALAPA,555.68,541.49,14.19,0
2020-11-17,3,XALAPA,534.31,522.06,12.25,0
2020-11-17,4,XALAPA,530.7,519.16,11.54,0
2020-11-17,5,XALAPA,542.01,531.31,10.7,0
2020-11-17,6,XALAPA,544.01,532.41,11.6,0
2020-11-17,7,XALAPA,577.06,561.91,15.15,0
2020-11-17,8,XALAPA,777.8,713.64,25.91,38.25
2020-11-17,9,XALAPA,966.98,806.2,36.14,124.64
2020-11-17,10,XALAPA,924.32,791.94,28.48,103.89
2020-11-17,11,XALAPA,934.19,784.01,32,118.19
2020-11-17,12,XALAPA,927.72,778.87,33.45,115.4
2020-11-17,13,XALAPA,939.87,800.3,28.88,110.7
2020-11-17,14,XALAPA,784.14,755.77,28.41,-.04
2020-11-17,15,XALAPA,802.44,763.52,30.9,8.02
2020-11-17,16,XALAPA,796.79,768.44,28.26,.1
2020-11-17,17,XALAPA,797.54,770.26,27.22,.06
2020-11-17,18,XALAPA,846.48,827.08,30.11,-10.72
2020-11-17,19,XALAPA,911.38,715.53,26.7,169.16
2020-11-17,20,XALAPA,931.89,717.75,28.71,185.43
2020-11-17,21,XALAPA,782.66,762.95,28.21,-8.5
2020-11-17,22,XALAPA,649.98,632.53,17.45,0
2020-11-17,23,XALAPA,602.55,584.81,17.74,0
2020-11-17,24,XALAPA,596.69,580.72,15.98,0
2020-11-17,1,ZACAPU,568.41,552.9,15.51,0
2020-11-17,2,ZACAPU,555.11,541.49,13.62,0
2020-11-17,3,ZACAPU,534.89,522.06,12.82,0
2020-11-17,4,ZACAPU,530.85,519.16,11.69,0
2020-11-17,5,ZACAPU,543.2,531.31,11.88,0
2020-11-17,6,ZACAPU,545.71,532.41,13.3,0
2020-11-17,7,ZACAPU,579.75,561.91,17.84,0
2020-11-17,8,ZACAPU,735.58,713.64,23.57,-1.63
2020-11-17,9,ZACAPU,823.97,806.2,23.44,-5.66
2020-11-17,10,ZACAPU,811.66,791.94,24.36,-4.64
2020-11-17,11,ZACAPU,803.77,784.01,20.4,-.64
2020-11-17,12,ZACAPU,797.94,778.87,20.11,-1.04
2020-11-17,13,ZACAPU,825.01,800.3,28.85,-4.14
2020-11-17,14,ZACAPU,784.21,755.77,28.23,.21
2020-11-17,15,ZACAPU,797.53,763.52,32.28,1.74
2020-11-17,16,ZACAPU,798.66,768.44,30.43,-.2
2020-11-17,17,ZACAPU,799.09,770.26,28.95,-.13
2020-11-17,18,ZACAPU,863.46,827.08,29.41,6.96
2020-11-17,19,ZACAPU,793.04,715.53,26.06,51.46
2020-11-17,20,ZACAPU,799.89,717.75,26.75,55.4
2020-11-17,21,ZACAPU,798.83,762.95,30.37,5.51
2020-11-17,22,ZACAPU,657.96,632.53,25.43,0
2020-11-17,23,ZACAPU,605.95,584.81,21.14,0
2020-11-17,24,ZACAPU,602.2,580.72,21.48,0
2020-11-17,1,ZACATECAS,561.1,552.9,8.2,0
2020-11-17,2,ZACATECAS,547.44,541.49,5.95,0
2020-11-17,3,ZACATECAS,527.48,522.06,5.41,0
2020-11-17,4,ZACATECAS,524.31,519.16,5.15,0
2020-11-17,5,ZACATECAS,536.47,531.31,5.16,0
2020-11-17,6,ZACATECAS,538.36,532.41,5.95,0
2020-11-17,7,ZACATECAS,567.98,561.91,6.07,0
2020-11-17,8,ZACATECAS,702.57,713.64,2.08,-13.15
2020-11-17,9,ZACATECAS,758.94,806.2,-3.68,-43.58
2020-11-17,10,ZACATECAS,747.08,791.94,-8,-36.87
2020-11-17,11,ZACATECAS,724.54,784.01,-10.42,-49.05
2020-11-17,12,ZACATECAS,724.46,778.87,-7.22,-47.19
2020-11-17,13,ZACATECAS,758.87,800.3,-3.08,-38.35
2020-11-17,14,ZACATECAS,755.97,755.77,1.04,-.84
2020-11-17,15,ZACATECAS,763.16,763.52,7.19,-7.55
2020-11-17,16,ZACATECAS,776.17,768.44,8,-.26
2020-11-17,17,ZACATECAS,781.31,770.26,11.22,-.17
2020-11-17,18,ZACATECAS,870.08,827.08,20.32,22.68
2020-11-17,19,ZACATECAS,788.52,715.53,20.91,52.08
2020-11-17,20,ZACATECAS,794.43,717.75,22.29,54.39
2020-11-17,21,ZACATECAS,804.43,762.95,23.6,17.88
2020-11-17,22,ZACATECAS,652.38,632.53,19.85,0
2020-11-17,23,ZACATECAS,601.94,584.81,17.13,0
2020-11-17,24,ZACATECAS,593.97,580.72,13.25,0
2020-11-17,1,ZAMORA,570.66,552.9,17.75,0
2020-11-17,2,ZAMORA,556.95,541.49,15.46,0
2020-11-17,3,ZAMORA,536.83,522.07,14.76,0
2020-11-17,4,ZAMORA,532.47,519.16,13.31,0
2020-11-17,5,ZAMORA,544.53,531.31,13.21,0
2020-11-17,6,ZAMORA,546.98,532.41,14.57,0
2020-11-17,7,ZAMORA,581.7,561.91,19.79,0
2020-11-17,8,ZAMORA,737.52,713.64,26.6,-2.73
2020-11-17,9,ZAMORA,824.21,806.2,27.31,-9.29
2020-11-17,10,ZAMORA,812.25,791.94,27.99,-7.68
2020-11-17,11,ZAMORA,805.14,784.01,24.05,-2.92
2020-11-17,12,ZAMORA,800.87,778.87,25.42,-3.42
2020-11-17,13,ZAMORA,828.2,800.3,34.96,-7.06
2020-11-17,14,ZAMORA,790.13,755.77,34.1,.26
2020-11-17,15,ZAMORA,803.99,763.52,38.54,1.94
2020-11-17,16,ZAMORA,806.49,768.44,38.29,-.24
2020-11-17,17,ZAMORA,806.09,770.26,35.98,-.15
2020-11-17,18,ZAMORA,872.1,827.08,37.53,7.48
2020-11-17,19,ZAMORA,798.51,715.53,31.49,51.5
2020-11-17,20,ZAMORA,804.86,717.75,31.72,55.39
2020-11-17,21,ZAMORA,804.19,762.95,35.31,5.93
2020-11-17,22,ZAMORA,662.5,632.53,29.97,0
2020-11-17,23,ZAMORA,610.36,584.81,25.56,0
2020-11-17,24,ZAMORA,606.39,580.72,25.67,0
2020-11-17,1,ZAPOTLAN,563.79,552.9,10.89,0
2020-11-17,2,ZAPOTLAN,549.76,541.49,8.27,0
2020-11-17,3,ZAPOTLAN,529.6,522.06,7.54,0
2020-11-17,4,ZAPOTLAN,525.18,519.16,6.02,0
2020-11-17,5,ZAPOTLAN,536.34,531.31,5.02,0
2020-11-17,6,ZAPOTLAN,538.83,532.41,6.42,0
2020-11-17,7,ZAPOTLAN,571.57,561.91,9.66,0
2020-11-17,8,ZAPOTLAN,720.68,713.64,13.43,-6.39
2020-11-17,9,ZAPOTLAN,798.61,806.2,13.97,-21.55
2020-11-17,10,ZAPOTLAN,788.66,791.94,14.61,-17.89
2020-11-17,11,ZAPOTLAN,788.3,784.01,12.79,-8.49
2020-11-17,12,ZAPOTLAN,782.29,778.87,14.42,-11
2020-11-17,13,ZAPOTLAN,806.39,800.3,22.79,-16.7
2020-11-17,14,ZAPOTLAN,781.1,755.77,24.78,.54
2020-11-17,15,ZAPOTLAN,796.3,763.52,29.03,3.75
2020-11-17,16,ZAPOTLAN,795.88,768.44,27.87,-.43
2020-11-17,17,ZAPOTLAN,797.18,770.26,27.2,-.28
2020-11-17,18,ZAPOTLAN,864.36,827.08,30.93,6.35
2020-11-17,19,ZAPOTLAN,788.31,715.53,24.11,48.67
2020-11-17,20,ZAPOTLAN,794.06,717.75,23.9,52.41
2020-11-17,21,ZAPOTLAN,795.02,762.95,27.04,5.03
2020-11-17,22,ZAPOTLAN,657.41,632.53,24.88,0
2020-11-17,23,ZAPOTLAN,606.77,584.81,21.97,0
2020-11-17,24,ZAPOTLAN,601.21,580.72,20.49,0
2020-11-17,1,ZIHUATANEJO,594.62,552.9,41.72,0
2020-11-17,2,ZIHUATANEJO,580.77,541.49,39.28,0
2020-11-17,3,ZIHUATANEJO,559.81,522.06,37.74,0
2020-11-17,4,ZIHUATANEJO,554.11,519.16,34.95,0
2020-11-17,5,ZIHUATANEJO,566.09,531.31,34.78,0
2020-11-17,6,ZIHUATANEJO,567.66,532.41,35.25,0
2020-11-17,7,ZIHUATANEJO,605.01,561.91,43.1,0
2020-11-17,8,ZIHUATANEJO,783.26,713.64,55.36,14.25
2020-11-17,9,ZIHUATANEJO,908.95,806.2,56.33,46.42
2020-11-17,10,ZIHUATANEJO,890.9,791.94,59.59,39.36
2020-11-17,11,ZIHUATANEJO,882.26,784.01,50.81,47.44
2020-11-17,12,ZIHUATANEJO,878.76,778.87,53.07,46.83
2020-11-17,13,ZIHUATANEJO,908.28,800.3,64.87,43.11
2020-11-17,14,ZIHUATANEJO,816.88,755.77,61,.11
2020-11-17,15,ZIHUATANEJO,836.13,763.52,68.34,4.28
2020-11-17,16,ZIHUATANEJO,833.53,768.44,65.16,-.06
2020-11-17,17,ZIHUATANEJO,827.68,770.26,57.46,-.04
2020-11-17,18,ZIHUATANEJO,878.51,827.08,53.3,-1.88
2020-11-17,19,ZIHUATANEJO,894.6,715.53,36.66,142.41
2020-11-17,20,ZIHUATANEJO,918.14,717.75,44.47,155.92
2020-11-17,21,ZIHUATANEJO,817.02,762.95,55.6,-1.53
2020-11-17,22,ZIHUATANEJO,677.58,632.53,45.05,0
2020-11-17,23,ZIHUATANEJO,625.13,584.81,40.33,0
2020-11-17,24,ZIHUATANEJO,627.39,580.72,46.68,0
2020-11-18,1,ACAPULCO,576.26,520.19,56.07,0
2020-11-18,2,ACAPULCO,560.67,510.32,50.35,0
2020-11-18,3,ACAPULCO,539.22,492.35,46.87,0
2020-11-18,4,ACAPULCO,535.08,489.69,45.39,0
2020-11-18,5,ACAPULCO,533.87,489.67,44.2,0
2020-11-18,6,ACAPULCO,537.61,493.39,44.23,0
2020-11-18,7,ACAPULCO,556.92,511.2,45.71,0
2020-11-18,8,ACAPULCO,569.76,522.44,47.32,0
2020-11-18,9,ACAPULCO,586.44,532.22,54.22,0
2020-11-18,10,ACAPULCO,575.17,518.29,56.6,.28
2020-11-18,11,ACAPULCO,575.04,517.7,57.26,.07
2020-11-18,12,ACAPULCO,794.81,520.62,61.91,212.28
2020-11-18,13,ACAPULCO,580.97,519.94,61.03,0
2020-11-18,14,ACAPULCO,582.1,521.38,60.73,0
2020-11-18,15,ACAPULCO,621.14,524.01,64.6,32.53
2020-11-18,16,ACAPULCO,593.58,527.97,65.62,0
2020-11-18,17,ACAPULCO,622.96,554.93,68.03,0
2020-11-18,18,ACAPULCO,689.87,618.2,71.66,0
2020-11-18,19,ACAPULCO,855.13,763.58,96.21,-4.66
2020-11-18,20,ACAPULCO,668.61,591.38,77.29,-.06
2020-11-18,21,ACAPULCO,644.08,575.09,69.58,-.58
2020-11-18,22,ACAPULCO,630.8,571.99,59.7,-.89
2020-11-18,23,ACAPULCO,657.51,586.62,72.47,-1.58
2020-11-18,24,ACAPULCO,605.03,546.04,59.39,-.41
2020-11-18,1,AGUASCALIENTES,521.28,520.19,1.09,0
2020-11-18,2,AGUASCALIENTES,512.87,510.32,2.55,0
2020-11-18,3,AGUASCALIENTES,495.23,492.35,2.88,0
2020-11-18,4,AGUASCALIENTES,492.87,489.69,3.18,0
2020-11-18,5,AGUASCALIENTES,492.89,489.67,3.22,0
2020-11-18,6,AGUASCALIENTES,496.83,493.39,3.44,0
2020-11-18,7,AGUASCALIENTES,514.47,511.2,3.27,0
2020-11-18,8,AGUASCALIENTES,525.96,522.44,3.52,0
2020-11-18,9,AGUASCALIENTES,528.67,532.22,-3.55,0
2020-11-18,10,AGUASCALIENTES,511.03,518.29,-6.56,-.7
2020-11-18,11,AGUASCALIENTES,510.56,517.7,-6.98,-.17
2020-11-18,12,AGUASCALIENTES,508.9,520.62,-7.79,-3.94
2020-11-18,13,AGUASCALIENTES,512.77,519.94,-7.17,0
2020-11-18,14,AGUASCALIENTES,513.23,521.38,-8.15,0
2020-11-18,15,AGUASCALIENTES,515.11,524.01,-8.3,-.6
2020-11-18,16,AGUASCALIENTES,520.24,527.97,-7.73,0
2020-11-18,17,AGUASCALIENTES,550.2,554.93,-4.73,0
2020-11-18,18,AGUASCALIENTES,622.48,618.2,4.28,0
2020-11-18,19,AGUASCALIENTES,803.95,763.58,4.27,36.1
2020-11-18,20,AGUASCALIENTES,593.66,591.38,1.81,.48
2020-11-18,21,AGUASCALIENTES,579.61,575.09,0,4.51
2020-11-18,22,AGUASCALIENTES,580.62,571.99,1.78,6.85
2020-11-18,23,AGUASCALIENTES,601.48,586.62,2.67,12.2
2020-11-18,24,AGUASCALIENTES,549.57,546.04,.41,3.13
2020-11-18,1,APATZINGAN,551,520.19,30.81,0
2020-11-18,2,APATZINGAN,538.54,510.32,28.22,0
2020-11-18,3,APATZINGAN,518.42,492.35,26.07,0
2020-11-18,4,APATZINGAN,515.01,489.69,25.32,0
2020-11-18,5,APATZINGAN,514.29,489.67,24.62,0
2020-11-18,6,APATZINGAN,518.79,493.39,25.4,0
2020-11-18,7,APATZINGAN,539.62,511.2,28.42,0
2020-11-18,8,APATZINGAN,555.59,522.44,33.15,0
2020-11-18,9,APATZINGAN,569,532.22,36.79,0
2020-11-18,10,APATZINGAN,556.61,518.29,36.95,1.37
2020-11-18,11,APATZINGAN,553.41,517.7,35.36,.34
2020-11-18,12,APATZINGAN,547.34,520.62,37.89,-11.17
2020-11-18,13,APATZINGAN,558.69,519.94,38.76,0
2020-11-18,14,APATZINGAN,561.13,521.38,39.76,0
2020-11-18,15,APATZINGAN,563.99,524.01,41.75,-1.77
2020-11-18,16,APATZINGAN,571.03,527.97,43.06,0
2020-11-18,17,APATZINGAN,602.81,554.93,47.88,0
2020-11-18,18,APATZINGAN,671.67,618.2,53.47,0
2020-11-18,19,APATZINGAN,836.95,763.58,65.7,7.66
2020-11-18,20,APATZINGAN,644.1,591.38,52.63,.1
2020-11-18,21,APATZINGAN,623.18,575.09,47.13,.96
2020-11-18,22,APATZINGAN,618.41,571.99,44.97,1.45
2020-11-18,23,APATZINGAN,634.29,586.62,45.08,2.59
2020-11-18,24,APATZINGAN,583.27,546.04,36.56,.67
2020-11-18,1,CABORCA,467.83,520.19,-52.36,0
2020-11-18,2,CABORCA,459.73,510.32,-50.59,0
2020-11-18,3,CABORCA,447.27,492.35,-45.09,0
2020-11-18,4,CABORCA,446.05,489.69,-43.64,0
2020-11-18,5,CABORCA,434.32,489.67,-55.35,0
2020-11-18,6,CABORCA,427.45,493.39,-65.94,0
2020-11-18,7,CABORCA,437.65,511.2,-73.56,0
2020-11-18,8,CABORCA,454.16,522.44,-68.28,0
2020-11-18,9,CABORCA,440.56,532.22,-91.66,0
2020-11-18,10,CABORCA,346.71,518.29,-145.66,-25.92
2020-11-18,11,CABORCA,323.02,517.7,-151.79,-42.9
2020-11-18,12,CABORCA,325.88,520.62,-151.78,-42.96
2020-11-18,13,CABORCA,332.25,519.94,-147.57,-40.12
2020-11-18,14,CABORCA,337.57,521.38,-148.44,-35.36
2020-11-18,15,CABORCA,336.5,524.01,-148.03,-39.48
2020-11-18,16,CABORCA,344.42,527.97,-144.01,-39.53
2020-11-18,17,CABORCA,343.19,554.93,-146.59,-65.14
2020-11-18,18,CABORCA,496.46,618.2,-121.74,0
2020-11-18,19,CABORCA,567.85,763.58,-107.51,-88.23
2020-11-18,20,CABORCA,520.34,591.38,-69.87,-1.17
2020-11-18,21,CABORCA,496.67,575.09,-67.39,-11.03
2020-11-18,22,CABORCA,502.08,571.99,-53.17,-16.74
2020-11-18,23,CABORCA,498.29,586.62,-58.51,-29.82
2020-11-18,24,CABORCA,483.66,546.04,-54.69,-7.7
2020-11-18,1,CAMARGO,495.72,520.19,-24.48,0
2020-11-18,2,CAMARGO,490.9,510.32,-19.42,0
2020-11-18,3,CAMARGO,482.81,492.35,-9.55,0
2020-11-18,4,CAMARGO,483.15,489.69,-6.54,0
2020-11-18,5,CAMARGO,478.67,489.67,-11,0
2020-11-18,6,CAMARGO,480,493.39,-13.39,0
2020-11-18,7,CAMARGO,492.61,511.2,-18.6,0
2020-11-18,8,CAMARGO,509.19,522.44,-13.25,0
2020-11-18,9,CAMARGO,494.41,532.22,-37.81,0
2020-11-18,10,CAMARGO,445.62,518.29,-56.48,-16.2
2020-11-18,11,CAMARGO,455.59,517.7,-58.03,-4.09
2020-11-18,12,CAMARGO,455.36,520.62,-62.29,-2.97
2020-11-18,13,CAMARGO,458.19,519.94,-61.75,0
2020-11-18,14,CAMARGO,454.19,521.38,-67.19,0
2020-11-18,15,CAMARGO,454.25,524.01,-69.31,-.45
2020-11-18,16,CAMARGO,462.59,527.97,-65.38,0
2020-11-18,17,CAMARGO,493.83,554.93,-61.1,0
2020-11-18,18,CAMARGO,571.48,618.2,-46.72,0
2020-11-18,19,CAMARGO,576.87,763.58,-47.24,-139.47
2020-11-18,20,CAMARGO,556.92,591.38,-32.61,-1.85
2020-11-18,21,CAMARGO,525.97,575.09,-31.69,-17.43
2020-11-18,22,CAMARGO,519.49,571.99,-26.03,-26.47
2020-11-18,23,CAMARGO,508.39,586.62,-31.08,-47.15
2020-11-18,24,CAMARGO,499.21,546.04,-34.66,-12.17
2020-11-18,1,CAMPECHE,564.89,520.19,44.7,0
2020-11-18,2,CAMPECHE,540.13,510.32,29.82,0
2020-11-18,3,CAMPECHE,518.46,492.35,26.11,0
2020-11-18,4,CAMPECHE,515.2,489.69,25.51,0
2020-11-18,5,CAMPECHE,513.78,489.67,24.12,0
2020-11-18,6,CAMPECHE,517.03,493.39,23.64,0
2020-11-18,7,CAMPECHE,526.4,511.2,15.2,0
2020-11-18,8,CAMPECHE,537,522.44,14.56,0
2020-11-18,9,CAMPECHE,556.28,532.22,24.06,0
2020-11-18,10,CAMPECHE,543.74,518.29,25.65,-.19
2020-11-18,11,CAMPECHE,546.27,517.7,28.61,-.05
2020-11-18,12,CAMPECHE,569.81,520.62,35.36,13.82
2020-11-18,13,CAMPECHE,553.48,519.94,33.54,0
2020-11-18,14,CAMPECHE,556.16,521.38,34.78,0
2020-11-18,15,CAMPECHE,562.35,524.01,36.21,2.12
2020-11-18,16,CAMPECHE,564.26,527.97,36.29,0
2020-11-18,17,CAMPECHE,590.88,554.93,35.96,0
2020-11-18,18,CAMPECHE,665.55,618.2,47.35,0
2020-11-18,19,CAMPECHE,824.42,763.58,69.83,-8.99
2020-11-18,20,CAMPECHE,643.7,591.38,52.44,-.12
2020-11-18,21,CAMPECHE,629.73,575.09,55.76,-1.12
2020-11-18,22,CAMPECHE,638.84,571.99,68.56,-1.71
2020-11-18,23,CAMPECHE,652.31,586.62,68.73,-3.04
2020-11-18,24,CAMPECHE,615.09,546.04,69.83,-.78
2020-11-18,1,CANCUN,562.97,520.19,42.78,0
2020-11-18,2,CANCUN,537.37,510.32,27.05,0
2020-11-18,3,CANCUN,518.58,492.35,26.22,0
2020-11-18,4,CANCUN,515.53,489.69,25.84,0
2020-11-18,5,CANCUN,513.7,489.67,24.04,0
2020-11-18,6,CANCUN,519.48,493.39,26.09,0
2020-11-18,7,CANCUN,525.42,511.2,14.22,0
2020-11-18,8,CANCUN,536.76,522.44,14.31,0
2020-11-18,9,CANCUN,560.5,532.22,28.28,0
2020-11-18,10,CANCUN,550.04,518.29,31.95,-.19
2020-11-18,11,CANCUN,552.79,517.7,35.14,-.05
2020-11-18,12,CANCUN,576.13,520.63,41.68,13.82
2020-11-18,13,CANCUN,559.98,519.94,40.04,0
2020-11-18,14,CANCUN,561.23,521.38,39.85,0
2020-11-18,15,CANCUN,566.65,524.01,40.52,2.12
2020-11-18,16,CANCUN,568.75,527.97,40.78,0
2020-11-18,17,CANCUN,595.6,554.93,40.68,0
2020-11-18,18,CANCUN,670.5,618.2,52.29,0
2020-11-18,19,CANCUN,829.05,763.58,74.45,-8.99
2020-11-18,20,CANCUN,646.63,591.38,55.37,-.12
2020-11-18,21,CANCUN,632.33,575.09,58.36,-1.12
2020-11-18,22,CANCUN,644.39,571.99,74.11,-1.71
2020-11-18,23,CANCUN,658.24,586.62,74.66,-3.04
2020-11-18,24,CANCUN,620.24,546.04,74.99,-.78
2020-11-18,1,CARMEN,589.52,520.19,69.32,0
2020-11-18,2,CARMEN,563.3,510.32,52.98,0
2020-11-18,3,CARMEN,539.34,492.35,46.99,0
2020-11-18,4,CARMEN,535.07,489.69,45.38,0
2020-11-18,5,CARMEN,532.75,489.67,43.08,0
2020-11-18,6,CARMEN,534.92,493.39,41.53,0
2020-11-18,7,CARMEN,544.82,511.2,33.62,0
2020-11-18,8,CARMEN,555.03,522.44,32.59,0
2020-11-18,9,CARMEN,574.15,532.22,41.93,0
2020-11-18,10,CARMEN,560.12,518.29,42.03,-.19
2020-11-18,11,CARMEN,562.88,517.7,45.22,-.05
2020-11-18,12,CARMEN,586.42,520.62,51.97,13.82
2020-11-18,13,CARMEN,570.56,519.94,50.63,0
2020-11-18,14,CARMEN,573.59,521.38,52.21,0
2020-11-18,15,CARMEN,580.08,524.01,53.95,2.12
2020-11-18,16,CARMEN,582.31,527.97,54.34,0
2020-11-18,17,CARMEN,610.36,554.93,55.44,0
2020-11-18,18,CARMEN,689.07,618.2,70.87,0
2020-11-18,19,CARMEN,856.52,763.58,101.92,-8.99
2020-11-18,20,CARMEN,669.29,591.38,78.03,-.12
2020-11-18,21,CARMEN,655.07,575.09,81.1,-1.12
2020-11-18,22,CARMEN,662.23,571.99,91.95,-1.71
2020-11-18,23,CARMEN,676.12,586.62,92.54,-3.04
2020-11-18,24,CARMEN,636.66,546.04,91.41,-.78
2020-11-18,1,CASAS GRANDES,453.26,520.19,-66.94,0
2020-11-18,2,CASAS GRANDES,450.01,510.32,-60.31,0
2020-11-18,3,CASAS GRANDES,444.17,492.35,-48.19,0
2020-11-18,4,CASAS GRANDES,443.59,489.69,-46.1,0
2020-11-18,5,CASAS GRANDES,435.8,489.67,-53.87,0
2020-11-18,6,CASAS GRANDES,435.65,493.39,-57.74,0
2020-11-18,7,CASAS GRANDES,446.9,511.2,-64.31,0
2020-11-18,8,CASAS GRANDES,463.22,522.44,-59.23,0
2020-11-18,9,CASAS GRANDES,446.66,532.22,-85.56,0
2020-11-18,10,CASAS GRANDES,388.84,518.29,-110.15,-19.3
2020-11-18,11,CASAS GRANDES,402.55,517.7,-110.3,-4.86
2020-11-18,12,CASAS GRANDES,401.79,520.62,-115.5,-3.34
2020-11-18,13,CASAS GRANDES,405.79,519.94,-114.15,0
2020-11-18,14,CASAS GRANDES,403.09,521.38,-118.28,0
2020-11-18,15,CASAS GRANDES,403.78,524.01,-119.73,-.51
2020-11-18,16,CASAS GRANDES,412.41,527.97,-115.56,0
2020-11-18,17,CASAS GRANDES,437.84,554.93,-117.08,0
2020-11-18,18,CASAS GRANDES,506.83,618.2,-111.37,0
2020-11-18,19,CASAS GRANDES,518.19,763.58,-121.93,-123.46
2020-11-18,20,CASAS GRANDES,501.63,591.38,-88.11,-1.63
2020-11-18,21,CASAS GRANDES,477.03,575.09,-82.63,-15.43
2020-11-18,22,CASAS GRANDES,474.41,571.99,-74.14,-23.45
2020-11-18,23,CASAS GRANDES,465.41,586.62,-79.41,-41.8
2020-11-18,24,CASAS GRANDES,456.07,546.04,-79.17,-10.8
2020-11-18,1,CELAYA,527.59,520.19,7.4,0
2020-11-18,2,CELAYA,517.86,510.32,7.54,0
2020-11-18,3,CELAYA,499.48,492.35,7.13,0
2020-11-18,4,CELAYA,496.42,489.69,6.72,0
2020-11-18,5,CELAYA,496.47,489.67,6.8,0
2020-11-18,6,CELAYA,500.53,493.39,7.14,0
2020-11-18,7,CELAYA,518.68,511.2,7.48,0
2020-11-18,8,CELAYA,530.55,522.44,8.1,0
2020-11-18,9,CELAYA,539.91,532.22,7.69,0
2020-11-18,10,CELAYA,525.34,518.29,6.92,.14
2020-11-18,11,CELAYA,523.95,517.7,6.22,.03
2020-11-18,12,CELAYA,524.6,520.63,5.71,-1.73
2020-11-18,13,CELAYA,525.93,519.94,5.99,0
2020-11-18,14,CELAYA,527.88,521.38,6.5,0
2020-11-18,15,CELAYA,530.13,524.01,6.4,-.28
2020-11-18,16,CELAYA,535.04,527.97,7.08,0
2020-11-18,17,CELAYA,563.72,554.93,8.8,0
2020-11-18,18,CELAYA,629.27,618.2,11.06,0
2020-11-18,19,CELAYA,782.7,763.58,13.46,5.66
2020-11-18,20,CELAYA,601.5,591.38,10.05,.07
2020-11-18,21,CELAYA,584.93,575.09,9.14,.7
2020-11-18,22,CELAYA,582.29,571.99,9.23,1.07
2020-11-18,23,CELAYA,598.46,586.62,9.92,1.92
2020-11-18,24,CELAYA,554.65,546.04,8.12,.5
2020-11-18,1,CENTRO ORIENTE,533.17,520.19,12.97,0
2020-11-18,2,CENTRO ORIENTE,520.15,510.32,9.83,0
2020-11-18,3,CENTRO ORIENTE,501.58,492.35,9.23,0
2020-11-18,4,CENTRO ORIENTE,498.91,489.69,9.22,0
2020-11-18,5,CENTRO ORIENTE,498.88,489.67,9.21,0
2020-11-18,6,CENTRO ORIENTE,502.58,493.39,9.19,0
2020-11-18,7,CENTRO ORIENTE,521.31,511.2,10.11,0
2020-11-18,8,CENTRO ORIENTE,534.29,522.44,11.85,0
2020-11-18,9,CENTRO ORIENTE,548.58,532.22,16.36,0
2020-11-18,10,CENTRO ORIENTE,535.92,518.29,17.76,-.13
2020-11-18,11,CENTRO ORIENTE,536.22,517.7,18.55,-.03
2020-11-18,12,CENTRO ORIENTE,548.07,520.62,20.34,7.11
2020-11-18,13,CENTRO ORIENTE,539.46,519.94,19.53,0
2020-11-18,14,CENTRO ORIENTE,540.68,521.38,19.3,0
2020-11-18,15,CENTRO ORIENTE,545.58,524.01,20.49,1.08
2020-11-18,16,CENTRO ORIENTE,549.33,527.97,21.37,0
2020-11-18,17,CENTRO ORIENTE,575.86,554.93,20.93,0
2020-11-18,18,CENTRO ORIENTE,639.33,618.2,21.13,0
2020-11-18,19,CENTRO ORIENTE,788.25,763.58,31.66,-7
2020-11-18,20,CENTRO ORIENTE,616.84,591.38,25.55,-.09
2020-11-18,21,CENTRO ORIENTE,599.18,575.09,24.97,-.87
2020-11-18,22,CENTRO ORIENTE,593.12,571.99,22.46,-1.33
2020-11-18,23,CENTRO ORIENTE,604.81,586.62,20.55,-2.36
2020-11-18,24,CENTRO ORIENTE,563.88,546.04,18.45,-.61
2020-11-18,1,CENTRO SUR,544.29,520.19,24.1,0
2020-11-18,2,CENTRO SUR,530.71,510.32,20.39,0
2020-11-18,3,CENTRO SUR,511.23,492.35,18.88,0
2020-11-18,4,CENTRO SUR,508.53,489.69,18.83,0
2020-11-18,5,CENTRO SUR,508.37,489.67,18.7,0
2020-11-18,6,CENTRO SUR,512.29,493.39,18.91,0
2020-11-18,7,CENTRO SUR,531.6,511.2,20.39,0
2020-11-18,8,CENTRO SUR,545.14,522.44,22.7,0
2020-11-18,9,CENTRO SUR,559.98,532.22,27.76,0
2020-11-18,10,CENTRO SUR,547.35,518.29,28.9,.16
2020-11-18,11,CENTRO SUR,546.8,517.7,29.05,.04
2020-11-18,12,CENTRO SUR,556.91,520.62,31.84,4.45
2020-11-18,13,CENTRO SUR,550.67,519.94,30.73,0
2020-11-18,14,CENTRO SUR,551.7,521.38,30.32,0
2020-11-18,15,CENTRO SUR,556.97,524.01,32.29,.67
2020-11-18,16,CENTRO SUR,560.69,527.97,32.73,0
2020-11-18,17,CENTRO SUR,588.12,554.93,33.19,0
2020-11-18,18,CENTRO SUR,650.41,618.2,32.2,0
2020-11-18,19,CENTRO SUR,800.97,763.58,41.96,-4.58
2020-11-18,20,CENTRO SUR,624.35,591.38,33.04,-.06
2020-11-18,21,CENTRO SUR,606.52,575.09,32.01,-.57
2020-11-18,22,CENTRO SUR,601.44,571.99,30.32,-.87
2020-11-18,23,CENTRO SUR,616.72,586.62,31.65,-1.54
2020-11-18,24,CENTRO SUR,575.36,546.04,29.72,-.4
2020-11-18,1,CHETUMAL,564.79,520.19,44.59,0
2020-11-18,2,CHETUMAL,540.19,510.32,29.87,0
2020-11-18,3,CHETUMAL,518.58,492.35,26.23,0
2020-11-18,4,CHETUMAL,515.59,489.69,25.89,0
2020-11-18,5,CHETUMAL,514.26,489.67,24.59,0
2020-11-18,6,CHETUMAL,517.9,493.39,24.51,0
2020-11-18,7,CHETUMAL,527.87,511.2,16.67,0
2020-11-18,8,CHETUMAL,538.34,522.44,15.9,0
2020-11-18,9,CHETUMAL,556.92,532.22,24.7,0
2020-11-18,10,CHETUMAL,543.95,518.29,25.86,-.19
2020-11-18,11,CHETUMAL,546.82,517.7,29.16,-.05
2020-11-18,12,CHETUMAL,570.35,520.62,35.9,13.82
2020-11-18,13,CHETUMAL,554.12,519.94,34.18,0
2020-11-18,14,CHETUMAL,556.99,521.38,35.62,0
2020-11-18,15,CHETUMAL,563.86,524.01,37.73,2.12
2020-11-18,16,CHETUMAL,565.87,527.97,37.91,0
2020-11-18,17,CHETUMAL,593.28,554.93,38.36,0
2020-11-18,18,CHETUMAL,669.12,618.2,50.92,0
2020-11-18,19,CHETUMAL,829.11,763.58,74.51,-8.99
2020-11-18,20,CHETUMAL,647.21,591.38,55.95,-.12
2020-11-18,21,CHETUMAL,632.57,575.09,58.6,-1.12
2020-11-18,22,CHETUMAL,640.75,571.99,70.47,-1.71
2020-11-18,23,CHETUMAL,653.21,586.62,69.63,-3.04
2020-11-18,24,CHETUMAL,615.16,546.04,69.91,-.78
2020-11-18,1,CHIHUAHUA,466.06,520.19,-54.13,0
2020-11-18,2,CHIHUAHUA,462.43,510.32,-47.89,0
2020-11-18,3,CHIHUAHUA,456.73,492.35,-35.63,0
2020-11-18,4,CHIHUAHUA,456.59,489.69,-33.11,0
2020-11-18,5,CHIHUAHUA,451.17,489.67,-38.5,0
2020-11-18,6,CHIHUAHUA,452.27,493.39,-41.11,0
2020-11-18,7,CHIHUAHUA,464.37,511.2,-46.84,0
2020-11-18,8,CHIHUAHUA,480.73,522.44,-41.71,0
2020-11-18,9,CHIHUAHUA,465.67,532.22,-66.55,0
2020-11-18,10,CHIHUAHUA,416.47,518.29,-85.37,-16.46
2020-11-18,11,CHIHUAHUA,427.6,517.7,-85.96,-4.15
2020-11-18,12,CHIHUAHUA,426.93,520.62,-90.72,-2.97
2020-11-18,13,CHIHUAHUA,429.92,519.94,-90.02,0
2020-11-18,14,CHIHUAHUA,426.02,521.38,-95.36,0
2020-11-18,15,CHIHUAHUA,425.98,524.01,-97.58,-.45
2020-11-18,16,CHIHUAHUA,434.42,527.97,-93.54,0
2020-11-18,17,CHIHUAHUA,461.09,554.93,-93.84,0
2020-11-18,18,CHIHUAHUA,530.69,618.2,-87.51,0
2020-11-18,19,CHIHUAHUA,527.07,763.58,-97.67,-138.85
2020-11-18,20,CHIHUAHUA,517.94,591.38,-71.6,-1.84
2020-11-18,21,CHIHUAHUA,490.81,575.09,-66.93,-17.36
2020-11-18,22,CHIHUAHUA,484.26,571.99,-61.39,-26.35
2020-11-18,23,CHIHUAHUA,473.05,586.62,-66.64,-46.93
2020-11-18,24,CHIHUAHUA,466.36,546.04,-67.57,-12.11
2020-11-18,1,CHILPANCINGO,571.98,520.19,51.79,0
2020-11-18,2,CHILPANCINGO,556.61,510.32,46.29,0
2020-11-18,3,CHILPANCINGO,535.55,492.35,43.2,0
2020-11-18,4,CHILPANCINGO,531.88,489.69,42.18,0
2020-11-18,5,CHILPANCINGO,531.19,489.67,41.53,0
2020-11-18,6,CHILPANCINGO,534.84,493.39,41.45,0
2020-11-18,7,CHILPANCINGO,554.69,511.2,43.49,0
2020-11-18,8,CHILPANCINGO,567.83,522.44,45.39,0
2020-11-18,9,CHILPANCINGO,584.69,532.22,52.47,0
2020-11-18,10,CHILPANCINGO,572.98,518.29,54.5,.19
2020-11-18,11,CHILPANCINGO,572.98,517.7,55.23,.05
2020-11-18,12,CHILPANCINGO,743.72,520.62,59.49,163.61
2020-11-18,13,CHILPANCINGO,578.37,519.94,58.43,0
2020-11-18,14,CHILPANCINGO,579.64,521.38,58.26,0
2020-11-18,15,CHILPANCINGO,610.63,524.01,61.55,25.07
2020-11-18,16,CHILPANCINGO,590.45,527.97,62.48,0
2020-11-18,17,CHILPANCINGO,619.03,554.93,64.11,0
2020-11-18,18,CHILPANCINGO,686.71,618.2,68.51,0
2020-11-18,19,CHILPANCINGO,851.3,763.58,93.02,-5.31
2020-11-18,20,CHILPANCINGO,666.42,591.38,75.11,-.07
2020-11-18,21,CHILPANCINGO,640.47,575.09,66.05,-.66
2020-11-18,22,CHILPANCINGO,625.25,571.99,54.27,-1.01
2020-11-18,23,CHILPANCINGO,652.34,586.62,67.52,-1.79
2020-11-18,24,CHILPANCINGO,598.89,546.04,53.31,-.46
2020-11-18,1,CHONTALPA,531.89,520.19,11.7,0
2020-11-18,2,CHONTALPA,510.21,510.32,-.11,0
2020-11-18,3,CHONTALPA,489.28,492.35,-3.08,0
2020-11-18,4,CHONTALPA,487.15,489.69,-2.55,0
2020-11-18,5,CHONTALPA,486.75,489.67,-2.92,0
2020-11-18,6,CHONTALPA,488.61,493.39,-4.78,0
2020-11-18,7,CHONTALPA,501.26,511.2,-9.95,0
2020-11-18,8,CHONTALPA,511.92,522.44,-10.53,0
2020-11-18,9,CHONTALPA,527.92,532.22,-4.3,0
2020-11-18,10,CHONTALPA,514.41,518.29,-3.68,-.19
2020-11-18,11,CHONTALPA,514.73,517.7,-2.93,-.05
2020-11-18,12,CHONTALPA,537.23,520.62,2.78,13.83
2020-11-18,13,CHONTALPA,520.05,519.94,.11,0
2020-11-18,14,CHONTALPA,522.11,521.38,.73,0
2020-11-18,15,CHONTALPA,528.99,524.01,2.86,2.12
2020-11-18,16,CHONTALPA,531.54,527.97,3.58,0
2020-11-18,17,CHONTALPA,557.17,554.93,2.25,0
2020-11-18,18,CHONTALPA,623.62,618.2,5.42,0
2020-11-18,19,CHONTALPA,772.38,763.58,17.79,-8.99
2020-11-18,20,CHONTALPA,605.47,591.38,14.21,-.12
2020-11-18,21,CHONTALPA,593.92,575.09,19.95,-1.12
2020-11-18,22,CHONTALPA,597.17,571.99,26.88,-1.71
2020-11-18,23,CHONTALPA,609.64,586.62,26.07,-3.04
2020-11-18,24,CHONTALPA,576.5,546.04,31.25,-.78
2020-11-18,1,CIENEGA,533.33,520.19,13.14,0
2020-11-18,2,CIENEGA,522.77,510.32,12.45,0
2020-11-18,3,CIENEGA,503.87,492.35,11.52,0
2020-11-18,4,CIENEGA,500.78,489.69,11.08,0
2020-11-18,5,CIENEGA,500.09,489.67,10.42,0
2020-11-18,6,CIENEGA,504.03,493.39,10.64,0
2020-11-18,7,CIENEGA,523.21,511.2,12,0
2020-11-18,8,CIENEGA,537.36,522.44,14.92,0
2020-11-18,9,CIENEGA,545.33,532.22,13.11,0
2020-11-18,10,CIENEGA,532.89,518.29,11.56,3.04
2020-11-18,11,CIENEGA,529.93,517.7,11.47,.76
2020-11-18,12,CIENEGA,525.63,520.62,12.65,-7.65
2020-11-18,13,CIENEGA,533.39,519.94,13.46,0
2020-11-18,14,CIENEGA,534.87,521.38,13.49,0
2020-11-18,15,CIENEGA,535.88,524.01,13.04,-1.17
2020-11-18,16,CIENEGA,542.93,527.97,14.96,0
2020-11-18,17,CIENEGA,573.54,554.93,18.61,0
2020-11-18,18,CIENEGA,643.36,618.2,25.15,0
2020-11-18,19,CIENEGA,797.98,763.58,25.92,8.48
2020-11-18,20,CIENEGA,610.04,591.38,18.56,.11
2020-11-18,21,CIENEGA,591.45,575.09,15.31,1.06
2020-11-18,22,CIENEGA,592.99,571.99,19.4,1.6
2020-11-18,23,CIENEGA,611.02,586.62,21.55,2.86
2020-11-18,24,CIENEGA,563.41,546.04,16.63,.74
2020-11-18,1,COATZACOALCOS,529.84,520.19,9.64,0
2020-11-18,2,COATZACOALCOS,509.96,510.32,-.36,0
2020-11-18,3,COATZACOALCOS,489.59,492.35,-2.76,0
2020-11-18,4,COATZACOALCOS,487.73,489.69,-1.96,0
2020-11-18,5,COATZACOALCOS,487.81,489.67,-1.86,0
2020-11-18,6,COATZACOALCOS,490.06,493.39,-3.33,0
2020-11-18,7,COATZACOALCOS,505.24,511.2,-5.96,0
2020-11-18,8,COATZACOALCOS,516.32,522.44,-6.12,0
2020-11-18,9,COATZACOALCOS,532.04,532.22,-.18,0
2020-11-18,10,COATZACOALCOS,518.62,518.29,.52,-.2
2020-11-18,11,COATZACOALCOS,518.56,517.7,.91,-.05
2020-11-18,12,COATZACOALCOS,540.77,520.62,6.33,13.81
2020-11-18,13,COATZACOALCOS,523.6,519.94,3.66,0
2020-11-18,14,COATZACOALCOS,525.62,521.38,4.24,0
2020-11-18,15,COATZACOALCOS,532.6,524.01,6.47,2.12
2020-11-18,16,COATZACOALCOS,535.19,527.97,7.22,0
2020-11-18,17,COATZACOALCOS,561.12,554.93,6.19,0
2020-11-18,18,COATZACOALCOS,625.58,618.2,7.38,0
2020-11-18,19,COATZACOALCOS,770.83,763.58,16.24,-9
2020-11-18,20,COATZACOALCOS,603.37,591.38,12.11,-.12
2020-11-18,21,COATZACOALCOS,590.56,575.09,16.6,-1.12
2020-11-18,22,COATZACOALCOS,591.31,571.99,21.03,-1.71
2020-11-18,23,COATZACOALCOS,603.89,586.62,20.31,-3.04
2020-11-18,24,COATZACOALCOS,571.58,546.04,26.32,-.79
2020-11-18,1,COLIMA,532.28,520.19,12.09,0
2020-11-18,2,COLIMA,521.48,510.32,11.16,0
2020-11-18,3,COLIMA,502.68,492.35,10.33,0
2020-11-18,4,COLIMA,499.53,489.69,9.84,0
2020-11-18,5,COLIMA,498.8,489.67,9.13,0
2020-11-18,6,COLIMA,502.84,493.39,9.45,0
2020-11-18,7,COLIMA,521.77,511.2,10.57,0
2020-11-18,8,COLIMA,535.95,522.44,13.51,0
2020-11-18,9,COLIMA,544.52,532.22,12.3,0
2020-11-18,10,COLIMA,532.6,518.29,11.27,3.04
2020-11-18,11,COLIMA,529.94,517.7,11.48,.76
2020-11-18,12,COLIMA,525.11,520.62,12.02,-7.54
2020-11-18,13,COLIMA,532.92,519.94,12.98,0
2020-11-18,14,COLIMA,534.5,521.38,13.13,0
2020-11-18,15,COLIMA,536.6,524.01,13.75,-1.16
2020-11-18,16,COLIMA,542.96,527.97,15,0
2020-11-18,17,COLIMA,572.78,554.93,17.86,0
2020-11-18,18,COLIMA,640.65,618.2,22.45,0
2020-11-18,19,COLIMA,792.73,763.58,21.63,7.52
2020-11-18,20,COLIMA,606.75,591.38,15.28,.1
2020-11-18,21,COLIMA,588.48,575.09,12.45,.94
2020-11-18,22,COLIMA,589.79,571.99,16.37,1.43
2020-11-18,23,COLIMA,608.27,586.62,19.11,2.54
2020-11-18,24,COLIMA,561.75,546.04,15.05,.66
2020-11-18,1,CORDOBA,528.75,520.19,8.55,0
2020-11-18,2,CORDOBA,511.8,510.32,1.49,0
2020-11-18,3,CORDOBA,492.4,492.35,.05,0
2020-11-18,4,CORDOBA,490.31,489.69,.61,0
2020-11-18,5,CORDOBA,490.31,489.67,.65,0
2020-11-18,6,CORDOBA,492.99,493.39,-.39,0
2020-11-18,7,CORDOBA,510,511.2,-1.21,0
2020-11-18,8,CORDOBA,522.01,522.44,-.43,0
2020-11-18,9,CORDOBA,537.36,532.22,5.14,0
2020-11-18,10,CORDOBA,525.42,518.29,7.36,-.23
2020-11-18,11,CORDOBA,525.85,517.7,8.2,-.06
2020-11-18,12,CORDOBA,545.25,520.62,12.11,12.52
2020-11-18,13,CORDOBA,529.94,519.94,10.01,0
2020-11-18,14,CORDOBA,531.56,521.38,10.19,0
2020-11-18,15,CORDOBA,537.74,524.01,11.81,1.92
2020-11-18,16,CORDOBA,540,527.97,12.03,0
2020-11-18,17,CORDOBA,566.15,554.93,11.23,0
2020-11-18,18,CORDOBA,629.77,618.2,11.57,0
2020-11-18,19,CORDOBA,774.53,763.58,20.48,-9.54
2020-11-18,20,CORDOBA,606.95,591.38,15.7,-.13
2020-11-18,21,CORDOBA,590.08,575.09,16.19,-1.19
2020-11-18,22,CORDOBA,585.63,571.99,15.45,-1.81
2020-11-18,23,CORDOBA,597.42,586.62,14.03,-3.23
2020-11-18,24,CORDOBA,560,546.04,14.8,-.83
2020-11-18,1,CUAUHTEMOC,483.33,520.19,-36.87,0
2020-11-18,2,CUAUHTEMOC,479.23,510.32,-31.09,0
2020-11-18,3,CUAUHTEMOC,473.34,492.35,-19.02,0
2020-11-18,4,CUAUHTEMOC,473.17,489.69,-16.52,0
2020-11-18,5,CUAUHTEMOC,467.89,489.67,-21.78,0
2020-11-18,6,CUAUHTEMOC,469.22,493.39,-24.17,0
2020-11-18,7,CUAUHTEMOC,482.05,511.2,-29.16,0
2020-11-18,8,CUAUHTEMOC,498.07,522.44,-24.37,0
2020-11-18,9,CUAUHTEMOC,483.43,532.22,-48.79,0
2020-11-18,10,CUAUHTEMOC,434.02,518.29,-67.89,-16.37
2020-11-18,11,CUAUHTEMOC,444.87,517.7,-68.71,-4.13
2020-11-18,12,CUAUHTEMOC,443.56,520.62,-74.11,-2.96
2020-11-18,13,CUAUHTEMOC,446.98,519.94,-72.96,0
2020-11-18,14,CUAUHTEMOC,443.08,521.38,-78.29,0
2020-11-18,15,CUAUHTEMOC,443.26,524.01,-80.3,-.45
2020-11-18,16,CUAUHTEMOC,452.46,527.97,-75.51,0
2020-11-18,17,CUAUHTEMOC,480.45,554.93,-74.48,0
2020-11-18,18,CUAUHTEMOC,551.61,618.2,-66.59,0
2020-11-18,19,CUAUHTEMOC,551.06,763.58,-73.23,-139.3
2020-11-18,20,CUAUHTEMOC,536.43,591.38,-53.11,-1.85
2020-11-18,21,CUAUHTEMOC,507.99,575.09,-49.69,-17.41
2020-11-18,22,CUAUHTEMOC,501.3,571.99,-44.25,-26.43
2020-11-18,23,CUAUHTEMOC,490.58,586.62,-48.95,-47.09
2020-11-18,24,CUAUHTEMOC,484.73,546.04,-49.15,-12.15
2020-11-18,1,CUAUTLA,543.3,520.19,23.11,0
2020-11-18,2,CUAUTLA,528.75,510.32,18.43,0
2020-11-18,3,CUAUTLA,509.23,492.35,16.88,0
2020-11-18,4,CUAUTLA,506.62,489.69,16.93,0
2020-11-18,5,CUAUTLA,506.59,489.67,16.92,0
2020-11-18,6,CUAUTLA,510.01,493.39,16.63,0
2020-11-18,7,CUAUTLA,529.01,511.2,17.81,0
2020-11-18,8,CUAUTLA,542.78,522.44,20.34,0
2020-11-18,9,CUAUTLA,558.04,532.22,25.82,0
2020-11-18,10,CUAUTLA,546.03,518.29,27.82,-.07
2020-11-18,11,CUAUTLA,546.43,517.7,28.74,-.02
2020-11-18,12,CUAUTLA,573.68,520.62,31.92,21.14
2020-11-18,13,CUAUTLA,550.64,519.94,30.7,0
2020-11-18,14,CUAUTLA,551.97,521.38,30.59,0
2020-11-18,15,CUAUTLA,559.49,524.01,32.24,3.24
2020-11-18,16,CUAUTLA,560.47,527.97,32.5,0
2020-11-18,17,CUAUTLA,587.86,554.93,32.93,0
2020-11-18,18,CUAUTLA,652.59,618.2,34.38,0
2020-11-18,19,CUAUTLA,805.1,763.58,48.92,-7.41
2020-11-18,20,CUAUTLA,629.75,591.38,38.48,-.1
2020-11-18,21,CUAUTLA,611.03,575.09,36.87,-.93
2020-11-18,22,CUAUTLA,604.9,571.99,34.32,-1.41
2020-11-18,23,CUAUTLA,617.88,586.62,33.77,-2.51
2020-11-18,24,CUAUTLA,576.16,546.04,30.76,-.65
2020-11-18,1,CUERNAVACA,543.64,520.19,23.45,0
2020-11-18,2,CUERNAVACA,529.06,510.32,18.74,0
2020-11-18,3,CUERNAVACA,509.43,492.35,17.07,0
2020-11-18,4,CUERNAVACA,506.62,489.69,16.93,0
2020-11-18,5,CUERNAVACA,506.53,489.67,16.86,0
2020-11-18,6,CUERNAVACA,510.13,493.39,16.74,0
2020-11-18,7,CUERNAVACA,529.03,511.2,17.83,0
2020-11-18,8,CUERNAVACA,542.51,522.44,20.07,0
2020-11-18,9,CUERNAVACA,557.94,532.22,25.73,0
2020-11-18,10,CUERNAVACA,546.02,518.29,27.77,-.03
2020-11-18,11,CUERNAVACA,546.35,517.7,28.65,-.01
2020-11-18,12,CUERNAVACA,591.39,520.62,32.05,38.72
2020-11-18,13,CUERNAVACA,550.84,519.94,30.9,0
2020-11-18,14,CUERNAVACA,552.33,521.38,30.96,0
2020-11-18,15,CUERNAVACA,562.69,524.01,32.74,5.94
2020-11-18,16,CUERNAVACA,561.08,527.97,33.12,0
2020-11-18,17,CUERNAVACA,588.46,554.93,33.54,0
2020-11-18,18,CUERNAVACA,653.06,618.2,34.86,0
2020-11-18,19,CUERNAVACA,805.07,763.58,48.53,-7.05
2020-11-18,20,CUERNAVACA,629.44,591.38,38.16,-.09
2020-11-18,21,CUERNAVACA,610,575.09,35.79,-.88
2020-11-18,22,CUERNAVACA,602.67,571.99,32.02,-1.34
2020-11-18,23,CUERNAVACA,618.06,586.62,33.83,-2.38
2020-11-18,24,CUERNAVACA,574.94,546.04,29.52,-.62
2020-11-18,1,CULIACAN,486.95,520.19,-33.25,0
2020-11-18,2,CULIACAN,477.12,510.32,-33.2,0
2020-11-18,3,CULIACAN,459.96,492.35,-32.39,0
2020-11-18,4,CULIACAN,456.68,489.69,-33.02,0
2020-11-18,5,CULIACAN,450.94,489.67,-38.73,0
2020-11-18,6,CULIACAN,451.85,493.39,-41.54,0
2020-11-18,7,CULIACAN,465.47,511.2,-45.74,0
2020-11-18,8,CULIACAN,478.95,522.44,-43.5,0
2020-11-18,9,CULIACAN,476,532.22,-56.22,0
2020-11-18,10,CULIACAN,418.44,518.29,-68.37,-31.49
2020-11-18,11,CULIACAN,445.45,517.7,-64.45,-7.81
2020-11-18,12,CULIACAN,453.84,520.62,-61.94,-4.85
2020-11-18,13,CULIACAN,461.58,519.94,-58.36,0
2020-11-18,14,CULIACAN,463.64,521.38,-57.73,0
2020-11-18,15,CULIACAN,468.65,524.01,-54.62,-.74
2020-11-18,16,CULIACAN,474.3,527.97,-53.67,0
2020-11-18,17,CULIACAN,503.9,554.93,-51.02,0
2020-11-18,18,CULIACAN,576.38,618.2,-41.83,0
2020-11-18,19,CULIACAN,649.07,763.58,-55.61,-58.9
2020-11-18,20,CULIACAN,551.87,591.38,-38.73,-.78
2020-11-18,21,CULIACAN,528.34,575.09,-39.39,-7.36
2020-11-18,22,CULIACAN,537.21,571.99,-23.6,-11.18
2020-11-18,23,CULIACAN,541.6,586.62,-25.1,-19.91
2020-11-18,24,CULIACAN,512.08,546.04,-28.82,-5.14
2020-11-18,1,DURANGO,497,520.19,-23.19,0
2020-11-18,2,DURANGO,490.24,510.32,-20.07,0
2020-11-18,3,DURANGO,474.42,492.35,-17.94,0
2020-11-18,4,DURANGO,472.67,489.69,-17.02,0
2020-11-18,5,DURANGO,470.59,489.67,-19.08,0
2020-11-18,6,DURANGO,472.54,493.39,-20.85,0
2020-11-18,7,DURANGO,487.22,511.2,-23.99,0
2020-11-18,8,DURANGO,498.62,522.44,-23.82,0
2020-11-18,9,DURANGO,489.5,532.22,-42.72,0
2020-11-18,10,DURANGO,444.02,518.29,-52.96,-21.3
2020-11-18,11,DURANGO,459.81,517.7,-52.61,-5.28
2020-11-18,12,DURANGO,464.92,520.62,-51.72,-3.99
2020-11-18,13,DURANGO,470.11,519.94,-49.82,0
2020-11-18,14,DURANGO,471.01,521.38,-50.36,0
2020-11-18,15,DURANGO,475.95,524.01,-47.45,-.61
2020-11-18,16,DURANGO,481.49,527.97,-46.47,0
2020-11-18,17,DURANGO,514.34,554.93,-40.59,0
2020-11-18,18,DURANGO,593.32,618.2,-24.88,0
2020-11-18,19,DURANGO,652.93,763.58,-29.93,-80.73
2020-11-18,20,DURANGO,569.12,591.38,-21.18,-1.07
2020-11-18,21,DURANGO,539.48,575.09,-25.52,-10.09
2020-11-18,22,DURANGO,540.25,571.99,-16.42,-15.32
2020-11-18,23,DURANGO,541.02,586.62,-18.3,-27.29
2020-11-18,24,DURANGO,516.23,546.04,-22.77,-7.04
2020-11-18,1,FRESNILLO,505.78,520.19,-14.42,0
2020-11-18,2,FRESNILLO,499.17,510.32,-11.15,0
2020-11-18,3,FRESNILLO,482.86,492.35,-9.49,0
2020-11-18,4,FRESNILLO,481.32,489.69,-8.38,0
2020-11-18,5,FRESNILLO,481.53,489.67,-8.14,0
2020-11-18,6,FRESNILLO,485.22,493.39,-8.17,0
2020-11-18,7,FRESNILLO,500.68,511.2,-10.52,0
2020-11-18,8,FRESNILLO,512.39,522.44,-10.05,0
2020-11-18,9,FRESNILLO,512.88,532.22,-19.34,0
2020-11-18,10,FRESNILLO,489.62,518.29,-23.66,-5.01
2020-11-18,11,FRESNILLO,494.05,517.7,-22.41,-1.24
2020-11-18,12,FRESNILLO,494.8,520.62,-22.6,-3.22
2020-11-18,13,FRESNILLO,497.72,519.94,-22.22,0
2020-11-18,14,FRESNILLO,497.23,521.38,-24.15,0
2020-11-18,15,FRESNILLO,499.41,524.01,-24.11,-.49
2020-11-18,16,FRESNILLO,502.92,527.97,-25.05,0
2020-11-18,17,FRESNILLO,531.91,554.93,-23.01,0
2020-11-18,18,FRESNILLO,603.76,618.2,-14.45,0
2020-11-18,19,FRESNILLO,853.47,763.58,-18.23,108.11
2020-11-18,20,FRESNILLO,577.95,591.38,-14.85,1.42
2020-11-18,21,FRESNILLO,571.7,575.09,-16.89,13.5
2020-11-18,22,FRESNILLO,577.36,571.99,-15.66,21.03
2020-11-18,23,FRESNILLO,607.91,586.62,-17.16,38.46
2020-11-18,24,FRESNILLO,536.95,546.04,-19.22,10.13
2020-11-18,1,GUADALAJARA,529.21,520.19,9.01,0
2020-11-18,2,GUADALAJARA,518.83,510.32,8.51,0
2020-11-18,3,GUADALAJARA,500.23,492.35,7.88,0
2020-11-18,4,GUADALAJARA,497.19,489.69,7.49,0
2020-11-18,5,GUADALAJARA,496.33,489.67,6.67,0
2020-11-18,6,GUADALAJARA,500.05,493.39,6.67,0
2020-11-18,7,GUADALAJARA,518.75,511.2,7.55,0
2020-11-18,8,GUADALAJARA,532.66,522.44,10.22,0
2020-11-18,9,GUADALAJARA,539.63,532.22,7.41,0
2020-11-18,10,GUADALAJARA,527.47,518.29,5.68,3.51
2020-11-18,11,GUADALAJARA,524.62,517.7,6.04,.87
2020-11-18,12,GUADALAJARA,520.17,520.63,6.48,-6.94
2020-11-18,13,GUADALAJARA,527.25,519.94,7.31,0
2020-11-18,14,GUADALAJARA,528.82,521.38,7.44,0
2020-11-18,15,GUADALAJARA,530.93,524.01,7.98,-1.06
2020-11-18,16,GUADALAJARA,537.54,527.97,9.58,0
2020-11-18,17,GUADALAJARA,568,554.93,13.07,0
2020-11-18,18,GUADALAJARA,637.83,618.2,19.63,0
2020-11-18,19,GUADALAJARA,789.07,763.58,17.97,7.52
2020-11-18,20,GUADALAJARA,603.1,591.38,11.63,.1
2020-11-18,21,GUADALAJARA,585.13,575.09,9.1,.94
2020-11-18,22,GUADALAJARA,587.94,571.99,14.53,1.43
2020-11-18,23,GUADALAJARA,606.01,586.62,16.85,2.54
2020-11-18,24,GUADALAJARA,558.91,546.04,12.21,.66
2020-11-18,1,GUASAVE,473.46,520.19,-46.73,0
2020-11-18,2,GUASAVE,463.55,510.32,-46.77,0
2020-11-18,3,GUASAVE,446.88,492.35,-45.48,0
2020-11-18,4,GUASAVE,443.88,489.69,-45.81,0
2020-11-18,5,GUASAVE,436.78,489.67,-52.89,0
2020-11-18,6,GUASAVE,437.18,493.39,-56.21,0
2020-11-18,7,GUASAVE,449.87,511.2,-61.33,0
2020-11-18,8,GUASAVE,464.33,522.44,-58.11,0
2020-11-18,9,GUASAVE,460,532.22,-72.22,0
2020-11-18,10,GUASAVE,399.44,518.29,-88.15,-30.7
2020-11-18,11,GUASAVE,427.01,517.7,-83.08,-7.61
2020-11-18,12,GUASAVE,436.35,520.62,-79.52,-4.75
2020-11-18,13,GUASAVE,444.04,519.94,-75.9,0
2020-11-18,14,GUASAVE,446.17,521.38,-75.21,0
2020-11-18,15,GUASAVE,451.26,524.01,-72.02,-.73
2020-11-18,16,GUASAVE,457.45,527.97,-70.52,0
2020-11-18,17,GUASAVE,485.47,554.93,-69.45,0
2020-11-18,18,GUASAVE,558.19,618.2,-60.02,0
2020-11-18,19,GUASAVE,624.91,763.58,-75.53,-63.15
2020-11-18,20,GUASAVE,538.7,591.38,-51.84,-.84
2020-11-18,21,GUASAVE,516.15,575.09,-51.04,-7.89
2020-11-18,22,GUASAVE,526.58,571.99,-33.42,-11.98
2020-11-18,23,GUASAVE,529.29,586.62,-35.99,-21.34
2020-11-18,24,GUASAVE,501.25,546.04,-39.28,-5.51
2020-11-18,1,GUAYMAS,455.57,520.19,-64.62,0
2020-11-18,2,GUAYMAS,447.75,510.32,-62.57,0
2020-11-18,3,GUAYMAS,433.53,492.35,-58.83,0
2020-11-18,4,GUAYMAS,431.4,489.69,-58.29,0
2020-11-18,5,GUAYMAS,421.96,489.67,-67.71,0
2020-11-18,6,GUAYMAS,421.05,493.39,-72.33,0
2020-11-18,7,GUAYMAS,432.81,511.2,-78.39,0
2020-11-18,8,GUAYMAS,449.2,522.44,-73.24,0
2020-11-18,9,GUAYMAS,441.81,532.22,-90.41,0
2020-11-18,10,GUAYMAS,370.39,518.29,-120,-27.89
2020-11-18,11,GUAYMAS,357.57,517.7,-116.79,-43.35
2020-11-18,12,GUAYMAS,359.09,520.62,-118.37,-43.17
2020-11-18,13,GUAYMAS,365.14,519.94,-114.69,-40.12
2020-11-18,14,GUAYMAS,370.3,521.38,-115.72,-35.36
2020-11-18,15,GUAYMAS,370.71,524.01,-113.78,-39.51
2020-11-18,16,GUAYMAS,377.25,527.97,-111.18,-39.53
2020-11-18,17,GUAYMAS,380.22,554.93,-109.57,-65.14
2020-11-18,18,GUAYMAS,520.17,618.2,-98.04,0
2020-11-18,19,GUAYMAS,575.17,763.58,-109.63,-78.79
2020-11-18,20,GUAYMAS,514.59,591.38,-75.75,-1.04
2020-11-18,21,GUAYMAS,492.01,575.09,-73.23,-9.85
2020-11-18,22,GUAYMAS,501.23,571.99,-55.81,-14.95
2020-11-18,23,GUAYMAS,499.9,586.62,-60.08,-26.64
2020-11-18,24,GUAYMAS,478.67,546.04,-60.5,-6.88
2020-11-18,1,HERMOSILLO,446.63,520.19,-73.56,0
2020-11-18,2,HERMOSILLO,440.24,510.32,-70.08,0
2020-11-18,3,HERMOSILLO,427.68,492.35,-64.68,0
2020-11-18,4,HERMOSILLO,426.48,489.69,-63.21,0
2020-11-18,5,HERMOSILLO,415.89,489.67,-73.78,0
2020-11-18,6,HERMOSILLO,414.16,493.39,-79.23,0
2020-11-18,7,HERMOSILLO,425.21,511.2,-85.99,0
2020-11-18,8,HERMOSILLO,440.75,522.44,-81.7,0
2020-11-18,9,HERMOSILLO,432.56,532.22,-99.66,0
2020-11-18,10,HERMOSILLO,360,518.29,-131.38,-26.91
2020-11-18,11,HERMOSILLO,345.85,517.7,-128.71,-43.14
2020-11-18,12,HERMOSILLO,348.62,520.63,-128.92,-43.09
2020-11-18,13,HERMOSILLO,354.47,519.94,-125.35,-40.12
2020-11-18,14,HERMOSILLO,359.88,521.38,-126.13,-35.36
2020-11-18,15,HERMOSILLO,359.98,524.01,-124.53,-39.5
2020-11-18,16,HERMOSILLO,366.73,527.97,-121.7,-39.53
2020-11-18,17,HERMOSILLO,368,554.93,-121.78,-65.14
2020-11-18,18,HERMOSILLO,506.21,618.2,-112,0
2020-11-18,19,HERMOSILLO,555.01,763.58,-125.58,-83
2020-11-18,20,HERMOSILLO,502.94,591.38,-87.34,-1.1
2020-11-18,21,HERMOSILLO,480.72,575.09,-84,-10.37
2020-11-18,22,HERMOSILLO,488.55,571.99,-67.7,-15.75
2020-11-18,23,HERMOSILLO,486.53,586.62,-72.04,-28.05
2020-11-18,24,HERMOSILLO,467.94,546.04,-70.86,-7.24
2020-11-18,1,HUAJUAPAN,560.91,520.19,40.72,0
2020-11-18,2,HUAJUAPAN,543.17,510.32,32.85,0
2020-11-18,3,HUAJUAPAN,521.83,492.35,29.47,0
2020-11-18,4,HUAJUAPAN,519.42,489.69,29.73,0
2020-11-18,5,HUAJUAPAN,519.81,489.67,30.14,0
2020-11-18,6,HUAJUAPAN,523.51,493.39,30.12,0
2020-11-18,7,HUAJUAPAN,543.59,511.2,32.39,0
2020-11-18,8,HUAJUAPAN,557.47,522.44,35.03,0
2020-11-18,9,HUAJUAPAN,573.57,532.22,41.35,0
2020-11-18,10,HUAJUAPAN,559.89,518.29,41.79,-.19
2020-11-18,11,HUAJUAPAN,559.7,517.7,42.04,-.05
2020-11-18,12,HUAJUAPAN,582.75,520.62,47.05,15.08
2020-11-18,13,HUAJUAPAN,565.06,519.94,45.12,0
2020-11-18,14,HUAJUAPAN,566.61,521.38,45.23,0
2020-11-18,15,HUAJUAPAN,573.45,524.01,47.13,2.31
2020-11-18,16,HUAJUAPAN,576.3,527.97,48.34,0
2020-11-18,17,HUAJUAPAN,605.09,554.93,50.17,0
2020-11-18,18,HUAJUAPAN,674.71,618.2,56.51,0
2020-11-18,19,HUAJUAPAN,841.81,763.58,87.14,-8.91
2020-11-18,20,HUAJUAPAN,659.81,591.38,68.55,-.12
2020-11-18,21,HUAJUAPAN,640.44,575.09,66.46,-1.11
2020-11-18,22,HUAJUAPAN,632.72,571.99,62.42,-1.69
2020-11-18,23,HUAJUAPAN,641.92,586.62,58.31,-3.01
2020-11-18,24,HUAJUAPAN,597.63,546.04,52.37,-.78
2020-11-18,1,HUASTECA,504.26,520.19,-15.94,0
2020-11-18,2,HUASTECA,498.84,510.32,-11.48,0
2020-11-18,3,HUASTECA,482.27,492.35,-10.09,0
2020-11-18,4,HUASTECA,480.06,489.69,-9.64,0
2020-11-18,5,HUASTECA,480.07,489.67,-9.6,0
2020-11-18,6,HUASTECA,483.99,493.39,-9.4,0
2020-11-18,7,HUASTECA,500.41,511.2,-10.79,0
2020-11-18,8,HUASTECA,507.89,522.44,-14.55,0
2020-11-18,9,HUASTECA,514.39,532.22,-17.83,0
2020-11-18,10,HUASTECA,500.73,518.29,-16.09,-1.47
2020-11-18,11,HUASTECA,502.72,517.7,-14.62,-.37
2020-11-18,12,HUASTECA,504.89,520.62,-17.35,1.62
2020-11-18,13,HUASTECA,503.24,519.94,-16.69,0
2020-11-18,14,HUASTECA,505.32,521.38,-16.05,0
2020-11-18,15,HUASTECA,506.29,524.01,-17.97,.25
2020-11-18,16,HUASTECA,509.7,527.97,-18.27,0
2020-11-18,17,HUASTECA,534.57,554.93,-20.35,0
2020-11-18,18,HUASTECA,598.19,618.2,-20.02,0
2020-11-18,19,HUASTECA,715.49,763.58,-21.9,-26.19
2020-11-18,20,HUASTECA,574.11,591.38,-16.92,-.35
2020-11-18,21,HUASTECA,554.97,575.09,-16.85,-3.28
2020-11-18,22,HUASTECA,548.6,571.99,-18.41,-4.98
2020-11-18,23,HUASTECA,557.54,586.62,-20.2,-8.88
2020-11-18,24,HUASTECA,524.3,546.04,-19.45,-2.29
2020-11-18,1,HUATULCO,599.98,520.19,79.78,0
2020-11-18,2,HUATULCO,573.68,510.32,63.37,0
2020-11-18,3,HUATULCO,550.5,492.35,58.14,0
2020-11-18,4,HUATULCO,548.62,489.69,58.93,0
2020-11-18,5,HUATULCO,548,489.67,58.33,0
2020-11-18,6,HUATULCO,550.68,493.39,57.29,0
2020-11-18,7,HUATULCO,568.93,511.2,57.73,0
2020-11-18,8,HUATULCO,579.74,522.44,57.3,0
2020-11-18,9,HUATULCO,597.89,532.22,65.67,0
2020-11-18,10,HUATULCO,583.45,518.29,65.19,-.03
2020-11-18,11,HUATULCO,584.92,517.7,67.22,-.01
2020-11-18,12,HUATULCO,680.16,520.62,74.48,85.05
2020-11-18,13,HUATULCO,592.23,519.94,72.3,0
2020-11-18,14,HUATULCO,595.68,521.38,74.31,0
2020-11-18,15,HUATULCO,616.82,524.01,79.81,13.01
2020-11-18,16,HUATULCO,609.53,527.97,81.56,0
2020-11-18,17,HUATULCO,638.39,554.93,83.46,0
2020-11-18,18,HUATULCO,710.62,618.2,92.42,0
2020-11-18,19,HUATULCO,903.59,763.58,147.5,-7.5
2020-11-18,20,HUATULCO,712.2,591.38,120.93,-.1
2020-11-18,21,HUATULCO,689.56,575.09,115.41,-.94
2020-11-18,22,HUATULCO,677,571.99,106.43,-1.42
2020-11-18,23,HUATULCO,685.95,586.62,101.87,-2.54
2020-11-18,24,HUATULCO,634.88,546.04,89.49,-.66
2020-11-18,1,HUEJUTLA,500.97,520.19,-19.22,0
2020-11-18,2,HUEJUTLA,495.18,510.32,-15.14,0
2020-11-18,3,HUEJUTLA,481.69,492.35,-10.67,0
2020-11-18,4,HUEJUTLA,476.13,489.69,-13.57,0
2020-11-18,5,HUEJUTLA,478.99,489.67,-10.68,0
2020-11-18,6,HUEJUTLA,486.61,493.39,-6.78,0
2020-11-18,7,HUEJUTLA,502.83,511.2,-8.37,0
2020-11-18,8,HUEJUTLA,511.52,522.44,-10.92,0
2020-11-18,9,HUEJUTLA,517.04,532.22,-15.18,0
2020-11-18,10,HUEJUTLA,500.22,518.29,-16.6,-1.47
2020-11-18,11,HUEJUTLA,501.3,517.7,-16.04,-.37
2020-11-18,12,HUEJUTLA,505.32,520.62,-18.05,2.74
2020-11-18,13,HUEJUTLA,502.39,519.94,-17.55,0
2020-11-18,14,HUEJUTLA,503.9,521.38,-17.48,0
2020-11-18,15,HUEJUTLA,505.02,524.01,-19.42,.42
2020-11-18,16,HUEJUTLA,508.23,527.97,-19.74,0
2020-11-18,17,HUEJUTLA,531.69,554.93,-23.23,0
2020-11-18,18,HUEJUTLA,594.2,618.2,-24,0
2020-11-18,19,HUEJUTLA,708.07,763.58,-25.04,-30.47
2020-11-18,20,HUEJUTLA,569.13,591.38,-21.84,-.41
2020-11-18,21,HUEJUTLA,548.65,575.09,-22.6,-3.85
2020-11-18,22,HUEJUTLA,541.94,571.99,-24.21,-5.84
2020-11-18,23,HUEJUTLA,551.79,586.62,-24.43,-10.4
2020-11-18,24,HUEJUTLA,519.31,546.04,-24.04,-2.68
2020-11-18,1,IGUALA,568.45,520.19,48.25,0
2020-11-18,2,IGUALA,553.54,510.32,43.22,0
2020-11-18,3,IGUALA,532.89,492.35,40.54,0
2020-11-18,4,IGUALA,529.13,489.69,39.43,0
2020-11-18,5,IGUALA,528.56,489.67,38.89,0
2020-11-18,6,IGUALA,532.21,493.39,38.82,0
2020-11-18,7,IGUALA,551.9,511.2,40.7,0
2020-11-18,8,IGUALA,565.59,522.44,43.15,0
2020-11-18,9,IGUALA,582.11,532.22,49.89,0
2020-11-18,10,IGUALA,570.51,518.29,52.05,.17
2020-11-18,11,IGUALA,570.7,517.7,52.95,.04
2020-11-18,12,IGUALA,724.43,520.62,57.08,146.73
2020-11-18,13,IGUALA,576.01,519.94,56.07,0
2020-11-18,14,IGUALA,577.41,521.38,56.03,0
2020-11-18,15,IGUALA,605.34,524.01,58.84,22.5
2020-11-18,16,IGUALA,587.5,527.97,59.53,0
2020-11-18,17,IGUALA,616.44,554.93,61.52,0
2020-11-18,18,IGUALA,683.42,618.2,65.22,0
2020-11-18,19,IGUALA,844.33,763.58,86.25,-5.51
2020-11-18,20,IGUALA,659.97,591.38,68.67,-.07
2020-11-18,21,IGUALA,634.33,575.09,59.93,-.69
2020-11-18,22,IGUALA,619.4,571.99,48.46,-1.05
2020-11-18,23,IGUALA,648.24,586.62,63.49,-1.86
2020-11-18,24,IGUALA,593.81,546.04,48.25,-.48
2020-11-18,1,IRAPUATO,534.05,520.19,13.85,0
2020-11-18,2,IRAPUATO,523.91,510.32,13.59,0
2020-11-18,3,IRAPUATO,505.27,492.35,12.92,0
2020-11-18,4,IRAPUATO,502.45,489.69,12.75,0
2020-11-18,5,IRAPUATO,502.32,489.67,12.65,0
2020-11-18,6,IRAPUATO,506.29,493.39,12.9,0
2020-11-18,7,IRAPUATO,525.08,511.2,13.88,0
2020-11-18,8,IRAPUATO,537.87,522.44,15.43,0
2020-11-18,9,IRAPUATO,546.52,532.22,14.3,0
2020-11-18,10,IRAPUATO,532.09,518.29,13.41,.4
2020-11-18,11,IRAPUATO,530.94,517.7,13.13,.1
2020-11-18,12,IRAPUATO,528.84,520.62,13.2,-4.98
2020-11-18,13,IRAPUATO,534.15,519.94,14.21,0
2020-11-18,14,IRAPUATO,535.45,521.38,14.07,0
2020-11-18,15,IRAPUATO,537.03,524.01,13.78,-.76
2020-11-18,16,IRAPUATO,542.28,527.97,14.32,0
2020-11-18,17,IRAPUATO,571.6,554.93,16.67,0
2020-11-18,18,IRAPUATO,639.72,618.2,21.51,0
2020-11-18,19,IRAPUATO,801.9,763.58,25.33,12.99
2020-11-18,20,IRAPUATO,610.32,591.38,18.77,.17
2020-11-18,21,IRAPUATO,593.51,575.09,16.8,1.62
2020-11-18,22,IRAPUATO,591.96,571.99,17.5,2.46
2020-11-18,23,IRAPUATO,609.25,586.62,18.25,4.38
2020-11-18,24,IRAPUATO,562.65,546.04,15.48,1.13
2020-11-18,1,IXMIQUILPAN,541.4,520.19,21.2,0
2020-11-18,2,IXMIQUILPAN,528.63,510.32,18.31,0
2020-11-18,3,IXMIQUILPAN,509.47,492.35,17.11,0
2020-11-18,4,IXMIQUILPAN,506.92,489.69,17.23,0
2020-11-18,5,IXMIQUILPAN,507.17,489.67,17.5,0
2020-11-18,6,IXMIQUILPAN,511.19,493.39,17.8,0
2020-11-18,7,IXMIQUILPAN,531.32,511.2,20.12,0
2020-11-18,8,IXMIQUILPAN,546.02,522.44,23.58,0
2020-11-18,9,IXMIQUILPAN,559.12,532.22,26.9,0
2020-11-18,10,IXMIQUILPAN,545.52,518.29,27.3,-.06
2020-11-18,11,IXMIQUILPAN,545.24,517.7,27.55,-.02
2020-11-18,12,IXMIQUILPAN,551.98,520.62,27.88,3.48
2020-11-18,13,IXMIQUILPAN,546.39,519.94,26.46,0
2020-11-18,14,IXMIQUILPAN,546.96,521.38,25.58,0
2020-11-18,15,IXMIQUILPAN,551.46,524.01,26.91,.54
2020-11-18,16,IXMIQUILPAN,553.8,527.97,25.83,0
2020-11-18,17,IXMIQUILPAN,578.93,554.93,24,0
2020-11-18,18,IXMIQUILPAN,624.02,618.2,5.82,0
2020-11-18,19,IXMIQUILPAN,770.94,763.58,9.52,-2.16
2020-11-18,20,IXMIQUILPAN,602.74,591.38,11.39,-.03
2020-11-18,21,IXMIQUILPAN,599.72,575.09,24.89,-.26
2020-11-18,22,IXMIQUILPAN,598.43,571.99,26.84,-.4
2020-11-18,23,IXMIQUILPAN,601.35,586.62,15.46,-.73
2020-11-18,24,IXMIQUILPAN,570.87,546.04,25.03,-.2
2020-11-18,1,IZUCAR,548.16,520.19,27.96,0
2020-11-18,2,IZUCAR,532.94,510.32,22.63,0
2020-11-18,3,IZUCAR,513.18,492.35,20.83,0
2020-11-18,4,IZUCAR,510.7,489.69,21,0
2020-11-18,5,IZUCAR,510.83,489.67,21.16,0
2020-11-18,6,IZUCAR,514.77,493.39,21.38,0
2020-11-18,7,IZUCAR,533.71,511.2,22.51,0
2020-11-18,8,IZUCAR,546.99,522.44,24.55,0
2020-11-18,9,IZUCAR,562.4,532.22,30.18,0
2020-11-18,10,IZUCAR,548.49,518.29,30.39,-.18
2020-11-18,11,IZUCAR,548.78,517.7,31.13,-.05
2020-11-18,12,IZUCAR,568.26,520.62,34.94,12.7
2020-11-18,13,IZUCAR,553.38,519.94,33.44,0
2020-11-18,14,IZUCAR,554.86,521.38,33.49,0
2020-11-18,15,IZUCAR,561.02,524.01,35.06,1.95
2020-11-18,16,IZUCAR,563.84,527.97,35.87,0
2020-11-18,17,IZUCAR,591.2,554.93,36.28,0
2020-11-18,18,IZUCAR,657.27,618.2,39.07,0
2020-11-18,19,IZUCAR,814.09,763.58,59.17,-8.66
2020-11-18,20,IZUCAR,638.11,591.38,46.85,-.12
2020-11-18,21,IZUCAR,619.25,575.09,45.24,-1.08
2020-11-18,22,IZUCAR,613.44,571.99,43.09,-1.64
2020-11-18,23,IZUCAR,624.53,586.62,40.84,-2.93
2020-11-18,24,IZUCAR,583.05,546.04,37.76,-.76
2020-11-18,1,JIQUILPAN,532.19,520.19,12,0
2020-11-18,2,JIQUILPAN,521.32,510.32,11,0
2020-11-18,3,JIQUILPAN,502.49,492.35,10.13,0
2020-11-18,4,JIQUILPAN,499.23,489.69,9.54,0
2020-11-18,5,JIQUILPAN,498.68,489.67,9.01,0
2020-11-18,6,JIQUILPAN,502.76,493.39,9.38,0
2020-11-18,7,JIQUILPAN,522.03,511.2,10.83,0
2020-11-18,8,JIQUILPAN,536,522.44,13.56,0
2020-11-18,9,JIQUILPAN,545.92,532.22,13.7,0
2020-11-18,10,JIQUILPAN,533.43,518.29,13.22,1.92
2020-11-18,11,JIQUILPAN,531.22,517.7,13.03,.48
2020-11-18,12,JIQUILPAN,523.67,520.62,13.95,-10.9
2020-11-18,13,JIQUILPAN,534.24,519.94,14.3,0
2020-11-18,14,JIQUILPAN,535.31,521.38,13.93,0
2020-11-18,15,JIQUILPAN,537.33,524.01,14.99,-1.67
2020-11-18,16,JIQUILPAN,544.11,527.97,16.15,0
2020-11-18,17,JIQUILPAN,573.54,554.93,18.62,0
2020-11-18,18,JIQUILPAN,640.25,618.2,22.05,0
2020-11-18,19,JIQUILPAN,793.99,763.58,22.04,8.37
2020-11-18,20,JIQUILPAN,607.2,591.38,15.71,.11
2020-11-18,21,JIQUILPAN,589.12,575.09,12.98,1.05
2020-11-18,22,JIQUILPAN,588.92,571.99,15.34,1.59
2020-11-18,23,JIQUILPAN,608.21,586.62,18.77,2.83
2020-11-18,24,JIQUILPAN,562.22,546.04,15.45,.73
2020-11-18,1,JUAREZ,441.94,520.19,-78.25,0
2020-11-18,2,JUAREZ,441.44,510.32,-68.88,0
2020-11-18,3,JUAREZ,441.22,492.35,-51.13,0
2020-11-18,4,JUAREZ,440.88,489.69,-48.81,0
2020-11-18,5,JUAREZ,433.2,489.67,-56.47,0
2020-11-18,6,JUAREZ,432.09,493.39,-61.3,0
2020-11-18,7,JUAREZ,442.07,511.2,-69.13,0
2020-11-18,8,JUAREZ,460.74,522.44,-61.7,0
2020-11-18,9,JUAREZ,440.78,532.22,-91.44,0
2020-11-18,10,JUAREZ,394.13,518.29,-106.25,-17.91
2020-11-18,11,JUAREZ,406.94,517.7,-106.26,-4.51
2020-11-18,12,JUAREZ,401.14,520.62,-116.33,-3.16
2020-11-18,13,JUAREZ,400.53,519.94,-119.41,0
2020-11-18,14,JUAREZ,401.69,521.38,-119.69,0
2020-11-18,15,JUAREZ,401.67,524.01,-121.86,-.48
2020-11-18,16,JUAREZ,410.05,527.97,-117.92,0
2020-11-18,17,JUAREZ,425.26,554.93,-129.67,0
2020-11-18,18,JUAREZ,479.07,618.2,-139.14,0
2020-11-18,19,JUAREZ,481.29,763.58,-151.14,-131.16
2020-11-18,20,JUAREZ,478.98,591.38,-110.66,-1.74
2020-11-18,21,JUAREZ,457.63,575.09,-101.06,-16.39
2020-11-18,22,JUAREZ,460.77,571.99,-86.33,-24.89
2020-11-18,23,JUAREZ,450.39,586.62,-91.9,-44.33
2020-11-18,24,JUAREZ,442.4,546.04,-92.2,-11.44
2020-11-18,1,LAGUNA,495.69,520.19,-24.51,0
2020-11-18,2,LAGUNA,490.41,510.32,-19.91,0
2020-11-18,3,LAGUNA,475.8,492.35,-16.56,0
2020-11-18,4,LAGUNA,475.12,489.69,-14.57,0
2020-11-18,5,LAGUNA,474.24,489.67,-15.43,0
2020-11-18,6,LAGUNA,477.32,493.39,-16.07,0
2020-11-18,7,LAGUNA,491.69,511.2,-19.51,0
2020-11-18,8,LAGUNA,502.04,522.44,-20.4,0
2020-11-18,9,LAGUNA,488.79,532.22,-43.43,0
2020-11-18,10,LAGUNA,448.89,518.29,-53.82,-15.57
2020-11-18,11,LAGUNA,461.78,517.7,-52.06,-3.86
2020-11-18,12,LAGUNA,466.1,520.63,-51.51,-3.01
2020-11-18,13,LAGUNA,469.76,519.94,-50.17,0
2020-11-18,14,LAGUNA,469.27,521.38,-52.11,0
2020-11-18,15,LAGUNA,473.18,524.01,-50.37,-.46
2020-11-18,16,LAGUNA,476.01,527.97,-51.96,0
2020-11-18,17,LAGUNA,509.57,554.93,-45.36,0
2020-11-18,18,LAGUNA,590.6,618.2,-27.6,0
2020-11-18,19,LAGUNA,592.99,763.58,-30.34,-140.26
2020-11-18,20,LAGUNA,565.96,591.38,-23.56,-1.86
2020-11-18,21,LAGUNA,524.49,575.09,-33.07,-17.53
2020-11-18,22,LAGUNA,519.09,571.99,-26.28,-26.61
2020-11-18,23,LAGUNA,511.01,586.62,-28.2,-47.41
2020-11-18,24,LAGUNA,504.19,546.04,-29.62,-12.23
2020-11-18,1,LAZARO CARDENAS,541.55,520.19,21.36,0
2020-11-18,2,LAZARO CARDENAS,530.12,510.32,19.8,0
2020-11-18,3,LAZARO CARDENAS,510.93,492.35,18.58,0
2020-11-18,4,LAZARO CARDENAS,506.64,489.69,16.94,0
2020-11-18,5,LAZARO CARDENAS,506.14,489.67,16.47,0
2020-11-18,6,LAZARO CARDENAS,510.11,493.39,16.72,0
2020-11-18,7,LAZARO CARDENAS,529.23,511.2,18.03,0
2020-11-18,8,LAZARO CARDENAS,541.66,522.44,19.22,0
2020-11-18,9,LAZARO CARDENAS,556.12,532.22,23.9,0
2020-11-18,10,LAZARO CARDENAS,544.38,518.29,25.26,.83
2020-11-18,11,LAZARO CARDENAS,540.79,517.7,22.88,.21
2020-11-18,12,LAZARO CARDENAS,1032.39,520.62,27.41,484.36
2020-11-18,13,LAZARO CARDENAS,545.91,519.94,25.97,0
2020-11-18,14,LAZARO CARDENAS,544.42,521.38,23.05,0
2020-11-18,15,LAZARO CARDENAS,625.99,524.01,27.87,74.11
2020-11-18,16,LAZARO CARDENAS,556.45,527.97,28.48,0
2020-11-18,17,LAZARO CARDENAS,584.35,554.93,29.42,0
2020-11-18,18,LAZARO CARDENAS,645.93,618.2,27.73,0
2020-11-18,19,LAZARO CARDENAS,786.25,763.58,23,-.33
2020-11-18,20,LAZARO CARDENAS,607.71,591.38,16.34,0
2020-11-18,21,LAZARO CARDENAS,588.06,575.09,13.01,-.04
2020-11-18,22,LAZARO CARDENAS,584.25,571.99,12.33,-.06
2020-11-18,23,LAZARO CARDENAS,610.79,586.62,24.29,-.11
2020-11-18,24,LAZARO CARDENAS,573.14,546.04,27.13,-.03
2020-11-18,1,LEON,534.25,520.19,14.06,0
2020-11-18,2,LEON,524.23,510.32,13.92,0
2020-11-18,3,LEON,505.69,492.35,13.33,0
2020-11-18,4,LEON,503.02,489.69,13.32,0
2020-11-18,5,LEON,502.92,489.67,13.25,0
2020-11-18,6,LEON,507.14,493.39,13.75,0
2020-11-18,7,LEON,526.07,511.2,14.86,0
2020-11-18,8,LEON,539.1,522.44,16.66,0
2020-11-18,9,LEON,547.68,532.22,15.46,0
2020-11-18,10,LEON,532.85,518.29,14.44,.12
2020-11-18,11,LEON,532.06,517.7,14.32,.03
2020-11-18,12,LEON,530.47,520.62,14.16,-4.31
2020-11-18,13,LEON,534.87,519.94,14.94,0
2020-11-18,14,LEON,536,521.38,14.62,0
2020-11-18,15,LEON,537.73,524.01,14.38,-.66
2020-11-18,16,LEON,543.22,527.97,15.26,0
2020-11-18,17,LEON,573.08,554.93,18.16,0
2020-11-18,18,LEON,642.94,618.2,24.73,0
2020-11-18,19,LEON,810.98,763.58,28.65,18.74
2020-11-18,20,LEON,612.11,591.38,20.49,.25
2020-11-18,21,LEON,595.56,575.09,18.12,2.34
2020-11-18,22,LEON,594.39,571.99,18.84,3.55
2020-11-18,23,LEON,612.45,586.62,19.5,6.33
2020-11-18,24,LEON,563.39,546.04,15.72,1.63
2020-11-18,1,LOS ALTOS,534.78,520.19,14.59,0
2020-11-18,2,LOS ALTOS,525.26,510.32,14.94,0
2020-11-18,3,LOS ALTOS,506.88,492.35,14.53,0
2020-11-18,4,LOS ALTOS,504.48,489.69,14.79,0
2020-11-18,5,LOS ALTOS,504.55,489.67,14.89,0
2020-11-18,6,LOS ALTOS,508.8,493.39,15.42,0
2020-11-18,7,LOS ALTOS,528.68,511.2,17.48,0
2020-11-18,8,LOS ALTOS,542.22,522.44,19.78,0
2020-11-18,9,LOS ALTOS,548.4,532.22,16.18,0
2020-11-18,10,LOS ALTOS,532.59,518.29,13.87,.43
2020-11-18,11,LOS ALTOS,531.19,517.7,13.38,.11
2020-11-18,12,LOS ALTOS,527.14,520.62,12.83,-6.32
2020-11-18,13,LOS ALTOS,533.49,519.94,13.55,0
2020-11-18,14,LOS ALTOS,534.01,521.38,12.63,0
2020-11-18,15,LOS ALTOS,535.16,524.01,12.1,-.96
2020-11-18,16,LOS ALTOS,542.37,527.97,14.4,0
2020-11-18,17,LOS ALTOS,573.84,554.93,18.91,0
2020-11-18,18,LOS ALTOS,645.86,618.2,27.65,0
2020-11-18,19,LOS ALTOS,818.81,763.58,30.72,24.5
2020-11-18,20,LOS ALTOS,614.03,591.38,22.33,.32
2020-11-18,21,LOS ALTOS,596.89,575.09,18.75,3.05
2020-11-18,22,LOS ALTOS,596.6,571.99,20.01,4.61
2020-11-18,23,LOS ALTOS,615.56,586.62,20.73,8.22
2020-11-18,24,LOS ALTOS,564.65,546.04,16.47,2.14
2020-11-18,1,LOS MOCHIS,461.37,520.19,-58.83,0
2020-11-18,2,LOS MOCHIS,452.03,510.32,-58.29,0
2020-11-18,3,LOS MOCHIS,436.12,492.35,-56.24,0
2020-11-18,4,LOS MOCHIS,434.2,489.69,-55.49,0
2020-11-18,5,LOS MOCHIS,426.47,489.67,-63.2,0
2020-11-18,6,LOS MOCHIS,427.47,493.39,-65.92,0
2020-11-18,7,LOS MOCHIS,438.99,511.2,-72.21,0
2020-11-18,8,LOS MOCHIS,453.71,522.44,-68.73,0
2020-11-18,9,LOS MOCHIS,448.86,532.22,-83.36,0
2020-11-18,10,LOS MOCHIS,387.98,518.29,-99.98,-30.32
2020-11-18,11,LOS MOCHIS,414.93,517.7,-95.26,-7.52
2020-11-18,12,LOS MOCHIS,422.7,520.62,-93.23,-4.7
2020-11-18,13,LOS MOCHIS,430.34,519.94,-89.6,0
2020-11-18,14,LOS MOCHIS,432.21,521.38,-89.17,0
2020-11-18,15,LOS MOCHIS,436.9,524.01,-86.39,-.72
2020-11-18,16,LOS MOCHIS,443.3,527.97,-84.66,0
2020-11-18,17,LOS MOCHIS,471.01,554.93,-83.92,0
2020-11-18,18,LOS MOCHIS,542.9,618.2,-75.3,0
2020-11-18,19,LOS MOCHIS,604.96,763.58,-93.4,-65.23
2020-11-18,20,LOS MOCHIS,524.73,591.38,-65.78,-.86
2020-11-18,21,LOS MOCHIS,502.41,575.09,-64.53,-8.16
2020-11-18,22,LOS MOCHIS,513.25,571.99,-46.35,-12.38
2020-11-18,23,LOS MOCHIS,515.18,586.62,-49.38,-22.05
2020-11-18,24,LOS MOCHIS,488.81,546.04,-51.54,-5.69
2020-11-18,1,LOS RIOS,541.39,520.19,21.19,0
2020-11-18,2,LOS RIOS,519.12,510.32,8.8,0
2020-11-18,3,LOS RIOS,498.13,492.35,5.78,0
2020-11-18,4,LOS RIOS,495.91,489.69,6.22,0
2020-11-18,5,LOS RIOS,495.53,489.67,5.86,0
2020-11-18,6,LOS RIOS,497.89,493.39,4.5,0
2020-11-18,7,LOS RIOS,510,511.2,-1.21,0
2020-11-18,8,LOS RIOS,519.46,522.44,-2.98,0
2020-11-18,9,LOS RIOS,535.34,532.22,3.12,0
2020-11-18,10,LOS RIOS,520.69,518.29,2.6,-.19
2020-11-18,11,LOS RIOS,521.24,517.7,3.58,-.05
2020-11-18,12,LOS RIOS,543.95,520.62,9.5,13.82
2020-11-18,13,LOS RIOS,526.95,519.94,7.01,0
2020-11-18,14,LOS RIOS,529.36,521.38,7.98,0
2020-11-18,15,LOS RIOS,536.34,524.01,10.21,2.12
2020-11-18,16,LOS RIOS,538.87,527.97,10.91,0
2020-11-18,17,LOS RIOS,565.26,554.93,10.33,0
2020-11-18,18,LOS RIOS,634.67,618.2,16.47,0
2020-11-18,19,LOS RIOS,785.7,763.58,31.1,-8.99
2020-11-18,20,LOS RIOS,614.81,591.38,23.55,-.12
2020-11-18,21,LOS RIOS,601.87,575.09,27.91,-1.12
2020-11-18,22,LOS RIOS,605.69,571.99,35.41,-1.71
2020-11-18,23,LOS RIOS,618.08,586.62,34.51,-3.04
2020-11-18,24,LOS RIOS,584.24,546.04,38.99,-.78
2020-11-18,1,LOS TUXTLAS,532.33,520.19,12.14,0
2020-11-18,2,LOS TUXTLAS,514.2,510.32,3.88,0
2020-11-18,3,LOS TUXTLAS,494.23,492.35,1.88,0
2020-11-18,4,LOS TUXTLAS,492.28,489.69,2.59,0
2020-11-18,5,LOS TUXTLAS,492.22,489.67,2.55,0
2020-11-18,6,LOS TUXTLAS,495.5,493.39,2.11,0
2020-11-18,7,LOS TUXTLAS,511.36,511.2,.16,0
2020-11-18,8,LOS TUXTLAS,523.53,522.44,1.09,0
2020-11-18,9,LOS TUXTLAS,542.13,532.22,9.91,0
2020-11-18,10,LOS TUXTLAS,531.71,518.29,13.63,-.2
2020-11-18,11,LOS TUXTLAS,527.59,517.7,9.94,-.05
2020-11-18,12,LOS TUXTLAS,548.72,520.62,14.31,13.79
2020-11-18,13,LOS TUXTLAS,531.79,519.94,11.85,0
2020-11-18,14,LOS TUXTLAS,532.91,521.38,11.53,0
2020-11-18,15,LOS TUXTLAS,538.19,524.01,12.06,2.11
2020-11-18,16,LOS TUXTLAS,541.15,527.97,13.19,0
2020-11-18,17,LOS TUXTLAS,567.83,554.93,12.9,0
2020-11-18,18,LOS TUXTLAS,634.18,618.2,15.97,0
2020-11-18,19,LOS TUXTLAS,786.7,763.58,32.24,-9.13
2020-11-18,20,LOS TUXTLAS,615.32,591.38,24.07,-.12
2020-11-18,21,LOS TUXTLAS,600.11,575.09,26.16,-1.14
2020-11-18,22,LOS TUXTLAS,596,571.99,25.74,-1.73
2020-11-18,23,LOS TUXTLAS,606.71,586.62,23.18,-3.08
2020-11-18,24,LOS TUXTLAS,568.81,546.04,23.56,-.8
2020-11-18,1,MANZANILLO,523.35,520.19,3.16,0
2020-11-18,2,MANZANILLO,512.85,510.32,2.53,0
2020-11-18,3,MANZANILLO,494.38,492.35,2.02,0
2020-11-18,4,MANZANILLO,491.18,489.69,1.48,0
2020-11-18,5,MANZANILLO,490.59,489.67,.92,0
2020-11-18,6,MANZANILLO,494.25,493.39,.86,0
2020-11-18,7,MANZANILLO,512.74,511.2,1.54,0
2020-11-18,8,MANZANILLO,525.85,522.44,3.41,0
2020-11-18,9,MANZANILLO,533.66,532.22,1.44,0
2020-11-18,10,MANZANILLO,521.99,518.29,.68,3.02
2020-11-18,11,MANZANILLO,519.52,517.7,1.06,.75
2020-11-18,12,MANZANILLO,514.75,520.62,1.7,-7.57
2020-11-18,13,MANZANILLO,522.4,519.94,2.46,0
2020-11-18,14,MANZANILLO,523.8,521.38,2.42,0
2020-11-18,15,MANZANILLO,525.76,524.01,2.91,-1.16
2020-11-18,16,MANZANILLO,532.09,527.97,4.12,0
2020-11-18,17,MANZANILLO,561.99,554.93,7.06,0
2020-11-18,18,MANZANILLO,629.52,618.2,11.31,0
2020-11-18,19,MANZANILLO,779.35,763.58,8.26,7.51
2020-11-18,20,MANZANILLO,596.72,591.38,5.25,.1
2020-11-18,21,MANZANILLO,578.77,575.09,2.74,.94
2020-11-18,22,MANZANILLO,580.15,571.99,6.73,1.43
2020-11-18,23,MANZANILLO,598.38,586.62,9.22,2.54
2020-11-18,24,MANZANILLO,552.55,546.04,5.86,.66
2020-11-18,1,MATAMOROS,444.78,520.19,-75.41,0
2020-11-18,2,MATAMOROS,443.47,510.32,-66.85,0
2020-11-18,3,MATAMOROS,431.55,492.35,-60.8,0
2020-11-18,4,MATAMOROS,433.32,489.69,-56.37,0
2020-11-18,5,MATAMOROS,436.37,489.67,-53.3,0
2020-11-18,6,MATAMOROS,441.03,493.39,-52.35,0
2020-11-18,7,MATAMOROS,447.23,511.2,-63.98,0
2020-11-18,8,MATAMOROS,456.28,522.44,-66.16,0
2020-11-18,9,MATAMOROS,454.98,532.22,-77.24,0
2020-11-18,10,MATAMOROS,431.66,518.29,-79.46,-7.16
2020-11-18,11,MATAMOROS,439.1,517.7,-76.83,-1.78
2020-11-18,12,MATAMOROS,441.47,520.62,-77.57,-1.58
2020-11-18,13,MATAMOROS,442.95,519.94,-76.98,0
2020-11-18,14,MATAMOROS,442.03,521.38,-79.35,0
2020-11-18,15,MATAMOROS,441.62,524.01,-82.15,-.24
2020-11-18,16,MATAMOROS,442.27,527.97,-85.69,0
2020-11-18,17,MATAMOROS,461.75,554.93,-93.17,0
2020-11-18,18,MATAMOROS,515.92,618.2,-102.29,0
2020-11-18,19,MATAMOROS,442.96,763.58,-135.06,-185.56
2020-11-18,20,MATAMOROS,480.47,591.38,-108.44,-2.46
2020-11-18,21,MATAMOROS,444.36,575.09,-107.54,-23.2
2020-11-18,22,MATAMOROS,429.92,571.99,-106.86,-35.21
2020-11-18,23,MATAMOROS,414.36,586.62,-109.53,-62.73
2020-11-18,24,MATAMOROS,427.68,546.04,-102.18,-16.19
2020-11-18,1,MATEHUALA,531.02,520.19,10.82,0
2020-11-18,2,MATEHUALA,524.78,510.32,14.46,0
2020-11-18,3,MATEHUALA,506.08,492.35,13.72,0
2020-11-18,4,MATEHUALA,505.84,489.69,16.15,0
2020-11-18,5,MATEHUALA,508.73,489.67,19.06,0
2020-11-18,6,MATEHUALA,515.54,493.39,22.15,0
2020-11-18,7,MATEHUALA,534.78,511.2,23.57,0
2020-11-18,8,MATEHUALA,544.81,522.44,22.37,0
2020-11-18,9,MATEHUALA,548.46,532.22,16.24,0
2020-11-18,10,MATEHUALA,536.04,518.29,18.45,-.7
2020-11-18,11,MATEHUALA,535.25,517.7,17.72,-.17
2020-11-18,12,MATEHUALA,532.79,520.62,13.98,-1.81
2020-11-18,13,MATEHUALA,534.01,519.94,14.07,0
2020-11-18,14,MATEHUALA,532.28,521.38,10.9,0
2020-11-18,15,MATEHUALA,529.94,524.01,6.2,-.28
2020-11-18,16,MATEHUALA,536.3,527.97,8.34,0
2020-11-18,17,MATEHUALA,565.13,554.93,10.21,0
2020-11-18,18,MATEHUALA,631.27,618.2,13.07,0
2020-11-18,19,MATEHUALA,779.66,763.58,1.17,14.91
2020-11-18,20,MATEHUALA,589.91,591.38,-1.67,.2
2020-11-18,21,MATEHUALA,573.74,575.09,-3.22,1.86
2020-11-18,22,MATEHUALA,570.67,571.99,-4.15,2.83
2020-11-18,23,MATEHUALA,598.25,586.62,6.6,5.04
2020-11-18,24,MATEHUALA,558.45,546.04,11.11,1.3
2020-11-18,1,MAZATLAN,504.38,520.19,-15.81,0
2020-11-18,2,MAZATLAN,494.78,510.32,-15.54,0
2020-11-18,3,MAZATLAN,477.23,492.35,-15.13,0
2020-11-18,4,MAZATLAN,474.13,489.69,-15.57,0
2020-11-18,5,MAZATLAN,470.21,489.67,-19.46,0
2020-11-18,6,MAZATLAN,472.03,493.39,-21.36,0
2020-11-18,7,MAZATLAN,487.2,511.2,-24,0
2020-11-18,8,MAZATLAN,499.66,522.44,-22.78,0
2020-11-18,9,MAZATLAN,497.51,532.22,-34.71,0
2020-11-18,10,MAZATLAN,442.27,518.29,-43.52,-32.5
2020-11-18,11,MAZATLAN,469.07,517.7,-40.57,-8.06
2020-11-18,12,MAZATLAN,476.96,520.62,-38.68,-4.99
2020-11-18,13,MAZATLAN,483.75,519.94,-36.18,0
2020-11-18,14,MAZATLAN,485.3,521.38,-36.08,0
2020-11-18,15,MAZATLAN,489.68,524.01,-33.57,-.76
2020-11-18,16,MAZATLAN,495.85,527.97,-32.12,0
2020-11-18,17,MAZATLAN,526.56,554.93,-28.36,0
2020-11-18,18,MAZATLAN,600.33,618.2,-17.87,0
2020-11-18,19,MAZATLAN,683.02,763.58,-27.87,-52.7
2020-11-18,20,MAZATLAN,571.65,591.38,-19.03,-.7
2020-11-18,21,MAZATLAN,547.49,575.09,-21.02,-6.59
2020-11-18,22,MAZATLAN,555.22,571.99,-6.77,-10
2020-11-18,23,MAZATLAN,561.7,586.62,-7.1,-17.81
2020-11-18,24,MAZATLAN,529.51,546.04,-11.94,-4.6
2020-11-18,1,MERIDA,547.81,520.19,27.61,0
2020-11-18,2,MERIDA,522.94,510.32,12.62,0
2020-11-18,3,MERIDA,503.12,492.35,10.77,0
2020-11-18,4,MERIDA,499.94,489.69,10.25,0
2020-11-18,5,MERIDA,497.98,489.67,8.32,0
2020-11-18,6,MERIDA,502.58,493.39,9.2,0
2020-11-18,7,MERIDA,509.07,511.2,-2.13,0
2020-11-18,8,MERIDA,519.88,522.44,-2.56,0
2020-11-18,9,MERIDA,539.84,532.22,7.62,0
2020-11-18,10,MERIDA,530.01,518.29,11.92,-.19
2020-11-18,11,MERIDA,533.35,517.7,15.7,-.05
2020-11-18,12,MERIDA,556.6,520.62,22.16,13.82
2020-11-18,13,MERIDA,540.67,519.94,20.73,0
2020-11-18,14,MERIDA,544.82,521.38,23.44,0
2020-11-18,15,MERIDA,549.87,524.01,23.74,2.12
2020-11-18,16,MERIDA,551.73,527.97,23.76,0
2020-11-18,17,MERIDA,578.08,554.93,23.16,0
2020-11-18,18,MERIDA,651.58,618.2,33.38,0
2020-11-18,19,MERIDA,804.78,763.58,50.19,-8.99
2020-11-18,20,MERIDA,627.74,591.38,36.48,-.12
2020-11-18,21,MERIDA,614.1,575.09,40.13,-1.12
2020-11-18,22,MERIDA,632.1,571.99,61.81,-1.71
2020-11-18,23,MERIDA,646.68,586.62,63.1,-3.04
2020-11-18,24,MERIDA,610.34,546.04,65.09,-.78
2020-11-18,1,MINAS,554.16,520.19,33.96,0
2020-11-18,2,MINAS,540.65,510.32,30.33,0
2020-11-18,3,MINAS,520.61,492.35,28.25,0
2020-11-18,4,MINAS,517.12,489.69,27.43,0
2020-11-18,5,MINAS,526.79,489.67,37.12,0
2020-11-18,6,MINAS,521.68,493.39,28.29,0
2020-11-18,7,MINAS,542.09,511.2,30.89,0
2020-11-18,8,MINAS,555.23,522.44,32.79,0
2020-11-18,9,MINAS,566.46,532.22,34.24,0
2020-11-18,10,MINAS,554.66,518.29,32.22,4.16
2020-11-18,11,MINAS,550.98,517.7,32.25,1.03
2020-11-18,12,MINAS,547.13,520.62,33.43,-6.92
2020-11-18,13,MINAS,554.85,519.94,34.91,0
2020-11-18,14,MINAS,556.37,521.38,34.99,0
2020-11-18,15,MINAS,554.01,524.01,31.06,-1.07
2020-11-18,16,MINAS,561.52,527.97,33.56,0
2020-11-18,17,MINAS,595.91,554.93,40.98,0
2020-11-18,18,MINAS,672.14,618.2,53.94,0
2020-11-18,19,MINAS,835.05,763.58,66.54,4.93
2020-11-18,20,MINAS,640.61,591.38,49.17,.07
2020-11-18,21,MINAS,618.08,575.09,42.38,.61
2020-11-18,22,MINAS,618.37,571.99,45.47,.92
2020-11-18,23,MINAS,636.97,586.62,48.7,1.65
2020-11-18,24,MINAS,582.95,546.04,36.49,.42
2020-11-18,1,MONCLOVA,459.74,520.19,-60.46,0
2020-11-18,2,MONCLOVA,458.25,510.32,-52.07,0
2020-11-18,3,MONCLOVA,446.15,492.35,-46.2,0
2020-11-18,4,MONCLOVA,447.79,489.69,-41.9,0
2020-11-18,5,MONCLOVA,447.88,489.67,-41.79,0
2020-11-18,6,MONCLOVA,450.84,493.39,-42.55,0
2020-11-18,7,MONCLOVA,462.25,511.2,-48.95,0
2020-11-18,8,MONCLOVA,473.28,522.44,-49.16,0
2020-11-18,9,MONCLOVA,469.67,532.22,-62.55,0
2020-11-18,10,MONCLOVA,442.65,518.29,-67.54,-8.09
2020-11-18,11,MONCLOVA,448.91,517.7,-66.77,-2.02
2020-11-18,12,MONCLOVA,451.04,520.62,-67.79,-1.8
2020-11-18,13,MONCLOVA,451.86,519.94,-68.08,0
2020-11-18,14,MONCLOVA,447.65,521.38,-73.73,0
2020-11-18,15,MONCLOVA,446.85,524.01,-76.89,-.27
2020-11-18,16,MONCLOVA,448.43,527.97,-79.54,0
2020-11-18,17,MONCLOVA,472.21,554.93,-82.71,0
2020-11-18,18,MONCLOVA,533.54,618.2,-84.66,0
2020-11-18,19,MONCLOVA,468.04,763.58,-108.43,-187.12
2020-11-18,20,MONCLOVA,504.06,591.38,-84.84,-2.48
2020-11-18,21,MONCLOVA,468.6,575.09,-83.1,-23.39
2020-11-18,22,MONCLOVA,455.92,571.99,-80.56,-35.51
2020-11-18,23,MONCLOVA,441.33,586.62,-82.02,-63.26
2020-11-18,24,MONCLOVA,451.44,546.04,-78.28,-16.33
2020-11-18,1,MONTEMORELOS,469.68,520.19,-50.51,0
2020-11-18,2,MONTEMORELOS,467.71,510.32,-42.6,0
2020-11-18,3,MONTEMORELOS,454.79,492.35,-37.57,0
2020-11-18,4,MONTEMORELOS,455.11,489.69,-34.58,0
2020-11-18,5,MONTEMORELOS,455.6,489.67,-34.07,0
2020-11-18,6,MONTEMORELOS,459.32,493.39,-34.07,0
2020-11-18,7,MONTEMORELOS,470.97,511.2,-40.23,0
2020-11-18,8,MONTEMORELOS,480.48,522.44,-41.97,0
2020-11-18,9,MONTEMORELOS,479.77,532.22,-52.45,0
2020-11-18,10,MONTEMORELOS,458.12,518.29,-53.91,-6.25
2020-11-18,11,MONTEMORELOS,464.06,517.7,-52.09,-1.56
2020-11-18,12,MONTEMORELOS,466.49,520.62,-53.1,-1.04
2020-11-18,13,MONTEMORELOS,466.97,519.94,-52.97,0
2020-11-18,14,MONTEMORELOS,465.96,521.38,-55.42,0
2020-11-18,15,MONTEMORELOS,466.05,524.01,-57.8,-.16
2020-11-18,16,MONTEMORELOS,467.64,527.97,-60.33,0
2020-11-18,17,MONTEMORELOS,490.2,554.93,-64.72,0
2020-11-18,18,MONTEMORELOS,551.31,618.2,-66.89,0
2020-11-18,19,MONTEMORELOS,512.33,763.58,-85.82,-165.43
2020-11-18,20,MONTEMORELOS,521.49,591.38,-67.69,-2.19
2020-11-18,21,MONTEMORELOS,487.65,575.09,-66.74,-20.7
2020-11-18,22,MONTEMORELOS,475.44,571.99,-65.16,-31.4
2020-11-18,23,MONTEMORELOS,464.61,586.62,-66.42,-55.59
2020-11-18,24,MONTEMORELOS,467.87,546.04,-63.92,-14.24
2020-11-18,1,MONTERREY,462.29,520.19,-57.9,0
2020-11-18,2,MONTERREY,460.77,510.32,-49.55,0
2020-11-18,3,MONTERREY,448.32,492.35,-44.03,0
2020-11-18,4,MONTERREY,449.06,489.69,-40.64,0
2020-11-18,5,MONTERREY,449.68,489.67,-39.99,0
2020-11-18,6,MONTERREY,453.36,493.39,-40.03,0
2020-11-18,7,MONTERREY,464.45,511.2,-46.75,0
2020-11-18,8,MONTERREY,474.23,522.44,-48.21,0
2020-11-18,9,MONTERREY,471.62,532.22,-60.6,0
2020-11-18,10,MONTERREY,447.96,518.29,-63.22,-7.1
2020-11-18,11,MONTERREY,454.27,517.7,-61.67,-1.77
2020-11-18,12,MONTERREY,456.43,520.63,-62.63,-1.57
2020-11-18,13,MONTERREY,457.54,519.94,-62.4,0
2020-11-18,14,MONTERREY,455.82,521.38,-65.56,0
2020-11-18,15,MONTERREY,455.62,524.01,-68.16,-.24
2020-11-18,16,MONTERREY,457.08,527.97,-70.88,0
2020-11-18,17,MONTERREY,479.7,554.93,-75.22,0
2020-11-18,18,MONTERREY,540.42,618.2,-77.78,0
2020-11-18,19,MONTERREY,477.07,763.59,-100.99,-185.53
2020-11-18,20,MONTERREY,509.28,591.38,-79.64,-2.46
2020-11-18,21,MONTERREY,473.54,575.09,-78.37,-23.18
2020-11-18,22,MONTERREY,460.89,571.99,-75.91,-35.19
2020-11-18,23,MONTERREY,447.26,586.62,-76.65,-62.7
2020-11-18,24,MONTERREY,456.88,546.04,-72.98,-16.18
2020-11-18,1,MORELIA,541.75,520.19,21.56,0
2020-11-18,2,MORELIA,529.66,510.32,19.34,0
2020-11-18,3,MORELIA,510.25,492.35,17.89,0
2020-11-18,4,MORELIA,507.01,489.69,17.32,0
2020-11-18,5,MORELIA,506.68,489.67,17.01,0
2020-11-18,6,MORELIA,511.03,493.39,17.65,0
2020-11-18,7,MORELIA,531.39,511.2,20.19,0
2020-11-18,8,MORELIA,546.23,522.44,23.79,0
2020-11-18,9,MORELIA,558.61,532.22,26.39,0
2020-11-18,10,MORELIA,546.83,518.29,27.66,.88
2020-11-18,11,MORELIA,545.61,517.7,27.69,.22
2020-11-18,12,MORELIA,541.35,520.62,29.19,-8.46
2020-11-18,13,MORELIA,549.21,519.94,29.28,0
2020-11-18,14,MORELIA,550.38,521.38,29.01,0
2020-11-18,15,MORELIA,552.9,524.01,30.19,-1.3
2020-11-18,16,MORELIA,559.67,527.97,31.7,0
2020-11-18,17,MORELIA,589.05,554.93,34.13,0
2020-11-18,18,MORELIA,656.32,618.2,38.11,0
2020-11-18,19,MORELIA,816.36,763.58,47.56,5.21
2020-11-18,20,MORELIA,628.44,591.38,37,.07
2020-11-18,21,MORELIA,608.14,575.09,32.41,.65
2020-11-18,22,MORELIA,603.68,571.99,30.7,.99
2020-11-18,23,MORELIA,619.18,586.62,30.74,1.82
2020-11-18,24,MORELIA,571.39,546.04,24.88,.47
2020-11-18,1,MORELOS,542.21,520.19,22.01,0
2020-11-18,2,MORELOS,527.67,510.32,17.35,0
2020-11-18,3,MORELOS,508.09,492.35,15.73,0
2020-11-18,4,MORELOS,505.32,489.69,15.63,0
2020-11-18,5,MORELOS,505.26,489.67,15.59,0
2020-11-18,6,MORELOS,508.84,493.39,15.45,0
2020-11-18,7,MORELOS,527.65,511.2,16.45,0
2020-11-18,8,MORELOS,541.09,522.44,18.65,0
2020-11-18,9,MORELOS,556.3,532.22,24.08,0
2020-11-18,10,MORELOS,544.17,518.29,25.93,-.04
2020-11-18,11,MORELOS,544.36,517.7,26.67,-.01
2020-11-18,12,MORELOS,584.61,520.62,29.93,34.06
2020-11-18,13,MORELOS,548.66,519.94,28.72,0
2020-11-18,14,MORELOS,550.14,521.38,28.76,0
2020-11-18,15,MORELOS,559.74,524.01,30.51,5.22
2020-11-18,16,MORELOS,558.8,527.97,30.84,0
2020-11-18,17,MORELOS,586.06,554.93,31.13,0
2020-11-18,18,MORELOS,650.47,618.2,32.27,0
2020-11-18,19,MORELOS,801.96,763.58,45.52,-7.15
2020-11-18,20,MORELOS,627.23,591.38,35.95,-.1
2020-11-18,21,MORELOS,608.07,575.09,33.87,-.89
2020-11-18,22,MORELOS,601.02,571.99,30.39,-1.36
2020-11-18,23,MORELOS,616.26,586.62,32.06,-2.42
2020-11-18,24,MORELOS,573.44,546.04,28.02,-.62
2020-11-18,1,MOTUL TIZIMIN,533.17,520.19,12.97,0
2020-11-18,2,MOTUL TIZIMIN,508.44,510.32,-1.88,0
2020-11-18,3,MOTUL TIZIMIN,491.79,492.35,-.57,0
2020-11-18,4,MOTUL TIZIMIN,489.13,489.69,-.56,0
2020-11-18,5,MOTUL TIZIMIN,486.9,489.67,-2.77,0
2020-11-18,6,MOTUL TIZIMIN,493.34,493.39,-.05,0
2020-11-18,7,MOTUL TIZIMIN,495.87,511.2,-15.33,0
2020-11-18,8,MOTUL TIZIMIN,505.46,522.44,-16.98,0
2020-11-18,9,MOTUL TIZIMIN,521.41,532.22,-10.81,0
2020-11-18,10,MOTUL TIZIMIN,512.5,518.29,-5.59,-.19
2020-11-18,11,MOTUL TIZIMIN,515.91,517.7,-1.75,-.05
2020-11-18,12,MOTUL TIZIMIN,539.04,520.62,4.59,13.82
2020-11-18,13,MOTUL TIZIMIN,523.04,519.94,3.1,0
2020-11-18,14,MOTUL TIZIMIN,530.78,521.38,9.4,0
2020-11-18,15,MOTUL TIZIMIN,535.85,524.01,9.72,2.12
2020-11-18,16,MOTUL TIZIMIN,537.89,527.97,9.92,0
2020-11-18,17,MOTUL TIZIMIN,563.77,554.93,8.84,0
2020-11-18,18,MOTUL TIZIMIN,636.17,618.2,17.97,0
2020-11-18,19,MOTUL TIZIMIN,786.59,763.58,31.99,-8.99
2020-11-18,20,MOTUL TIZIMIN,613.45,591.38,22.19,-.12
2020-11-18,21,MOTUL TIZIMIN,599.99,575.09,26.03,-1.12
2020-11-18,22,MOTUL TIZIMIN,614.85,571.99,44.57,-1.71
2020-11-18,23,MOTUL TIZIMIN,630.09,586.62,46.51,-3.04
2020-11-18,24,MOTUL TIZIMIN,595.82,546.04,50.57,-.78
2020-11-18,1,NAVOJOA,461.63,520.19,-58.56,0
2020-11-18,2,NAVOJOA,452.78,510.32,-57.54,0
2020-11-18,3,NAVOJOA,437.43,492.35,-54.93,0
2020-11-18,4,NAVOJOA,435.21,489.69,-54.49,0
2020-11-18,5,NAVOJOA,427.06,489.67,-62.61,0
2020-11-18,6,NAVOJOA,427.21,493.39,-66.18,0
2020-11-18,7,NAVOJOA,439.05,511.2,-72.16,0
2020-11-18,8,NAVOJOA,454.78,522.44,-67.66,0
2020-11-18,9,NAVOJOA,447.56,532.22,-84.66,0
2020-11-18,10,NAVOJOA,380.55,518.29,-108.32,-29.42
2020-11-18,11,NAVOJOA,405.9,517.7,-104.51,-7.3
2020-11-18,12,NAVOJOA,409.26,520.62,-106.81,-4.55
2020-11-18,13,NAVOJOA,417.03,519.94,-102.91,0
2020-11-18,14,NAVOJOA,418.47,521.38,-102.91,0
2020-11-18,15,NAVOJOA,422.89,524.01,-100.43,-.7
2020-11-18,16,NAVOJOA,429.43,527.97,-98.54,0
2020-11-18,17,NAVOJOA,461.46,554.93,-93.47,0
2020-11-18,18,NAVOJOA,536.46,618.2,-81.74,0
2020-11-18,19,NAVOJOA,593.07,763.58,-100.36,-70.15
2020-11-18,20,NAVOJOA,518.8,591.38,-71.64,-.93
2020-11-18,21,NAVOJOA,496.71,575.09,-69.61,-8.77
2020-11-18,22,NAVOJOA,512.88,571.99,-45.8,-13.31
2020-11-18,23,NAVOJOA,513.64,586.62,-49.26,-23.71
2020-11-18,24,NAVOJOA,488.75,546.04,-51.17,-6.12
2020-11-18,1,NOGALES,443.6,520.19,-76.59,0
2020-11-18,2,NOGALES,438.75,510.32,-71.57,0
2020-11-18,3,NOGALES,429.54,492.35,-62.81,0
2020-11-18,4,NOGALES,428.41,489.69,-61.29,0
2020-11-18,5,NOGALES,416.59,489.67,-73.08,0
2020-11-18,6,NOGALES,415.04,493.39,-78.35,0
2020-11-18,7,NOGALES,426.05,511.2,-85.15,0
2020-11-18,8,NOGALES,441.56,522.44,-80.88,0
2020-11-18,9,NOGALES,427.93,532.22,-104.29,0
2020-11-18,10,NOGALES,353.23,518.29,-139.97,-25.09
2020-11-18,11,NOGALES,334.31,517.7,-140.71,-42.69
2020-11-18,12,NOGALES,335.5,520.62,-142.27,-42.86
2020-11-18,13,NOGALES,340.2,519.94,-139.63,-40.12
2020-11-18,14,NOGALES,344.63,521.38,-141.38,-35.36
2020-11-18,15,NOGALES,343.5,524.01,-141.05,-39.47
2020-11-18,16,NOGALES,351.48,527.97,-136.95,-39.53
2020-11-18,17,NOGALES,351.22,554.93,-138.57,-65.14
2020-11-18,18,NOGALES,486.45,618.2,-131.75,0
2020-11-18,19,NOGALES,530.47,763.58,-140.5,-92.61
2020-11-18,20,NOGALES,491.34,591.38,-98.81,-1.23
2020-11-18,21,NOGALES,469.49,575.09,-94.03,-11.58
2020-11-18,22,NOGALES,474.99,571.99,-79.43,-17.58
2020-11-18,23,NOGALES,470.44,586.62,-84.86,-31.32
2020-11-18,24,NOGALES,456.16,546.04,-81.8,-8.08
2020-11-18,1,NUEVO LAREDO,456.88,520.19,-63.32,0
2020-11-18,2,NUEVO LAREDO,455.15,510.32,-55.17,0
2020-11-18,3,NUEVO LAREDO,443.15,492.35,-49.21,0
2020-11-18,4,NUEVO LAREDO,444.45,489.69,-45.24,0
2020-11-18,5,NUEVO LAREDO,443.85,489.67,-45.82,0
2020-11-18,6,NUEVO LAREDO,446.78,493.39,-46.61,0
2020-11-18,7,NUEVO LAREDO,458.31,511.2,-52.89,0
2020-11-18,8,NUEVO LAREDO,470.4,522.44,-52.04,0
2020-11-18,9,NUEVO LAREDO,466.46,532.22,-65.76,0
2020-11-18,10,NUEVO LAREDO,438.05,518.29,-71.64,-8.6
2020-11-18,11,NUEVO LAREDO,455.65,517.7,-59.96,-2.09
2020-11-18,12,NUEVO LAREDO,458.69,520.62,-60.13,-1.8
2020-11-18,13,NUEVO LAREDO,463.1,519.94,-56.84,0
2020-11-18,14,NUEVO LAREDO,457.74,521.38,-63.64,0
2020-11-18,15,NUEVO LAREDO,456.02,524.01,-67.72,-.27
2020-11-18,16,NUEVO LAREDO,457.56,527.97,-70.41,0
2020-11-18,17,NUEVO LAREDO,481.63,554.93,-73.29,0
2020-11-18,18,NUEVO LAREDO,529.11,618.2,-89.1,0
2020-11-18,19,NUEVO LAREDO,469.06,763.58,-111.63,-182.9
2020-11-18,20,NUEVO LAREDO,501.68,591.38,-87.27,-2.42
2020-11-18,21,NUEVO LAREDO,467.08,575.09,-85.15,-22.86
2020-11-18,22,NUEVO LAREDO,454.44,571.99,-82.84,-34.71
2020-11-18,23,NUEVO LAREDO,439.37,586.62,-85.41,-61.83
2020-11-18,24,NUEVO LAREDO,447.87,546.04,-82.21,-15.96
2020-11-18,1,OAXACA,542.71,520.19,22.51,0
2020-11-18,2,OAXACA,523,510.32,12.68,0
2020-11-18,3,OAXACA,502.63,492.35,10.28,0
2020-11-18,4,OAXACA,501.08,489.69,11.38,0
2020-11-18,5,OAXACA,501.46,489.67,11.79,0
2020-11-18,6,OAXACA,504.52,493.39,11.13,0
2020-11-18,7,OAXACA,522.48,511.2,11.28,0
2020-11-18,8,OAXACA,535.81,522.44,13.37,0
2020-11-18,9,OAXACA,552.02,532.22,19.8,0
2020-11-18,10,OAXACA,538.79,518.29,20.7,-.19
2020-11-18,11,OAXACA,539.01,517.7,21.35,-.05
2020-11-18,12,OAXACA,566.12,520.62,26.53,18.97
2020-11-18,13,OAXACA,543.95,519.94,24.01,0
2020-11-18,14,OAXACA,545.89,521.38,24.51,0
2020-11-18,15,OAXACA,553.84,524.01,26.9,2.93
2020-11-18,16,OAXACA,555.86,527.97,27.9,0
2020-11-18,17,OAXACA,583.06,554.93,28.14,0
2020-11-18,18,OAXACA,650.41,618.2,32.2,0
2020-11-18,19,OAXACA,808.5,763.58,54.02,-9.1
2020-11-18,20,OAXACA,633.38,591.38,42.12,-.12
2020-11-18,21,OAXACA,616.01,575.09,42.06,-1.14
2020-11-18,22,OAXACA,610.59,571.99,40.33,-1.73
2020-11-18,23,OAXACA,620.01,586.62,36.47,-3.08
2020-11-18,24,OAXACA,579.8,546.04,34.56,-.79
2020-11-18,1,OBREGON,450.72,520.19,-69.47,0
2020-11-18,2,OBREGON,442.51,510.32,-67.81,0
2020-11-18,3,OBREGON,428.11,492.35,-64.24,0
2020-11-18,4,OBREGON,426.02,489.69,-63.68,0
2020-11-18,5,OBREGON,417.53,489.67,-72.14,0
2020-11-18,6,OBREGON,417.12,493.39,-76.27,0
2020-11-18,7,OBREGON,428.82,511.2,-82.38,0
2020-11-18,8,OBREGON,444.84,522.44,-77.6,0
2020-11-18,9,OBREGON,438.35,532.22,-93.87,0
2020-11-18,10,OBREGON,371.42,518.29,-117.84,-29.02
2020-11-18,11,OBREGON,396.45,517.7,-114.05,-7.2
2020-11-18,12,OBREGON,401.57,520.62,-114.55,-4.51
2020-11-18,13,OBREGON,408.7,519.94,-111.24,0
2020-11-18,14,OBREGON,409.91,521.38,-111.46,0
2020-11-18,15,OBREGON,413.95,524.01,-109.38,-.69
2020-11-18,16,OBREGON,420.54,527.97,-107.42,0
2020-11-18,17,OBREGON,449.04,554.93,-105.89,0
2020-11-18,18,OBREGON,521.53,618.2,-96.68,0
2020-11-18,19,OBREGON,576.29,763.58,-115.02,-72.27
2020-11-18,20,OBREGON,510.02,591.38,-80.4,-.96
2020-11-18,21,OBREGON,488.22,575.09,-77.84,-9.03
2020-11-18,22,OBREGON,499.76,571.99,-58.52,-13.72
2020-11-18,23,OBREGON,499.96,586.62,-62.23,-24.43
2020-11-18,24,OBREGON,476.97,546.04,-62.76,-6.3
2020-11-18,1,ORIZABA,528.71,520.19,8.52,0
2020-11-18,2,ORIZABA,512.35,510.32,2.03,0
2020-11-18,3,ORIZABA,492.8,492.35,.44,0
2020-11-18,4,ORIZABA,490.79,489.69,1.09,0
2020-11-18,5,ORIZABA,490.83,489.67,1.16,0
2020-11-18,6,ORIZABA,493.28,493.39,-.11,0
2020-11-18,7,ORIZABA,510.13,511.2,-1.07,0
2020-11-18,8,ORIZABA,522.56,522.44,.12,0
2020-11-18,9,ORIZABA,537.75,532.22,5.53,0
2020-11-18,10,ORIZABA,524.73,518.29,6.65,-.21
2020-11-18,11,ORIZABA,524.83,517.7,7.18,-.05
2020-11-18,12,ORIZABA,544.52,520.62,11.22,12.68
2020-11-18,13,ORIZABA,528.93,519.94,8.99,0
2020-11-18,14,ORIZABA,530.55,521.38,9.17,0
2020-11-18,15,ORIZABA,537.02,524.01,11.06,1.94
2020-11-18,16,ORIZABA,539.69,527.97,11.73,0
2020-11-18,17,ORIZABA,565.83,554.93,10.91,0
2020-11-18,18,ORIZABA,629.23,618.2,11.02,0
2020-11-18,19,ORIZABA,775.03,763.58,20.67,-9.23
2020-11-18,20,ORIZABA,607.06,591.38,15.8,-.12
2020-11-18,21,ORIZABA,590.55,575.09,16.62,-1.16
2020-11-18,22,ORIZABA,586.49,571.99,16.26,-1.76
2020-11-18,23,ORIZABA,599.12,586.62,15.62,-3.12
2020-11-18,24,ORIZABA,562.14,546.04,16.9,-.8
2020-11-18,1,PIEDRAS NEGRAS,448.52,520.19,-71.67,0
2020-11-18,2,PIEDRAS NEGRAS,447.36,510.32,-62.96,0
2020-11-18,3,PIEDRAS NEGRAS,436.28,492.35,-56.08,0
2020-11-18,4,PIEDRAS NEGRAS,438.15,489.69,-51.54,0
2020-11-18,5,PIEDRAS NEGRAS,437.67,489.67,-52,0
2020-11-18,6,PIEDRAS NEGRAS,440.04,493.39,-53.34,0
2020-11-18,7,PIEDRAS NEGRAS,451.33,511.2,-59.87,0
2020-11-18,8,PIEDRAS NEGRAS,463.74,522.44,-58.7,0
2020-11-18,9,PIEDRAS NEGRAS,459.96,532.22,-72.26,0
2020-11-18,10,PIEDRAS NEGRAS,430.98,518.29,-78.42,-8.89
2020-11-18,11,PIEDRAS NEGRAS,436.97,517.7,-78.52,-2.22
2020-11-18,12,PIEDRAS NEGRAS,439.5,520.62,-79.24,-1.89
2020-11-18,13,PIEDRAS NEGRAS,444.45,519.94,-75.49,0
2020-11-18,14,PIEDRAS NEGRAS,437.39,521.38,-83.99,0
2020-11-18,15,PIEDRAS NEGRAS,433.15,524.01,-90.58,-.28
2020-11-18,16,PIEDRAS NEGRAS,434.04,527.97,-93.93,0
2020-11-18,17,PIEDRAS NEGRAS,457.28,554.93,-97.64,0
2020-11-18,18,PIEDRAS NEGRAS,517.4,618.2,-100.81,0
2020-11-18,19,PIEDRAS NEGRAS,455.01,763.58,-126.08,-182.5
2020-11-18,20,PIEDRAS NEGRAS,490.56,591.38,-98.4,-2.42
2020-11-18,21,PIEDRAS NEGRAS,457.75,575.09,-94.53,-22.81
2020-11-18,22,PIEDRAS NEGRAS,445.87,571.99,-91.49,-34.63
2020-11-18,23,PIEDRAS NEGRAS,430.53,586.62,-94.4,-61.69
2020-11-18,24,PIEDRAS NEGRAS,439.72,546.04,-90.4,-15.92
2020-11-18,1,POZA RICA,515.54,520.19,-4.66,0
2020-11-18,2,POZA RICA,503.96,510.32,-6.35,0
2020-11-18,3,POZA RICA,487.31,492.35,-5.04,0
2020-11-18,4,POZA RICA,484.93,489.69,-4.76,0
2020-11-18,5,POZA RICA,484.84,489.67,-4.82,0
2020-11-18,6,POZA RICA,487.53,493.39,-5.85,0
2020-11-18,7,POZA RICA,503.63,511.2,-7.57,0
2020-11-18,8,POZA RICA,513.97,522.44,-8.47,0
2020-11-18,9,POZA RICA,526.04,532.22,-6.18,0
2020-11-18,10,POZA RICA,512.99,518.29,-4.67,-.64
2020-11-18,11,POZA RICA,513.48,517.7,-4.07,-.16
2020-11-18,12,POZA RICA,524.39,520.62,-3.31,7.07
2020-11-18,13,POZA RICA,516.12,519.94,-3.82,0
2020-11-18,14,POZA RICA,517.64,521.38,-3.73,0
2020-11-18,15,POZA RICA,521.48,524.01,-3.62,1.08
2020-11-18,16,POZA RICA,524.61,527.97,-3.36,0
2020-11-18,17,POZA RICA,549.15,554.93,-5.77,0
2020-11-18,18,POZA RICA,611.61,618.2,-6.6,0
2020-11-18,19,POZA RICA,742.5,763.58,-4.87,-16.22
2020-11-18,20,POZA RICA,587.61,591.38,-3.56,-.22
2020-11-18,21,POZA RICA,569.13,575.09,-3.93,-2.03
2020-11-18,22,POZA RICA,563.22,571.99,-5.7,-3.07
2020-11-18,23,POZA RICA,574.36,586.62,-6.81,-5.45
2020-11-18,24,POZA RICA,539.03,546.04,-5.6,-1.41
2020-11-18,1,PUEBLA,531.74,520.19,11.55,0
2020-11-18,2,PUEBLA,517.51,510.32,7.19,0
2020-11-18,3,PUEBLA,498.26,492.35,5.91,0
2020-11-18,4,PUEBLA,495.8,489.69,6.11,0
2020-11-18,5,PUEBLA,495.78,489.67,6.11,0
2020-11-18,6,PUEBLA,498.8,493.39,5.41,0
2020-11-18,7,PUEBLA,516.44,511.2,5.24,0
2020-11-18,8,PUEBLA,529.38,522.44,6.94,0
2020-11-18,9,PUEBLA,544.55,532.22,12.33,0
2020-11-18,10,PUEBLA,531.15,518.29,13.05,-.19
2020-11-18,11,PUEBLA,531.2,517.7,13.55,-.05
2020-11-18,12,PUEBLA,549.63,520.62,16.91,12.09
2020-11-18,13,PUEBLA,535.22,519.94,15.28,0
2020-11-18,14,PUEBLA,536.8,521.38,15.43,0
2020-11-18,15,PUEBLA,542.91,524.01,17.04,1.85
2020-11-18,16,PUEBLA,545.82,527.97,17.86,0
2020-11-18,17,PUEBLA,572.54,554.93,17.61,0
2020-11-18,18,PUEBLA,635.82,618.2,17.62,0
2020-11-18,19,PUEBLA,783.97,763.58,29.03,-8.65
2020-11-18,20,PUEBLA,613.94,591.38,22.68,-.11
2020-11-18,21,PUEBLA,596.5,575.09,22.49,-1.08
2020-11-18,22,PUEBLA,591.36,571.99,21.01,-1.64
2020-11-18,23,PUEBLA,603.9,586.62,20.21,-2.93
2020-11-18,24,PUEBLA,565.18,546.04,19.9,-.76
2020-11-18,1,QUERETARO,526.01,520.19,5.81,0
2020-11-18,2,QUERETARO,515.72,510.32,5.41,0
2020-11-18,3,QUERETARO,497.23,492.35,4.88,0
2020-11-18,4,QUERETARO,494.49,489.69,4.8,0
2020-11-18,5,QUERETARO,494.57,489.67,4.9,0
2020-11-18,6,QUERETARO,498.36,493.39,4.97,0
2020-11-18,7,QUERETARO,516.79,511.2,5.58,0
2020-11-18,8,QUERETARO,528.63,522.44,6.19,0
2020-11-18,9,QUERETARO,539.33,532.22,7.11,0
2020-11-18,10,QUERETARO,524.78,518.29,6.56,-.06
2020-11-18,11,QUERETARO,524.14,517.7,6.45,-.02
2020-11-18,12,QUERETARO,526.38,520.62,5.72,.03
2020-11-18,13,QUERETARO,525.3,519.94,5.36,0
2020-11-18,14,QUERETARO,526.83,521.38,5.45,0
2020-11-18,15,QUERETARO,529.55,524.01,5.53,.01
2020-11-18,16,QUERETARO,533.81,527.97,5.84,0
2020-11-18,17,QUERETARO,561.32,554.93,6.4,0
2020-11-18,18,QUERETARO,625.19,618.2,6.99,0
2020-11-18,19,QUERETARO,775.89,763.58,9.12,3.19
2020-11-18,20,QUERETARO,599.53,591.38,8.11,.04
2020-11-18,21,QUERETARO,584.18,575.09,8.69,.4
2020-11-18,22,QUERETARO,580.74,571.99,8.14,.61
2020-11-18,23,QUERETARO,594.31,586.62,6.62,1.08
2020-11-18,24,QUERETARO,552.97,546.04,6.65,.28
2020-11-18,1,REYNOSA,448.49,520.19,-71.7,0
2020-11-18,2,REYNOSA,447.29,510.32,-63.03,0
2020-11-18,3,REYNOSA,435.4,492.35,-56.95,0
2020-11-18,4,REYNOSA,436.66,489.69,-53.03,0
2020-11-18,5,REYNOSA,438.55,489.67,-51.12,0
2020-11-18,6,REYNOSA,442.97,493.39,-50.42,0
2020-11-18,7,REYNOSA,451.11,511.2,-60.09,0
2020-11-18,8,REYNOSA,460.13,522.44,-62.31,0
2020-11-18,9,REYNOSA,458.25,532.22,-73.97,0
2020-11-18,10,REYNOSA,435.31,518.29,-75.78,-7.19
2020-11-18,11,REYNOSA,442.52,517.7,-73.4,-1.79
2020-11-18,12,REYNOSA,444.68,520.62,-74.36,-1.59
2020-11-18,13,REYNOSA,445.86,519.94,-74.08,0
2020-11-18,14,REYNOSA,444.87,521.38,-76.51,0
2020-11-18,15,REYNOSA,444.57,524.01,-79.19,-.24
2020-11-18,16,REYNOSA,445.32,527.97,-82.65,0
2020-11-18,17,REYNOSA,465,554.93,-89.92,0
2020-11-18,18,REYNOSA,519.92,618.2,-98.28,0
2020-11-18,19,REYNOSA,447.42,763.58,-130.69,-185.47
2020-11-18,20,REYNOSA,484.04,591.38,-104.88,-2.46
2020-11-18,21,REYNOSA,448.09,575.09,-103.82,-23.18
2020-11-18,22,REYNOSA,433.71,571.99,-103.09,-35.19
2020-11-18,23,REYNOSA,418.3,586.62,-105.62,-62.7
2020-11-18,24,REYNOSA,431.33,546.04,-98.53,-16.18
2020-11-18,1,RIVIERA MAYA,563.88,520.19,43.69,0
2020-11-18,2,RIVIERA MAYA,538.41,510.32,28.09,0
2020-11-18,3,RIVIERA MAYA,518.92,492.35,26.56,0
2020-11-18,4,RIVIERA MAYA,515.81,489.69,26.11,0
2020-11-18,5,RIVIERA MAYA,514.18,489.67,24.51,0
2020-11-18,6,RIVIERA MAYA,519.49,493.39,26.1,0
2020-11-18,7,RIVIERA MAYA,526.45,511.2,15.24,0
2020-11-18,8,RIVIERA MAYA,538.22,522.44,15.78,0
2020-11-18,9,RIVIERA MAYA,561.37,532.22,29.15,0
2020-11-18,10,RIVIERA MAYA,550.93,518.29,32.84,-.19
2020-11-18,11,RIVIERA MAYA,553.64,517.7,35.99,-.05
2020-11-18,12,RIVIERA MAYA,576.98,520.62,42.53,13.82
2020-11-18,13,RIVIERA MAYA,560.57,519.94,40.64,0
2020-11-18,14,RIVIERA MAYA,562.23,521.38,40.86,0
2020-11-18,15,RIVIERA MAYA,567.85,524.01,41.72,2.12
2020-11-18,16,RIVIERA MAYA,569.95,527.97,41.99,0
2020-11-18,17,RIVIERA MAYA,596.85,554.93,41.93,0
2020-11-18,18,RIVIERA MAYA,671.78,618.2,53.57,0
2020-11-18,19,RIVIERA MAYA,830.53,763.58,75.93,-8.99
2020-11-18,20,RIVIERA MAYA,647.86,591.38,56.6,-.12
2020-11-18,21,RIVIERA MAYA,633.51,575.09,59.55,-1.12
2020-11-18,22,RIVIERA MAYA,645.24,571.99,74.96,-1.71
2020-11-18,23,RIVIERA MAYA,658.81,586.62,75.24,-3.04
2020-11-18,24,RIVIERA MAYA,620.65,546.04,75.4,-.78
2020-11-18,1,SABINAS,454.36,520.19,-65.84,0
2020-11-18,2,SABINAS,452.95,510.32,-57.37,0
2020-11-18,3,SABINAS,441.27,492.35,-51.08,0
2020-11-18,4,SABINAS,442.8,489.69,-46.89,0
2020-11-18,5,SABINAS,442.32,489.67,-47.35,0
2020-11-18,6,SABINAS,445.01,493.39,-48.37,0
2020-11-18,7,SABINAS,456.51,511.2,-54.7,0
2020-11-18,8,SABINAS,468.52,522.44,-53.92,0
2020-11-18,9,SABINAS,464.55,532.22,-67.67,0
2020-11-18,10,SABINAS,436.09,518.29,-73.53,-8.66
2020-11-18,11,SABINAS,442.99,517.7,-72.55,-2.16
2020-11-18,12,SABINAS,445.15,520.62,-73.62,-1.86
2020-11-18,13,SABINAS,448.43,519.94,-71.5,0
2020-11-18,14,SABINAS,442.45,521.38,-78.93,0
2020-11-18,15,SABINAS,439.9,524.01,-83.83,-.28
2020-11-18,16,SABINAS,441.19,527.97,-86.78,0
2020-11-18,17,SABINAS,464.78,554.93,-90.15,0
2020-11-18,18,SABINAS,525.65,618.2,-92.56,0
2020-11-18,19,SABINAS,463.45,763.58,-116.35,-183.79
2020-11-18,20,SABINAS,498.24,591.38,-90.7,-2.43
2020-11-18,21,SABINAS,463.87,575.09,-88.25,-22.97
2020-11-18,22,SABINAS,451.48,571.99,-85.63,-34.87
2020-11-18,23,SABINAS,436.49,586.62,-88,-62.13
2020-11-18,24,SABINAS,445.68,546.04,-84.33,-16.03
2020-11-18,1,SALTILLO,468.52,520.19,-51.67,0
2020-11-18,2,SALTILLO,466.13,510.32,-44.19,0
2020-11-18,3,SALTILLO,453.1,492.35,-39.25,0
2020-11-18,4,SALTILLO,453.51,489.69,-36.19,0
2020-11-18,5,SALTILLO,454.42,489.67,-35.25,0
2020-11-18,6,SALTILLO,458.09,493.39,-35.3,0
2020-11-18,7,SALTILLO,470.02,511.2,-41.18,0
2020-11-18,8,SALTILLO,480.1,522.44,-42.34,0
2020-11-18,9,SALTILLO,476.43,532.22,-55.79,0
2020-11-18,10,SALTILLO,451.21,518.29,-59.57,-7.5
2020-11-18,11,SALTILLO,457.37,517.7,-58.47,-1.86
2020-11-18,12,SALTILLO,459.38,520.62,-59.31,-1.94
2020-11-18,13,SALTILLO,460.81,519.94,-59.13,0
2020-11-18,14,SALTILLO,458.99,521.38,-62.39,0
2020-11-18,15,SALTILLO,459.6,524.01,-64.12,-.3
2020-11-18,16,SALTILLO,461.08,527.97,-66.88,0
2020-11-18,17,SALTILLO,485.47,554.93,-69.45,0
2020-11-18,18,SALTILLO,549.13,618.2,-69.07,0
2020-11-18,19,SALTILLO,470.94,763.58,-88.99,-203.65
2020-11-18,20,SALTILLO,518.52,591.38,-70.16,-2.7
2020-11-18,21,SALTILLO,479.93,575.09,-69.7,-25.46
2020-11-18,22,SALTILLO,466.52,571.99,-66.82,-38.65
2020-11-18,23,SALTILLO,450.31,586.62,-67.49,-68.83
2020-11-18,24,SALTILLO,464.08,546.04,-64.21,-17.76
2020-11-18,1,SALVATIERRA,535.07,520.19,14.88,0
2020-11-18,2,SALVATIERRA,523.93,510.32,13.61,0
2020-11-18,3,SALVATIERRA,504.97,492.35,12.61,0
2020-11-18,4,SALVATIERRA,501.8,489.69,12.1,0
2020-11-18,5,SALVATIERRA,501.67,489.67,12.01,0
2020-11-18,6,SALVATIERRA,506.31,493.39,12.93,0
2020-11-18,7,SALVATIERRA,526.51,511.2,15.31,0
2020-11-18,8,SALVATIERRA,540.58,522.44,18.14,0
2020-11-18,9,SALVATIERRA,551.79,532.22,19.57,0
2020-11-18,10,SALVATIERRA,539.25,518.29,20.5,.47
2020-11-18,11,SALVATIERRA,537.98,517.7,20.16,.12
2020-11-18,12,SALVATIERRA,535.1,520.62,19.04,-4.57
2020-11-18,13,SALVATIERRA,538.37,519.94,18.44,0
2020-11-18,14,SALVATIERRA,540.8,521.38,19.42,0
2020-11-18,15,SALVATIERRA,542.45,524.01,19.14,-.7
2020-11-18,16,SALVATIERRA,550.35,527.97,22.38,0
2020-11-18,17,SALVATIERRA,579.95,554.93,25.02,0
2020-11-18,18,SALVATIERRA,647.55,618.2,29.34,0
2020-11-18,19,SALVATIERRA,807.06,763.58,36.87,6.61
2020-11-18,20,SALVATIERRA,620.23,591.38,28.77,.09
2020-11-18,21,SALVATIERRA,601.48,575.09,25.57,.82
2020-11-18,22,SALVATIERRA,597.35,571.99,24.12,1.25
2020-11-18,23,SALVATIERRA,611.91,586.62,23.07,2.23
2020-11-18,24,SALVATIERRA,564.72,546.04,18.11,.57
2020-11-18,1,SAN CRISTOBAL,554.78,520.19,34.58,0
2020-11-18,2,SAN CRISTOBAL,532.25,510.32,21.93,0
2020-11-18,3,SAN CRISTOBAL,510.72,492.35,18.36,0
2020-11-18,4,SAN CRISTOBAL,509.2,489.69,19.5,0
2020-11-18,5,SAN CRISTOBAL,510.66,489.67,20.99,0
2020-11-18,6,SAN CRISTOBAL,514.26,493.39,20.87,0
2020-11-18,7,SAN CRISTOBAL,529.22,511.2,18.02,0
2020-11-18,8,SAN CRISTOBAL,538.82,522.44,16.38,0
2020-11-18,9,SAN CRISTOBAL,554.68,532.22,22.46,0
2020-11-18,10,SAN CRISTOBAL,539.85,518.29,21.75,-.19
2020-11-18,11,SAN CRISTOBAL,539.76,517.7,22.1,-.05
2020-11-18,12,SAN CRISTOBAL,562.74,520.62,28.26,13.86
2020-11-18,13,SAN CRISTOBAL,545.02,519.94,25.08,0
2020-11-18,14,SAN CRISTOBAL,547.09,521.38,25.71,0
2020-11-18,15,SAN CRISTOBAL,554.73,524.01,28.59,2.13
2020-11-18,16,SAN CRISTOBAL,558.91,527.97,30.95,0
2020-11-18,17,SAN CRISTOBAL,589.08,554.93,34.15,0
2020-11-18,18,SAN CRISTOBAL,665.48,618.2,47.27,0
2020-11-18,19,SAN CRISTOBAL,832.72,763.58,78.12,-8.99
2020-11-18,20,SAN CRISTOBAL,650.5,591.38,59.24,-.12
2020-11-18,21,SAN CRISTOBAL,633.12,575.09,59.15,-1.12
2020-11-18,22,SAN CRISTOBAL,629.47,571.99,59.19,-1.71
2020-11-18,23,SAN CRISTOBAL,638.84,586.62,55.26,-3.04
2020-11-18,24,SAN CRISTOBAL,600.54,546.04,55.28,-.78
2020-11-18,1,SAN JUAN DEL RIO,527.94,520.19,7.75,0
2020-11-18,2,SAN JUAN DEL RIO,516.28,510.32,5.96,0
2020-11-18,3,SAN JUAN DEL RIO,497.67,492.35,5.31,0
2020-11-18,4,SAN JUAN DEL RIO,495.13,489.69,5.43,0
2020-11-18,5,SAN JUAN DEL RIO,495.29,489.67,5.63,0
2020-11-18,6,SAN JUAN DEL RIO,498.66,493.39,5.28,0
2020-11-18,7,SAN JUAN DEL RIO,517.69,511.2,6.49,0
2020-11-18,8,SAN JUAN DEL RIO,530.5,522.44,8.06,0
2020-11-18,9,SAN JUAN DEL RIO,543.08,532.22,10.86,0
2020-11-18,10,SAN JUAN DEL RIO,529.55,518.29,11.31,-.05
2020-11-18,11,SAN JUAN DEL RIO,529.35,517.7,11.66,-.01
2020-11-18,12,SAN JUAN DEL RIO,534.51,520.62,11.91,1.98
2020-11-18,13,SAN JUAN DEL RIO,531.07,519.94,11.14,0
2020-11-18,14,SAN JUAN DEL RIO,532.4,521.38,11.02,0
2020-11-18,15,SAN JUAN DEL RIO,536.13,524.01,11.81,.31
2020-11-18,16,SAN JUAN DEL RIO,539.87,527.97,11.91,0
2020-11-18,17,SAN JUAN DEL RIO,565.51,554.93,10.59,0
2020-11-18,18,SAN JUAN DEL RIO,619.97,618.2,1.76,0
2020-11-18,19,SAN JUAN DEL RIO,763.14,763.58,-.43,-.02
2020-11-18,20,SAN JUAN DEL RIO,595.39,591.38,4.02,0
2020-11-18,21,SAN JUAN DEL RIO,584.29,575.09,9.2,0
2020-11-18,22,SAN JUAN DEL RIO,581.22,571.99,9.24,-.01
2020-11-18,23,SAN JUAN DEL RIO,591.15,586.62,4.54,-.01
2020-11-18,24,SAN JUAN DEL RIO,554.93,546.04,8.9,0
2020-11-18,1,SAN LUIS POTOSI,517.02,520.19,-3.18,0
2020-11-18,2,SAN LUIS POTOSI,509.49,510.32,-.83,0
2020-11-18,3,SAN LUIS POTOSI,492.01,492.35,-.34,0
2020-11-18,4,SAN LUIS POTOSI,489.5,489.69,-.19,0
2020-11-18,5,SAN LUIS POTOSI,489.46,489.67,-.21,0
2020-11-18,6,SAN LUIS POTOSI,493.74,493.39,.35,0
2020-11-18,7,SAN LUIS POTOSI,510.47,511.2,-.73,0
2020-11-18,8,SAN LUIS POTOSI,520.6,522.44,-1.85,0
2020-11-18,9,SAN LUIS POTOSI,525.78,532.22,-6.44,0
2020-11-18,10,SAN LUIS POTOSI,510.53,518.29,-7.14,-.62
2020-11-18,11,SAN LUIS POTOSI,509.71,517.7,-7.84,-.15
2020-11-18,12,SAN LUIS POTOSI,508.91,520.62,-9.98,-1.73
2020-11-18,13,SAN LUIS POTOSI,509.95,519.94,-9.99,0
2020-11-18,14,SAN LUIS POTOSI,510.41,521.38,-10.97,0
2020-11-18,15,SAN LUIS POTOSI,512.01,524.01,-11.74,-.27
2020-11-18,16,SAN LUIS POTOSI,516.36,527.97,-11.6,0
2020-11-18,17,SAN LUIS POTOSI,544.53,554.93,-10.4,0
2020-11-18,18,SAN LUIS POTOSI,612.62,618.2,-5.58,0
2020-11-18,19,SAN LUIS POTOSI,767.05,763.58,-11.08,14.54
2020-11-18,20,SAN LUIS POTOSI,581.18,591.38,-10.39,.19
2020-11-18,21,SAN LUIS POTOSI,566.43,575.09,-10.48,1.82
2020-11-18,22,SAN LUIS POTOSI,565.19,571.99,-9.56,2.76
2020-11-18,23,SAN LUIS POTOSI,583.57,586.62,-7.96,4.91
2020-11-18,24,SAN LUIS POTOSI,541.52,546.04,-5.78,1.27
2020-11-18,1,SAN MARTIN,532.08,520.19,11.89,0
2020-11-18,2,SAN MARTIN,518.22,510.32,7.9,0
2020-11-18,3,SAN MARTIN,499.22,492.35,6.87,0
2020-11-18,4,SAN MARTIN,496.74,489.69,7.04,0
2020-11-18,5,SAN MARTIN,496.78,489.67,7.11,0
2020-11-18,6,SAN MARTIN,500.1,493.39,6.72,0
2020-11-18,7,SAN MARTIN,518.04,511.2,6.83,0
2020-11-18,8,SAN MARTIN,531.01,522.44,8.57,0
2020-11-18,9,SAN MARTIN,545.86,532.22,13.65,0
2020-11-18,10,SAN MARTIN,532.64,518.29,14.54,-.19
2020-11-18,11,SAN MARTIN,531.86,517.7,14.21,-.05
2020-11-18,12,SAN MARTIN,549.01,520.62,17.16,11.23
2020-11-18,13,SAN MARTIN,535.55,519.94,15.61,0
2020-11-18,14,SAN MARTIN,537.25,521.38,15.88,0
2020-11-18,15,SAN MARTIN,542.93,524.01,17.2,1.72
2020-11-18,16,SAN MARTIN,546.17,527.97,18.2,0
2020-11-18,17,SAN MARTIN,573.41,554.93,18.48,0
2020-11-18,18,SAN MARTIN,636.55,618.2,18.35,0
2020-11-18,19,SAN MARTIN,783.88,763.58,28.87,-8.58
2020-11-18,20,SAN MARTIN,613.91,591.38,22.65,-.11
2020-11-18,21,SAN MARTIN,596.35,575.09,22.34,-1.07
2020-11-18,22,SAN MARTIN,591.12,571.99,20.76,-1.63
2020-11-18,23,SAN MARTIN,603.79,586.62,20.07,-2.9
2020-11-18,24,SAN MARTIN,564.59,546.04,19.3,-.75
2020-11-18,1,TAMPICO,490.9,520.19,-29.3,0
2020-11-18,2,TAMPICO,486.29,510.32,-24.03,0
2020-11-18,3,TAMPICO,470.83,492.35,-21.52,0
2020-11-18,4,TAMPICO,468.67,489.69,-21.03,0
2020-11-18,5,TAMPICO,468.78,489.67,-20.89,0
2020-11-18,6,TAMPICO,472.25,493.39,-21.14,0
2020-11-18,7,TAMPICO,487.15,511.2,-24.05,0
2020-11-18,8,TAMPICO,493.65,522.44,-28.79,0
2020-11-18,9,TAMPICO,500.17,532.22,-32.05,0
2020-11-18,10,TAMPICO,486.52,518.29,-30.28,-1.48
2020-11-18,11,TAMPICO,488.27,517.7,-29.07,-.37
2020-11-18,12,TAMPICO,491.24,520.62,-32.05,2.67
2020-11-18,13,TAMPICO,489.43,519.94,-30.51,0
2020-11-18,14,TAMPICO,491.31,521.38,-30.06,0
2020-11-18,15,TAMPICO,491.79,524.01,-32.63,.41
2020-11-18,16,TAMPICO,494.05,527.97,-33.92,0
2020-11-18,17,TAMPICO,516.89,554.93,-38.04,0
2020-11-18,18,TAMPICO,574.31,618.2,-43.89,0
2020-11-18,19,TAMPICO,676.55,763.58,-55.91,-31.13
2020-11-18,20,TAMPICO,546.63,591.38,-44.33,-.41
2020-11-18,21,TAMPICO,529.27,575.09,-41.91,-3.91
2020-11-18,22,TAMPICO,524.01,571.99,-42.03,-5.95
2020-11-18,23,TAMPICO,534.17,586.62,-41.79,-10.66
2020-11-18,24,TAMPICO,507.9,546.04,-35.41,-2.74
2020-11-18,1,TAPACHULA,537.37,520.19,17.17,0
2020-11-18,2,TAPACHULA,515.93,510.32,5.61,0
2020-11-18,3,TAPACHULA,491.94,492.35,-.42,0
2020-11-18,4,TAPACHULA,489.98,489.69,.29,0
2020-11-18,5,TAPACHULA,493.96,489.67,4.3,0
2020-11-18,6,TAPACHULA,496.27,493.39,2.88,0
2020-11-18,7,TAPACHULA,509.25,511.2,-1.96,0
2020-11-18,8,TAPACHULA,519.18,522.44,-3.26,0
2020-11-18,9,TAPACHULA,535.49,532.22,3.28,0
2020-11-18,10,TAPACHULA,521.52,518.29,3.43,-.19
2020-11-18,11,TAPACHULA,522.18,517.7,4.52,-.05
2020-11-18,12,TAPACHULA,545.2,520.62,10.61,13.96
2020-11-18,13,TAPACHULA,527.61,519.94,7.67,0
2020-11-18,14,TAPACHULA,529.57,521.38,8.19,0
2020-11-18,15,TAPACHULA,536.65,524.01,10.49,2.15
2020-11-18,16,TAPACHULA,539.72,527.97,11.76,0
2020-11-18,17,TAPACHULA,566.2,554.93,11.28,0
2020-11-18,18,TAPACHULA,637.03,618.2,18.83,0
2020-11-18,19,TAPACHULA,786.7,763.58,32.1,-8.98
2020-11-18,20,TAPACHULA,615.75,591.38,24.49,-.12
2020-11-18,21,TAPACHULA,601.57,575.09,27.6,-1.12
2020-11-18,22,TAPACHULA,598.64,571.99,28.36,-1.7
2020-11-18,23,TAPACHULA,608.03,586.62,24.45,-3.04
2020-11-18,24,TAPACHULA,576.01,546.04,30.75,-.78
2020-11-18,1,TECAMACHALCO,532.71,520.19,12.52,0
2020-11-18,2,TECAMACHALCO,517.93,510.32,7.61,0
2020-11-18,3,TECAMACHALCO,498.26,492.35,5.91,0
2020-11-18,4,TECAMACHALCO,495.46,489.69,5.76,0
2020-11-18,5,TECAMACHALCO,495.12,489.67,5.46,0
2020-11-18,6,TECAMACHALCO,497.86,493.39,4.48,0
2020-11-18,7,TECAMACHALCO,515.48,511.2,4.28,0
2020-11-18,8,TECAMACHALCO,528.86,522.44,6.42,0
2020-11-18,9,TECAMACHALCO,544.77,532.22,12.55,0
2020-11-18,10,TECAMACHALCO,532.19,518.29,14.12,-.21
2020-11-18,11,TECAMACHALCO,532.33,517.7,14.68,-.05
2020-11-18,12,TECAMACHALCO,551.2,520.62,18.14,12.43
2020-11-18,13,TECAMACHALCO,536.16,519.94,16.22,0
2020-11-18,14,TECAMACHALCO,537.37,521.38,15.99,0
2020-11-18,15,TECAMACHALCO,543.55,524.01,17.65,1.9
2020-11-18,16,TECAMACHALCO,546.23,527.97,18.26,0
2020-11-18,17,TECAMACHALCO,572.89,554.93,17.96,0
2020-11-18,18,TECAMACHALCO,637.29,618.2,19.09,0
2020-11-18,19,TECAMACHALCO,784.77,763.58,30.32,-9.14
2020-11-18,20,TECAMACHALCO,614.7,591.38,23.44,-.12
2020-11-18,21,TECAMACHALCO,596.61,575.09,22.66,-1.14
2020-11-18,22,TECAMACHALCO,590.87,571.99,20.61,-1.73
2020-11-18,23,TECAMACHALCO,603.08,586.62,19.55,-3.08
2020-11-18,24,TECAMACHALCO,564.23,546.04,18.98,-.79
2020-11-18,1,TEHUACAN,542.95,520.19,22.76,0
2020-11-18,2,TEHUACAN,527.85,510.32,17.53,0
2020-11-18,3,TEHUACAN,506.57,492.35,14.21,0
2020-11-18,4,TEHUACAN,504.25,489.69,14.55,0
2020-11-18,5,TEHUACAN,503.34,489.67,13.67,0
2020-11-18,6,TEHUACAN,505.84,493.39,12.45,0
2020-11-18,7,TEHUACAN,523.72,511.2,12.52,0
2020-11-18,8,TEHUACAN,537.21,522.44,14.77,0
2020-11-18,9,TEHUACAN,553.65,532.22,21.43,0
2020-11-18,10,TEHUACAN,541.12,518.29,23.03,-.2
2020-11-18,11,TEHUACAN,541.61,517.7,23.96,-.05
2020-11-18,12,TEHUACAN,561.06,520.62,27.78,12.65
2020-11-18,13,TEHUACAN,545.55,519.94,25.61,0
2020-11-18,14,TEHUACAN,546.65,521.38,25.28,0
2020-11-18,15,TEHUACAN,553.13,524.01,27.18,1.94
2020-11-18,16,TEHUACAN,556.11,527.97,28.14,0
2020-11-18,17,TEHUACAN,583.25,554.93,28.32,0
2020-11-18,18,TEHUACAN,648.71,618.2,30.51,0
2020-11-18,19,TEHUACAN,800.09,763.58,45.47,-8.96
2020-11-18,20,TEHUACAN,626.3,591.38,35.05,-.12
2020-11-18,21,TEHUACAN,607.86,575.09,33.89,-1.12
2020-11-18,22,TEHUACAN,602.48,571.99,32.19,-1.7
2020-11-18,23,TEHUACAN,614.57,586.62,30.99,-3.03
2020-11-18,24,TEHUACAN,575.35,546.04,30.09,-.78
2020-11-18,1,TEHUANTEPEC,511.15,520.19,-9.05,0
2020-11-18,2,TEHUANTEPEC,479.79,510.32,-30.53,0
2020-11-18,3,TEHUANTEPEC,460.88,492.35,-31.48,0
2020-11-18,4,TEHUANTEPEC,464.59,489.69,-25.1,0
2020-11-18,5,TEHUANTEPEC,467.24,489.67,-22.43,0
2020-11-18,6,TEHUANTEPEC,463.26,493.39,-30.13,0
2020-11-18,7,TEHUANTEPEC,475.6,511.2,-35.6,0
2020-11-18,8,TEHUANTEPEC,488.14,522.44,-34.3,0
2020-11-18,9,TEHUANTEPEC,502.09,532.22,-30.13,0
2020-11-18,10,TEHUANTEPEC,484.61,518.29,-33.49,-.19
2020-11-18,11,TEHUANTEPEC,484.1,517.7,-33.56,-.05
2020-11-18,12,TEHUANTEPEC,511.5,520.62,-25.25,16.13
2020-11-18,13,TEHUANTEPEC,488.8,519.94,-31.14,0
2020-11-18,14,TEHUANTEPEC,492.43,521.38,-28.94,0
2020-11-18,15,TEHUANTEPEC,503.95,524.01,-22.54,2.48
2020-11-18,16,TEHUANTEPEC,505.84,527.97,-22.13,0
2020-11-18,17,TEHUANTEPEC,530.45,554.93,-24.47,0
2020-11-18,18,TEHUANTEPEC,590.17,618.2,-28.04,0
2020-11-18,19,TEHUANTEPEC,736.55,763.58,-18.09,-8.94
2020-11-18,20,TEHUANTEPEC,576.23,591.38,-15.03,-.12
2020-11-18,21,TEHUANTEPEC,562.32,575.09,-11.65,-1.12
2020-11-18,22,TEHUANTEPEC,562.58,571.99,-7.71,-1.7
2020-11-18,23,TEHUANTEPEC,569.72,586.62,-13.87,-3.02
2020-11-18,24,TEHUANTEPEC,539.1,546.04,-6.16,-.78
2020-11-18,1,TEPIC VALLARTA,532.01,520.19,11.81,0
2020-11-18,2,TEPIC VALLARTA,521.46,510.32,11.14,0
2020-11-18,3,TEPIC VALLARTA,502.5,492.35,10.14,0
2020-11-18,4,TEPIC VALLARTA,499,489.69,9.31,0
2020-11-18,5,TEPIC VALLARTA,496.67,489.67,7,0
2020-11-18,6,TEPIC VALLARTA,499.73,493.39,6.34,0
2020-11-18,7,TEPIC VALLARTA,516.92,511.2,5.72,0
2020-11-18,8,TEPIC VALLARTA,530.33,522.44,7.89,0
2020-11-18,9,TEPIC VALLARTA,533.9,532.22,1.69,0
2020-11-18,10,TEPIC VALLARTA,525.12,518.29,-2.33,9.16
2020-11-18,11,TEPIC VALLARTA,519.26,517.7,-.72,2.28
2020-11-18,12,TEPIC VALLARTA,515.42,520.62,.86,-6.06
2020-11-18,13,TEPIC VALLARTA,522.49,519.94,2.55,0
2020-11-18,14,TEPIC VALLARTA,524.37,521.38,3,0
2020-11-18,15,TEPIC VALLARTA,527.4,524.01,4.32,-.93
2020-11-18,16,TEPIC VALLARTA,534.13,527.97,6.17,0
2020-11-18,17,TEPIC VALLARTA,565.93,554.93,11.01,0
2020-11-18,18,TEPIC VALLARTA,639.56,618.2,21.36,0
2020-11-18,19,TEPIC VALLARTA,763.48,763.58,13.36,-13.47
2020-11-18,20,TEPIC VALLARTA,600.97,591.38,9.77,-.18
2020-11-18,21,TEPIC VALLARTA,580.67,575.09,7.26,-1.68
2020-11-18,22,TEPIC VALLARTA,591.34,571.99,21.91,-2.56
2020-11-18,23,TEPIC VALLARTA,605,586.62,22.95,-4.57
2020-11-18,24,TEPIC VALLARTA,559.93,546.04,15.08,-1.18
2020-11-18,1,TEZIUTLAN,525.52,520.19,5.32,0
2020-11-18,2,TEZIUTLAN,512.82,510.32,2.5,0
2020-11-18,3,TEZIUTLAN,495.45,492.35,3.1,0
2020-11-18,4,TEZIUTLAN,492.52,489.69,2.83,0
2020-11-18,5,TEZIUTLAN,492.6,489.67,2.94,0
2020-11-18,6,TEZIUTLAN,493.41,493.39,.02,0
2020-11-18,7,TEZIUTLAN,509.97,511.2,-1.24,0
2020-11-18,8,TEZIUTLAN,521.42,522.44,-1.02,0
2020-11-18,9,TEZIUTLAN,534.64,532.22,2.42,0
2020-11-18,10,TEZIUTLAN,521.51,518.29,3.66,-.44
2020-11-18,11,TEZIUTLAN,521.81,517.7,4.22,-.11
2020-11-18,12,TEZIUTLAN,535.34,520.62,6.09,8.62
2020-11-18,13,TEZIUTLAN,525.26,519.94,5.32,0
2020-11-18,14,TEZIUTLAN,526.58,521.38,5.2,0
2020-11-18,15,TEZIUTLAN,530.91,524.01,5.58,1.32
2020-11-18,16,TEZIUTLAN,533.88,527.97,5.91,0
2020-11-18,17,TEZIUTLAN,559.51,554.93,4.58,0
2020-11-18,18,TEZIUTLAN,623.89,618.2,5.68,0
2020-11-18,19,TEZIUTLAN,761.4,763.58,10.7,-12.88
2020-11-18,20,TEZIUTLAN,600.34,591.38,9.14,-.17
2020-11-18,21,TEZIUTLAN,581.81,575.09,8.33,-1.61
2020-11-18,22,TEZIUTLAN,575.31,571.99,5.78,-2.45
2020-11-18,23,TEZIUTLAN,586.91,586.62,4.65,-4.36
2020-11-18,24,TEZIUTLAN,549.09,546.04,4.18,-1.13
2020-11-18,1,TICUL,555.51,520.19,35.32,0
2020-11-18,2,TICUL,530.97,510.32,20.65,0
2020-11-18,3,TICUL,510.64,492.35,18.28,0
2020-11-18,4,TICUL,507.65,489.69,17.95,0
2020-11-18,5,TICUL,506.1,489.67,16.43,0
2020-11-18,6,TICUL,510.24,493.39,16.85,0
2020-11-18,7,TICUL,518.42,511.2,7.22,0
2020-11-18,8,TICUL,529.05,522.44,6.61,0
2020-11-18,9,TICUL,547.21,532.22,14.99,0
2020-11-18,10,TICUL,535.83,518.29,17.74,-.19
2020-11-18,11,TICUL,539.01,517.7,21.36,-.05
2020-11-18,12,TICUL,562.58,520.62,28.14,13.82
2020-11-18,13,TICUL,546.62,519.94,26.68,0
2020-11-18,14,TICUL,549.92,521.38,28.54,0
2020-11-18,15,TICUL,556.86,524.01,30.73,2.12
2020-11-18,16,TICUL,558.52,527.97,30.55,0
2020-11-18,17,TICUL,586.03,554.93,31.1,0
2020-11-18,18,TICUL,660.32,618.2,42.12,0
2020-11-18,19,TICUL,816.53,763.58,61.93,-8.99
2020-11-18,20,TICUL,637.15,591.38,45.9,-.12
2020-11-18,21,TICUL,623.12,575.09,49.16,-1.12
2020-11-18,22,TICUL,635,571.99,64.72,-1.71
2020-11-18,23,TICUL,648.52,586.62,64.94,-3.04
2020-11-18,24,TICUL,611.56,546.04,66.3,-.78
2020-11-18,1,TLAXCALA,532.7,520.19,12.51,0
2020-11-18,2,TLAXCALA,518.99,510.32,8.67,0
2020-11-18,3,TLAXCALA,500.31,492.35,7.95,0
2020-11-18,4,TLAXCALA,497.17,489.69,7.48,0
2020-11-18,5,TLAXCALA,497.43,489.67,7.76,0
2020-11-18,6,TLAXCALA,500,493.39,6.62,0
2020-11-18,7,TLAXCALA,517.84,511.2,6.64,0
2020-11-18,8,TLAXCALA,530.94,522.44,8.5,0
2020-11-18,9,TLAXCALA,545.68,532.22,13.46,0
2020-11-18,10,TLAXCALA,532.32,518.29,14.25,-.22
2020-11-18,11,TLAXCALA,531.74,517.7,14.09,-.06
2020-11-18,12,TLAXCALA,548.04,520.62,16.73,10.69
2020-11-18,13,TLAXCALA,534.73,519.94,14.79,0
2020-11-18,14,TLAXCALA,536.13,521.38,14.76,0
2020-11-18,15,TLAXCALA,541.6,524.01,15.95,1.64
2020-11-18,16,TLAXCALA,544.46,527.97,16.49,0
2020-11-18,17,TLAXCALA,571.56,554.93,16.63,0
2020-11-18,18,TLAXCALA,636.2,618.2,17.99,0
2020-11-18,19,TLAXCALA,783.23,763.58,28.84,-9.19
2020-11-18,20,TLAXCALA,613.96,591.38,22.71,-.12
2020-11-18,21,TLAXCALA,596.01,575.09,22.07,-1.15
2020-11-18,22,TLAXCALA,590.12,571.99,19.88,-1.74
2020-11-18,23,TLAXCALA,602.43,586.62,18.92,-3.11
2020-11-18,24,TLAXCALA,563.09,546.04,17.86,-.8
2020-11-18,1,TUXTLA,531.02,520.19,10.83,0
2020-11-18,2,TUXTLA,510.32,510.32,0,0
2020-11-18,3,TUXTLA,489.09,492.35,-3.26,0
2020-11-18,4,TUXTLA,487.3,489.69,-2.4,0
2020-11-18,5,TUXTLA,488.41,489.67,-1.26,0
2020-11-18,6,TUXTLA,490.63,493.39,-2.76,0
2020-11-18,7,TUXTLA,504.12,511.2,-7.08,0
2020-11-18,8,TUXTLA,515,522.44,-7.44,0
2020-11-18,9,TUXTLA,531.01,532.22,-1.21,0
2020-11-18,10,TUXTLA,517.46,518.29,-.63,-.19
2020-11-18,11,TUXTLA,517.71,517.7,.06,-.05
2020-11-18,12,TUXTLA,540.47,520.62,5.92,13.92
2020-11-18,13,TUXTLA,523.18,519.94,3.24,0
2020-11-18,14,TUXTLA,525.24,521.38,3.87,0
2020-11-18,15,TUXTLA,532.38,524.01,6.24,2.14
2020-11-18,16,TUXTLA,535.17,527.97,7.2,0
2020-11-18,17,TUXTLA,561.19,554.93,6.26,0
2020-11-18,18,TUXTLA,628.15,618.2,9.95,0
2020-11-18,19,TUXTLA,775.78,763.58,21.18,-8.98
2020-11-18,20,TUXTLA,607.03,591.38,15.77,-.12
2020-11-18,21,TUXTLA,594.3,575.09,20.33,-1.12
2020-11-18,22,TUXTLA,594.78,571.99,24.5,-1.71
2020-11-18,23,TUXTLA,606.91,586.62,23.33,-3.04
2020-11-18,24,TUXTLA,574.04,546.04,28.79,-.78
2020-11-18,1,URUAPAN,540.29,520.19,20.1,0
2020-11-18,2,URUAPAN,528.54,510.32,18.22,0
2020-11-18,3,URUAPAN,509.24,492.35,16.89,0
2020-11-18,4,URUAPAN,506.64,489.69,16.95,0
2020-11-18,5,URUAPAN,506.09,489.67,16.42,0
2020-11-18,6,URUAPAN,510.36,493.39,16.97,0
2020-11-18,7,URUAPAN,530.14,511.2,18.94,0
2020-11-18,8,URUAPAN,544.59,522.44,22.15,0
2020-11-18,9,URUAPAN,556.53,532.22,24.32,0
2020-11-18,10,URUAPAN,544.09,518.29,24.43,1.38
2020-11-18,11,URUAPAN,542.54,517.7,24.5,.34
2020-11-18,12,URUAPAN,533.8,520.62,26.17,-13
2020-11-18,13,URUAPAN,546.8,519.94,26.87,0
2020-11-18,14,URUAPAN,547.87,521.38,26.49,0
2020-11-18,15,URUAPAN,549.99,524.01,27.97,-1.99
2020-11-18,16,URUAPAN,556.88,527.97,28.91,0
2020-11-18,17,URUAPAN,586.68,554.93,31.75,0
2020-11-18,18,URUAPAN,653.78,618.2,35.57,0
2020-11-18,19,URUAPAN,812.61,763.58,41.32,7.7
2020-11-18,20,URUAPAN,623.66,591.38,32.18,.1
2020-11-18,21,URUAPAN,604.45,575.09,28.4,.96
2020-11-18,22,URUAPAN,601.64,571.99,28.19,1.46
2020-11-18,23,URUAPAN,618.96,586.62,29.74,2.6
2020-11-18,24,URUAPAN,571.03,546.04,24.32,.67
2020-11-18,1,VDM CENTRO,538.71,520.19,18.52,0
2020-11-18,2,VDM CENTRO,524.74,510.32,14.43,0
2020-11-18,3,VDM CENTRO,505.58,492.35,13.22,0
2020-11-18,4,VDM CENTRO,502.86,489.69,13.17,0
2020-11-18,5,VDM CENTRO,502.86,489.67,13.19,0
2020-11-18,6,VDM CENTRO,506.72,493.39,13.33,0
2020-11-18,7,VDM CENTRO,525.82,511.2,14.62,0
2020-11-18,8,VDM CENTRO,539.41,522.44,16.97,0
2020-11-18,9,VDM CENTRO,554.49,532.22,22.27,0
2020-11-18,10,VDM CENTRO,542.08,518.29,23.89,-.09
2020-11-18,11,VDM CENTRO,542.36,517.7,24.68,-.02
2020-11-18,12,VDM CENTRO,556.62,520.62,27.32,8.68
2020-11-18,13,VDM CENTRO,546.19,519.94,26.25,0
2020-11-18,14,VDM CENTRO,547.57,521.38,26.2,0
2020-11-18,15,VDM CENTRO,552.9,524.01,27.56,1.33
2020-11-18,16,VDM CENTRO,556.23,527.97,28.27,0
2020-11-18,17,VDM CENTRO,583.34,554.93,28.42,0
2020-11-18,18,VDM CENTRO,647.4,618.2,29.19,0
2020-11-18,19,VDM CENTRO,797.32,763.58,40.95,-7.21
2020-11-18,20,VDM CENTRO,623.66,591.38,32.38,-.1
2020-11-18,21,VDM CENTRO,605.28,575.09,31.09,-.9
2020-11-18,22,VDM CENTRO,599.23,571.99,28.61,-1.37
2020-11-18,23,VDM CENTRO,612.13,586.62,27.96,-2.44
2020-11-18,24,VDM CENTRO,570.39,546.04,24.98,-.63
2020-11-18,1,VDM NORTE,538.2,520.19,18.01,0
2020-11-18,2,VDM NORTE,524.54,510.32,14.22,0
2020-11-18,3,VDM NORTE,505.48,492.36,13.13,0
2020-11-18,4,VDM NORTE,502.86,489.69,13.16,0
2020-11-18,5,VDM NORTE,502.84,489.67,13.17,0
2020-11-18,6,VDM NORTE,506.62,493.39,13.24,0
2020-11-18,7,VDM NORTE,525.59,511.2,14.38,0
2020-11-18,8,VDM NORTE,539.02,522.44,16.58,0
2020-11-18,9,VDM NORTE,553.74,532.22,21.52,0
2020-11-18,10,VDM NORTE,541.09,518.29,22.89,-.09
2020-11-18,11,VDM NORTE,541.22,517.7,23.54,-.02
2020-11-18,12,VDM NORTE,554.8,520.63,26.05,8.13
2020-11-18,13,VDM NORTE,544.78,519.94,24.84,0
2020-11-18,14,VDM NORTE,546.1,521.38,24.72,0
2020-11-18,15,VDM NORTE,551.26,524.01,26,1.25
2020-11-18,16,VDM NORTE,554.61,527.97,26.65,0
2020-11-18,17,VDM NORTE,581.6,554.93,26.67,0
2020-11-18,18,VDM NORTE,645.17,618.2,26.96,0
2020-11-18,19,VDM NORTE,794.06,763.58,37.48,-7.01
2020-11-18,20,VDM NORTE,621.04,591.38,29.76,-.09
2020-11-18,21,VDM NORTE,602.89,575.09,28.67,-.88
2020-11-18,22,VDM NORTE,597.01,571.99,26.35,-1.33
2020-11-18,23,VDM NORTE,610.19,586.62,25.94,-2.37
2020-11-18,24,VDM NORTE,569.05,546.04,23.62,-.61
2020-11-18,1,VDM SUR,541.86,520.19,21.67,0
2020-11-18,2,VDM SUR,527.97,510.32,17.66,0
2020-11-18,3,VDM SUR,508.68,492.35,16.32,0
2020-11-18,4,VDM SUR,505.93,489.69,16.24,0
2020-11-18,5,VDM SUR,505.94,489.67,16.27,0
2020-11-18,6,VDM SUR,509.73,493.39,16.34,0
2020-11-18,7,VDM SUR,528.89,511.2,17.69,0
2020-11-18,8,VDM SUR,542.67,522.44,20.23,0
2020-11-18,9,VDM SUR,557.75,532.22,25.53,0
2020-11-18,10,VDM SUR,545.33,518.29,27.1,-.06
2020-11-18,11,VDM SUR,545.41,517.7,27.72,-.01
2020-11-18,12,VDM SUR,561.18,520.63,30.45,10.1
2020-11-18,13,VDM SUR,549.27,519.94,29.33,0
2020-11-18,14,VDM SUR,550.54,521.38,29.17,0
2020-11-18,15,VDM SUR,556.27,524.01,30.71,1.55
2020-11-18,16,VDM SUR,559.24,527.97,31.28,0
2020-11-18,17,VDM SUR,586.56,554.93,31.64,0
2020-11-18,18,VDM SUR,650.89,618.2,32.69,0
2020-11-18,19,VDM SUR,801.48,763.58,44.86,-6.96
2020-11-18,20,VDM SUR,626.64,591.38,35.36,-.09
2020-11-18,21,VDM SUR,608.08,575.09,33.86,-.87
2020-11-18,22,VDM SUR,601.88,571.99,31.21,-1.32
2020-11-18,23,VDM SUR,615.47,586.62,31.2,-2.35
2020-11-18,24,VDM SUR,573.57,546.04,28.13,-.61
2020-11-18,1,VERACRUZ,527.08,520.19,6.89,0
2020-11-18,2,VERACRUZ,509.43,510.32,-.89,0
2020-11-18,3,VERACRUZ,490.5,492.35,-1.86,0
2020-11-18,4,VERACRUZ,488.37,489.69,-1.32,0
2020-11-18,5,VERACRUZ,488.38,489.67,-1.29,0
2020-11-18,6,VERACRUZ,490.81,493.39,-2.58,0
2020-11-18,7,VERACRUZ,507.22,511.2,-3.99,0
2020-11-18,8,VERACRUZ,518.68,522.44,-3.76,0
2020-11-18,9,VERACRUZ,533.99,532.22,1.77,0
2020-11-18,10,VERACRUZ,523.29,518.29,5.26,-.26
2020-11-18,11,VERACRUZ,524.05,517.7,6.4,-.06
2020-11-18,12,VERACRUZ,543.19,520.62,10.17,12.39
2020-11-18,13,VERACRUZ,528.42,519.94,8.48,0
2020-11-18,14,VERACRUZ,530.14,521.38,8.76,0
2020-11-18,15,VERACRUZ,536.28,524.01,10.37,1.9
2020-11-18,16,VERACRUZ,538.24,527.97,10.27,0
2020-11-18,17,VERACRUZ,564.12,554.93,9.19,0
2020-11-18,18,VERACRUZ,627.4,618.2,9.19,0
2020-11-18,19,VERACRUZ,768.8,763.58,15.42,-10.2
2020-11-18,20,VERACRUZ,603.02,591.38,11.78,-.14
2020-11-18,21,VERACRUZ,586.55,575.09,12.73,-1.28
2020-11-18,22,VERACRUZ,582.06,571.99,12,-1.94
2020-11-18,23,VERACRUZ,594.03,586.62,10.87,-3.46
2020-11-18,24,VERACRUZ,557.28,546.04,12.14,-.89
2020-11-18,1,VICTORIA,479.73,520.19,-40.46,0
2020-11-18,2,VICTORIA,477.08,510.32,-33.24,0
2020-11-18,3,VICTORIA,462.94,492.35,-29.41,0
2020-11-18,4,VICTORIA,461.91,489.69,-27.79,0
2020-11-18,5,VICTORIA,462.27,489.67,-27.4,0
2020-11-18,6,VICTORIA,465.99,493.39,-27.4,0
2020-11-18,7,VICTORIA,479.95,511.2,-31.26,0
2020-11-18,8,VICTORIA,487.51,522.44,-34.93,0
2020-11-18,9,VICTORIA,490.78,532.22,-41.44,0
2020-11-18,10,VICTORIA,473.73,518.29,-40.58,-3.98
2020-11-18,11,VICTORIA,477.22,517.7,-39.49,-.99
2020-11-18,12,VICTORIA,481.91,520.62,-39.15,.43
2020-11-18,13,VICTORIA,481.74,519.94,-38.19,0
2020-11-18,14,VICTORIA,482.58,521.38,-38.8,0
2020-11-18,15,VICTORIA,482.86,524.01,-41.22,.07
2020-11-18,16,VICTORIA,482.34,527.97,-45.63,0
2020-11-18,17,VICTORIA,504.66,554.93,-50.26,0
2020-11-18,18,VICTORIA,563.52,618.2,-54.69,0
2020-11-18,19,VICTORIA,593.93,763.58,-70.3,-99.36
2020-11-18,20,VICTORIA,533.32,591.38,-56.74,-1.32
2020-11-18,21,VICTORIA,508.15,575.09,-54.52,-12.42
2020-11-18,22,VICTORIA,500.1,571.99,-53.04,-18.85
2020-11-18,23,VICTORIA,500.06,586.62,-52.98,-33.58
2020-11-18,24,VICTORIA,488.47,546.04,-48.9,-8.67
2020-11-18,1,VILLAHERMOSA,528.68,520.19,8.48,0
2020-11-18,2,VILLAHERMOSA,506.92,510.32,-3.4,0
2020-11-18,3,VILLAHERMOSA,486.1,492.35,-6.26,0
2020-11-18,4,VILLAHERMOSA,483.82,489.69,-5.87,0
2020-11-18,5,VILLAHERMOSA,483.4,489.67,-6.27,0
2020-11-18,6,VILLAHERMOSA,485.35,493.39,-8.04,0
2020-11-18,7,VILLAHERMOSA,497.62,511.2,-13.58,0
2020-11-18,8,VILLAHERMOSA,508.15,522.44,-14.3,0
2020-11-18,9,VILLAHERMOSA,524.49,532.22,-7.73,0
2020-11-18,10,VILLAHERMOSA,511.49,518.29,-6.61,-.19
2020-11-18,11,VILLAHERMOSA,512.09,517.7,-5.57,-.05
2020-11-18,12,VILLAHERMOSA,534.78,520.62,.33,13.82
2020-11-18,13,VILLAHERMOSA,517.54,519.94,-2.39,0
2020-11-18,14,VILLAHERMOSA,519.74,521.38,-1.64,0
2020-11-18,15,VILLAHERMOSA,526.65,524.01,.52,2.12
2020-11-18,16,VILLAHERMOSA,529.08,527.97,1.12,0
2020-11-18,17,VILLAHERMOSA,554.47,554.93,-.46,0
2020-11-18,18,VILLAHERMOSA,621.03,618.2,2.82,0
2020-11-18,19,VILLAHERMOSA,768.87,763.58,14.27,-8.99
2020-11-18,20,VILLAHERMOSA,602.16,591.38,10.9,-.12
2020-11-18,21,VILLAHERMOSA,590.16,575.09,16.19,-1.12
2020-11-18,22,VILLAHERMOSA,593.38,571.99,23.1,-1.71
2020-11-18,23,VILLAHERMOSA,605.47,586.62,21.89,-3.04
2020-11-18,24,VILLAHERMOSA,572.68,546.04,27.43,-.78
2020-11-18,1,XALAPA,530.11,520.19,9.92,0
2020-11-18,2,XALAPA,516.03,510.32,5.71,0
2020-11-18,3,XALAPA,497.87,492.35,5.52,0
2020-11-18,4,XALAPA,494.19,489.69,4.5,0
2020-11-18,5,XALAPA,494.08,489.67,4.41,0
2020-11-18,6,XALAPA,494.85,493.39,1.46,0
2020-11-18,7,XALAPA,512.27,511.2,1.06,0
2020-11-18,8,XALAPA,524.72,522.44,2.28,0
2020-11-18,9,XALAPA,539.18,532.22,6.96,0
2020-11-18,10,XALAPA,526.97,518.29,9.08,-.4
2020-11-18,11,XALAPA,527.3,517.7,9.7,-.1
2020-11-18,12,XALAPA,541.69,520.62,11.71,9.35
2020-11-18,13,XALAPA,530.72,519.94,10.78,0
2020-11-18,14,XALAPA,532.19,521.38,10.82,0
2020-11-18,15,XALAPA,536.89,524.01,11.45,1.44
2020-11-18,16,XALAPA,539.92,527.97,11.95,0
2020-11-18,17,XALAPA,566.21,554.93,11.29,0
2020-11-18,18,XALAPA,630.65,618.2,12.45,0
2020-11-18,19,XALAPA,771.04,763.58,19.74,-12.29
2020-11-18,20,XALAPA,607.19,591.38,15.97,-.16
2020-11-18,21,XALAPA,588.78,575.09,15.22,-1.54
2020-11-18,22,XALAPA,581.93,571.99,12.28,-2.33
2020-11-18,23,XALAPA,593.88,586.62,11.41,-4.15
2020-11-18,24,XALAPA,555.51,546.04,10.54,-1.07
2020-11-18,1,ZACAPU,536.35,520.19,16.16,0
2020-11-18,2,ZACAPU,525.67,510.32,15.35,0
2020-11-18,3,ZACAPU,506.77,492.35,14.41,0
2020-11-18,4,ZACAPU,503.62,489.69,13.93,0
2020-11-18,5,ZACAPU,503.18,489.67,13.51,0
2020-11-18,6,ZACAPU,507.26,493.39,13.87,0
2020-11-18,7,ZACAPU,526.6,511.2,15.4,0
2020-11-18,8,ZACAPU,540.45,522.44,18.01,0
2020-11-18,9,ZACAPU,551.4,532.22,19.18,0
2020-11-18,10,ZACAPU,538.79,518.29,19.11,1.39
2020-11-18,11,ZACAPU,536.78,517.7,18.73,.34
2020-11-18,12,ZACAPU,527.85,520.62,20.18,-12.95
2020-11-18,13,ZACAPU,540.29,519.94,20.35,0
2020-11-18,14,ZACAPU,540.96,521.38,19.58,0
2020-11-18,15,ZACAPU,542.91,524.01,20.88,-1.99
2020-11-18,16,ZACAPU,549.86,527.97,21.89,0
2020-11-18,17,ZACAPU,578.8,554.93,23.87,0
2020-11-18,18,ZACAPU,645.24,618.2,27.04,0
2020-11-18,19,ZACAPU,802.6,763.58,31.08,7.93
2020-11-18,20,ZACAPU,615.24,591.38,23.76,.11
2020-11-18,21,ZACAPU,596.55,575.09,20.47,.99
2020-11-18,22,ZACAPU,594.2,571.99,20.71,1.5
2020-11-18,23,ZACAPU,612.9,586.62,23.61,2.68
2020-11-18,24,ZACAPU,567.01,546.04,20.28,.69
2020-11-18,1,ZACATECAS,530.13,520.19,9.94,0
2020-11-18,2,ZACATECAS,521.22,510.32,10.9,0
2020-11-18,3,ZACATECAS,503.09,492.35,10.74,0
2020-11-18,4,ZACATECAS,500.72,489.69,11.02,0
2020-11-18,5,ZACATECAS,500.47,489.67,10.8,0
2020-11-18,6,ZACATECAS,504.5,493.39,11.11,0
2020-11-18,7,ZACATECAS,522.72,511.2,11.52,0
2020-11-18,8,ZACATECAS,534.61,522.44,12.17,0
2020-11-18,9,ZACATECAS,538.01,532.22,5.79,0
2020-11-18,10,ZACATECAS,517.75,518.29,2.25,-2.79
2020-11-18,11,ZACATECAS,519.18,517.7,2.18,-.7
2020-11-18,12,ZACATECAS,517.89,520.62,1.13,-3.86
2020-11-18,13,ZACATECAS,523.04,519.94,3.1,0
2020-11-18,14,ZACATECAS,523.24,521.38,1.87,0
2020-11-18,15,ZACATECAS,525.53,524.01,2.11,-.6
2020-11-18,16,ZACATECAS,530.4,527.97,2.43,0
2020-11-18,17,ZACATECAS,561.22,554.93,6.3,0
2020-11-18,18,ZACATECAS,636.89,618.2,18.69,0
2020-11-18,19,ZACATECAS,813.89,763.58,24.56,25.75
2020-11-18,20,ZACATECAS,610.63,591.38,18.91,.34
2020-11-18,21,ZACATECAS,594.59,575.09,16.29,3.21
2020-11-18,22,ZACATECAS,594.36,571.99,17.52,4.85
2020-11-18,23,ZACATECAS,611.82,586.62,16.58,8.62
2020-11-18,24,ZACATECAS,559.61,546.04,11.35,2.22
2020-11-18,1,ZAMORA,539.72,520.19,19.53,0
2020-11-18,2,ZAMORA,528.48,510.32,18.16,0
2020-11-18,3,ZAMORA,509.43,492.35,17.08,0
2020-11-18,4,ZAMORA,506.27,489.69,16.57,0
2020-11-18,5,ZAMORA,505.76,489.67,16.09,0
2020-11-18,6,ZAMORA,509.96,493.39,16.57,0
2020-11-18,7,ZAMORA,530.3,511.2,19.1,0
2020-11-18,8,ZAMORA,545.15,522.44,22.71,0
2020-11-18,9,ZAMORA,555.99,532.22,23.78,0
2020-11-18,10,ZAMORA,543.18,518.29,23.23,1.67
2020-11-18,11,ZAMORA,540.93,517.7,22.81,.41
2020-11-18,12,ZAMORA,533.7,520.62,24.42,-11.34
2020-11-18,13,ZAMORA,544.87,519.94,24.93,0
2020-11-18,14,ZAMORA,545.6,521.38,24.23,0
2020-11-18,15,ZAMORA,547.71,524.01,25.44,-1.74
2020-11-18,16,ZAMORA,553.99,527.97,26.02,0
2020-11-18,17,ZAMORA,583.81,554.93,28.89,0
2020-11-18,18,ZAMORA,651.48,618.2,33.27,0
2020-11-18,19,ZAMORA,809.07,763.58,36.97,8.51
2020-11-18,20,ZAMORA,619.37,591.38,27.88,.11
2020-11-18,21,ZAMORA,600.61,575.09,24.46,1.07
2020-11-18,22,ZAMORA,599.26,571.99,25.65,1.62
2020-11-18,23,ZAMORA,617.85,586.62,28.35,2.88
2020-11-18,24,ZAMORA,570.73,546.04,23.94,.75
2020-11-18,1,ZAPOTLAN,534.49,520.19,14.29,0
2020-11-18,2,ZAPOTLAN,523.58,510.32,13.26,0
2020-11-18,3,ZAPOTLAN,504.56,492.35,12.2,0
2020-11-18,4,ZAPOTLAN,501.35,489.69,11.66,0
2020-11-18,5,ZAPOTLAN,500.63,489.67,10.97,0
2020-11-18,6,ZAPOTLAN,504.63,493.39,11.24,0
2020-11-18,7,ZAPOTLAN,523.77,511.2,12.57,0
2020-11-18,8,ZAPOTLAN,539.44,522.44,16.99,0
2020-11-18,9,ZAPOTLAN,549.42,532.22,17.2,0
2020-11-18,10,ZAPOTLAN,538.12,518.29,16.48,3.35
2020-11-18,11,ZAPOTLAN,535.5,517.7,16.96,.83
2020-11-18,12,ZAPOTLAN,530.32,520.62,16.91,-7.21
2020-11-18,13,ZAPOTLAN,537.95,519.94,18.02,0
2020-11-18,14,ZAPOTLAN,539.72,521.38,18.34,0
2020-11-18,15,ZAPOTLAN,541.78,524.01,18.88,-1.11
2020-11-18,16,ZAPOTLAN,547.3,527.97,19.34,0
2020-11-18,17,ZAPOTLAN,577.24,554.93,22.31,0
2020-11-18,18,ZAPOTLAN,646.21,618.2,28,0
2020-11-18,19,ZAPOTLAN,799.08,763.58,28.32,7.18
2020-11-18,20,ZAPOTLAN,612.02,591.38,20.55,.1
2020-11-18,21,ZAPOTLAN,593.18,575.09,17.19,.9
2020-11-18,22,ZAPOTLAN,594.05,571.99,20.7,1.36
2020-11-18,23,ZAPOTLAN,611.92,586.62,22.88,2.43
2020-11-18,24,ZAPOTLAN,564.75,546.04,18.09,.63
2020-11-18,1,ZIHUATANEJO,558.3,520.19,38.11,0
2020-11-18,2,ZIHUATANEJO,544.85,510.32,34.53,0
2020-11-18,3,ZIHUATANEJO,524.45,492.35,32.09,0
2020-11-18,4,ZIHUATANEJO,520.24,489.69,30.54,0
2020-11-18,5,ZIHUATANEJO,519.41,489.67,29.74,0
2020-11-18,6,ZIHUATANEJO,523.12,493.39,29.73,0
2020-11-18,7,ZIHUATANEJO,542.43,511.2,31.22,0
2020-11-18,8,ZIHUATANEJO,554.93,522.44,32.49,0
2020-11-18,9,ZIHUATANEJO,569.97,532.22,37.75,0
2020-11-18,10,ZIHUATANEJO,558.71,518.29,39.82,.6
2020-11-18,11,ZIHUATANEJO,557.21,517.7,39.35,.15
2020-11-18,12,ZIHUATANEJO,945.25,520.62,43.54,381.09
2020-11-18,13,ZIHUATANEJO,562.72,519.94,42.79,0
2020-11-18,14,ZIHUATANEJO,562.85,521.38,41.48,0
2020-11-18,15,ZIHUATANEJO,627.5,524.01,45.4,58.08
2020-11-18,16,ZIHUATANEJO,574.21,527.97,46.24,0
2020-11-18,17,ZIHUATANEJO,602.9,554.93,47.98,0
2020-11-18,18,ZIHUATANEJO,666.61,618.2,48.41,0
2020-11-18,19,ZIHUATANEJO,818.97,763.58,57.55,-2.17
2020-11-18,20,ZIHUATANEJO,636.96,591.38,45.61,-.03
2020-11-18,21,ZIHUATANEJO,615.18,575.09,40.37,-.27
2020-11-18,22,ZIHUATANEJO,607.33,571.99,35.75,-.41
2020-11-18,23,ZIHUATANEJO,633.8,586.62,47.92,-.74
2020-11-18,24,ZIHUATANEJO,588.63,546.04,42.78,-.19
2020-11-19,1,ACAPULCO,563.64,509.37,54.27,0
2020-11-19,2,ACAPULCO,557.12,502.56,54.56,0
2020-11-19,3,ACAPULCO,557.59,502.9,54.7,0
2020-11-19,4,ACAPULCO,544.51,494.69,49.82,0
2020-11-19,5,ACAPULCO,527.26,481.3,45.96,0
2020-11-19,6,ACAPULCO,542.03,493.03,49,0
2020-11-19,7,ACAPULCO,569.12,516.86,52.27,0
2020-11-19,8,ACAPULCO,611.62,554.84,56.78,0
2020-11-19,9,ACAPULCO,688.58,621.28,67.31,-.01
2020-11-19,10,ACAPULCO,586.86,527.1,59.2,.57
2020-11-19,11,ACAPULCO,580.19,518.31,61.3,.58
2020-11-19,12,ACAPULCO,584.12,519.79,63.38,.96
2020-11-19,13,ACAPULCO,645.13,564.36,70.16,10.62
2020-11-19,14,ACAPULCO,744.36,550.81,71.25,122.3
2020-11-19,15,ACAPULCO,622.72,549,71.08,2.64
2020-11-19,16,ACAPULCO,641.87,567.38,74.49,0
2020-11-19,17,ACAPULCO,1013.53,609.6,76.34,327.59
2020-11-19,18,ACAPULCO,876.87,698.8,66.85,111.23
2020-11-19,19,ACAPULCO,877.17,807.6,69.57,0
2020-11-19,20,ACAPULCO,951.52,793.96,70.66,86.9
2020-11-19,21,ACAPULCO,857.96,776.58,81.38,0
2020-11-19,22,ACAPULCO,844.35,754.15,90.2,0
2020-11-19,23,ACAPULCO,855.4,611.41,70.83,173.16
2020-11-19,24,ACAPULCO,647.17,579.85,67.32,0
2020-11-19,1,AGUASCALIENTES,507.98,509.37,-1.39,0
2020-11-19,2,AGUASCALIENTES,501.41,502.56,-1.16,0
2020-11-19,3,AGUASCALIENTES,501.67,502.9,-1.23,0
2020-11-19,4,AGUASCALIENTES,494.89,494.69,.2,0
2020-11-19,5,AGUASCALIENTES,482.02,481.3,.72,0
2020-11-19,6,AGUASCALIENTES,493.17,493.03,.14,0
2020-11-19,7,AGUASCALIENTES,517.76,516.86,.91,0
2020-11-19,8,AGUASCALIENTES,555.11,554.84,.27,0
2020-11-19,9,AGUASCALIENTES,613.61,621.28,-7.6,-.06
2020-11-19,10,AGUASCALIENTES,515.08,527.1,-10.79,-1.23
2020-11-19,11,AGUASCALIENTES,506.67,518.32,-10.41,-1.24
2020-11-19,12,AGUASCALIENTES,507.55,519.79,-11.35,-.9
2020-11-19,13,AGUASCALIENTES,550.6,564.36,-11.38,-2.38
2020-11-19,14,AGUASCALIENTES,556.18,550.81,-10.75,16.12
2020-11-19,15,AGUASCALIENTES,537.49,549,-10.96,-.54
2020-11-19,16,AGUASCALIENTES,556.35,567.38,-10.96,-.07
2020-11-19,17,AGUASCALIENTES,652.19,609.6,-9.84,52.43
2020-11-19,18,AGUASCALIENTES,753.19,698.8,2.2,52.2
2020-11-19,19,AGUASCALIENTES,811.62,807.6,4.02,0
2020-11-19,20,AGUASCALIENTES,812.06,793.96,4.23,13.88
2020-11-19,21,AGUASCALIENTES,779.57,776.58,2.99,0
2020-11-19,22,AGUASCALIENTES,760.94,754.15,6.79,0
2020-11-19,23,AGUASCALIENTES,643.11,611.41,4.4,27.29
2020-11-19,24,AGUASCALIENTES,583.52,579.85,3.67,0
2020-11-19,1,APATZINGAN,539.18,509.37,29.81,0
2020-11-19,2,APATZINGAN,529.01,502.56,26.45,0
2020-11-19,3,APATZINGAN,529.04,502.9,26.14,0
2020-11-19,4,APATZINGAN,518.51,494.69,23.82,0
2020-11-19,5,APATZINGAN,503.71,481.3,22.41,0
2020-11-19,6,APATZINGAN,517.15,493.03,24.12,0
2020-11-19,7,APATZINGAN,545.54,516.86,28.68,0
2020-11-19,8,APATZINGAN,589.72,554.84,34.87,0
2020-11-19,9,APATZINGAN,662.76,621.28,41.56,-.08
2020-11-19,10,APATZINGAN,565.44,527.1,35.88,2.46
2020-11-19,11,APATZINGAN,557.12,518.31,36.3,2.51
2020-11-19,12,APATZINGAN,556.61,519.79,35.46,1.36
2020-11-19,13,APATZINGAN,605.88,564.36,40.24,1.28
2020-11-19,14,APATZINGAN,619.38,550.81,41.01,27.56
2020-11-19,15,APATZINGAN,590.35,549,41.28,.08
2020-11-19,16,APATZINGAN,612.73,567.38,45.42,-.06
2020-11-19,17,APATZINGAN,733.32,609.6,47.35,76.37
2020-11-19,18,APATZINGAN,785.81,698.8,52.5,34.51
2020-11-19,19,APATZINGAN,869.01,807.6,61.41,0
2020-11-19,20,APATZINGAN,877.04,793.96,62.87,20.21
2020-11-19,21,APATZINGAN,837.08,776.58,60.5,0
2020-11-19,22,APATZINGAN,812.02,754.15,57.87,0
2020-11-19,23,APATZINGAN,692.36,611.41,40.78,40.17
2020-11-19,24,APATZINGAN,617.22,579.85,37.37,0
2020-11-19,1,CABORCA,467.02,509.37,-42.35,0
2020-11-19,2,CABORCA,456.39,502.56,-46.17,0
2020-11-19,3,CABORCA,456.23,502.9,-46.67,0
2020-11-19,4,CABORCA,447.94,494.69,-46.75,0
2020-11-19,5,CABORCA,431.96,481.3,-49.34,0
2020-11-19,6,CABORCA,441.76,493.03,-51.27,0
2020-11-19,7,CABORCA,464.83,516.86,-52.03,0
2020-11-19,8,CABORCA,496.6,554.84,-58.25,0
2020-11-19,9,CABORCA,514.04,621.28,-105.05,-2.19
2020-11-19,10,CABORCA,346.77,527.1,-133.93,-46.4
2020-11-19,11,CABORCA,325.38,518.31,-146.16,-46.78
2020-11-19,12,CABORCA,345.01,519.79,-146.58,-28.2
2020-11-19,13,CABORCA,387.2,564.36,-157.67,-19.49
2020-11-19,14,CABORCA,401.18,550.81,-149.23,-.39
2020-11-19,15,CABORCA,397.7,549,-149.39,-1.91
2020-11-19,16,CABORCA,418.51,567.38,-147.37,-1.5
2020-11-19,17,CABORCA,493.3,609.6,-176.54,60.25
2020-11-19,18,CABORCA,532.83,698.8,-106.75,-59.21
2020-11-19,19,CABORCA,724.26,807.6,-83.35,0
2020-11-19,20,CABORCA,722.09,793.96,-88.56,16.69
2020-11-19,21,CABORCA,684.65,776.58,-91.93,0
2020-11-19,22,CABORCA,694.14,754.15,-60.01,0
2020-11-19,23,CABORCA,596.9,611.41,-47.11,32.6
2020-11-19,24,CABORCA,538.36,579.85,-41.5,0
2020-11-19,1,CAMARGO,467,509.37,-42.37,0
2020-11-19,2,CAMARGO,461.01,502.56,-41.55,0
2020-11-19,3,CAMARGO,463.2,502.9,-39.7,0
2020-11-19,4,CAMARGO,458.11,494.69,-36.58,0
2020-11-19,5,CAMARGO,445.07,481.3,-36.23,0
2020-11-19,6,CAMARGO,455.35,493.03,-37.68,0
2020-11-19,7,CAMARGO,478.63,516.86,-38.22,0
2020-11-19,8,CAMARGO,510.24,554.84,-44.6,0
2020-11-19,9,CAMARGO,535.78,621.28,-82.17,-3.33
2020-11-19,10,CAMARGO,423.97,527.1,-73.42,-29.72
2020-11-19,11,CAMARGO,411.39,518.31,-77.19,-29.73
2020-11-19,12,CAMARGO,421.48,519.79,-78.28,-20.03
2020-11-19,13,CAMARGO,459.1,564.36,-89.65,-15.61
2020-11-19,14,CAMARGO,470.29,550.81,-84.96,4.44
2020-11-19,15,CAMARGO,455.22,549,-90.75,-3.03
2020-11-19,16,CAMARGO,482.62,567.38,-82.23,-2.53
2020-11-19,17,CAMARGO,547.14,609.6,-119.22,56.76
2020-11-19,18,CAMARGO,521.49,698.8,-70.51,-106.79
2020-11-19,19,CAMARGO,741.33,807.6,-66.27,0
2020-11-19,20,CAMARGO,742.91,793.96,-67.36,16.31
2020-11-19,21,CAMARGO,707.38,776.58,-69.2,0
2020-11-19,22,CAMARGO,701.68,754.15,-52.47,0
2020-11-19,23,CAMARGO,598.45,611.41,-44.61,31.64
2020-11-19,24,CAMARGO,535.15,579.85,-44.7,0
2020-11-19,1,CAMPECHE,578.73,509.37,69.36,0
2020-11-19,2,CAMPECHE,563.27,502.56,60.71,0
2020-11-19,3,CAMPECHE,562.49,502.9,59.59,0
2020-11-19,4,CAMPECHE,548.36,494.69,53.67,0
2020-11-19,5,CAMPECHE,515.04,481.3,33.74,0
2020-11-19,6,CAMPECHE,530.23,493.03,37.2,0
2020-11-19,7,CAMPECHE,556.84,516.86,39.98,0
2020-11-19,8,CAMPECHE,606.31,554.84,51.47,0
2020-11-19,9,CAMPECHE,694.91,621.28,73.6,.03
2020-11-19,10,CAMPECHE,590.86,527.1,64.15,-.39
2020-11-19,11,CAMPECHE,587.87,518.31,69.95,-.4
2020-11-19,12,CAMPECHE,594.47,519.79,73.04,1.64
2020-11-19,13,CAMPECHE,673.38,564.36,79.23,29.8
2020-11-19,14,CAMPECHE,845.22,550.81,81.97,212.43
2020-11-19,15,CAMPECHE,631.13,549,74.48,7.64
2020-11-19,16,CAMPECHE,646.48,567.38,79.08,.03
2020-11-19,17,CAMPECHE,1209.59,609.6,85.45,514.55
2020-11-19,18,CAMPECHE,967.87,698.8,96.65,172.42
2020-11-19,19,CAMPECHE,909.05,807.6,101.44,0
2020-11-19,20,CAMPECHE,1027.43,793.96,97.66,135.81
2020-11-19,21,CAMPECHE,870.78,776.58,94.19,0
2020-11-19,22,CAMPECHE,839.29,754.15,85.14,0
2020-11-19,23,CAMPECHE,949.51,611.41,69.48,268.62
2020-11-19,24,CAMPECHE,639.25,579.85,59.39,0
2020-11-19,1,CANCUN,579.24,509.37,69.87,0
2020-11-19,2,CANCUN,563.38,502.56,60.82,0
2020-11-19,3,CANCUN,562.56,502.9,59.66,0
2020-11-19,4,CANCUN,547.66,494.69,52.97,0
2020-11-19,5,CANCUN,510.73,481.3,29.43,0
2020-11-19,6,CANCUN,526.47,493.03,33.44,0
2020-11-19,7,CANCUN,553.76,516.86,36.9,0
2020-11-19,8,CANCUN,606.02,554.84,51.18,0
2020-11-19,9,CANCUN,698.39,621.28,77.08,.03
2020-11-19,10,CANCUN,594.73,527.1,68.02,-.39
2020-11-19,11,CANCUN,590.05,518.32,72.13,-.4
2020-11-19,12,CANCUN,596.78,519.79,75.35,1.64
2020-11-19,13,CANCUN,677.55,564.36,83.4,29.8
2020-11-19,14,CANCUN,844.88,550.81,81.64,212.43
2020-11-19,15,CANCUN,634.11,549,77.47,7.64
2020-11-19,16,CANCUN,650.24,567.38,82.84,.03
2020-11-19,17,CANCUN,1212.52,609.6,88.37,514.55
2020-11-19,18,CANCUN,970.8,698.8,99.57,172.42
2020-11-19,19,CANCUN,912.53,807.6,104.93,0
2020-11-19,20,CANCUN,1029.45,793.96,99.68,135.81
2020-11-19,21,CANCUN,872.88,776.58,96.3,0
2020-11-19,22,CANCUN,841.72,754.15,87.57,0
2020-11-19,23,CANCUN,950.38,611.41,70.36,268.62
2020-11-19,24,CANCUN,639.02,579.85,59.17,0
2020-11-19,1,CARMEN,600.47,509.37,91.1,0
2020-11-19,2,CARMEN,583.75,502.56,81.18,0
2020-11-19,3,CARMEN,581.62,502.9,78.73,0
2020-11-19,4,CARMEN,566.61,494.69,71.92,0
2020-11-19,5,CARMEN,534.51,481.3,53.22,0
2020-11-19,6,CARMEN,549.45,493.03,56.41,0
2020-11-19,7,CARMEN,575.68,516.86,58.83,0
2020-11-19,8,CARMEN,625.25,554.84,70.41,0
2020-11-19,9,CARMEN,718.8,621.28,97.49,.03
2020-11-19,10,CARMEN,611.47,527.1,84.76,-.39
2020-11-19,11,CARMEN,607.11,518.31,89.19,-.4
2020-11-19,12,CARMEN,613.78,519.79,92.35,1.64
2020-11-19,13,CARMEN,696.27,564.36,102.12,29.8
2020-11-19,14,CARMEN,867.6,550.81,104.36,212.44
2020-11-19,15,CARMEN,650.87,549,94.23,7.64
2020-11-19,16,CARMEN,667.36,567.38,99.96,.03
2020-11-19,17,CARMEN,1232.69,609.6,108.54,514.55
2020-11-19,18,CARMEN,996.43,698.8,125.21,172.42
2020-11-19,19,CARMEN,944.04,807.6,136.44,0
2020-11-19,20,CARMEN,1063.03,793.96,133.26,135.81
2020-11-19,21,CARMEN,905.74,776.58,129.16,0
2020-11-19,22,CARMEN,873.41,754.15,119.26,0
2020-11-19,23,CARMEN,978,611.41,97.98,268.62
2020-11-19,24,CARMEN,665.93,579.85,86.07,0
2020-11-19,1,CASAS GRANDES,429.52,509.37,-79.85,0
2020-11-19,2,CASAS GRANDES,422.96,502.56,-79.6,0
2020-11-19,3,CASAS GRANDES,425.66,502.9,-77.23,0
2020-11-19,4,CASAS GRANDES,419.41,494.69,-75.28,0
2020-11-19,5,CASAS GRANDES,405.83,481.3,-75.47,0
2020-11-19,6,CASAS GRANDES,415.2,493.03,-77.83,0
2020-11-19,7,CASAS GRANDES,437.41,516.86,-79.44,0
2020-11-19,8,CASAS GRANDES,465.08,554.84,-89.77,0
2020-11-19,9,CASAS GRANDES,482.2,621.28,-135.58,-3.5
2020-11-19,10,CASAS GRANDES,369.91,527.1,-121.96,-35.24
2020-11-19,11,CASAS GRANDES,355.83,518.31,-127.17,-35.31
2020-11-19,12,CASAS GRANDES,371.54,519.79,-125.26,-23
2020-11-19,13,CASAS GRANDES,405.66,564.36,-141.59,-17.11
2020-11-19,14,CASAS GRANDES,419.06,550.81,-134.39,2.65
2020-11-19,15,CASAS GRANDES,406.9,549,-139.19,-2.9
2020-11-19,16,CASAS GRANDES,434.16,567.38,-130.75,-2.47
2020-11-19,17,CASAS GRANDES,490.95,609.6,-176.03,57.38
2020-11-19,18,CASAS GRANDES,479.18,698.8,-127.52,-92.1
2020-11-19,19,CASAS GRANDES,672.37,807.6,-135.23,0
2020-11-19,20,CASAS GRANDES,671.33,793.96,-139.08,16.45
2020-11-19,21,CASAS GRANDES,636.52,776.58,-140.06,0
2020-11-19,22,CASAS GRANDES,638.82,754.15,-115.34,0
2020-11-19,23,CASAS GRANDES,548.99,611.41,-94.38,31.96
2020-11-19,24,CASAS GRANDES,489.49,579.85,-90.36,0
2020-11-19,1,CELAYA,516.05,509.37,6.67,0
2020-11-19,2,CELAYA,509.19,502.56,6.63,0
2020-11-19,3,CELAYA,509.53,502.9,6.63,0
2020-11-19,4,CELAYA,501.17,494.69,6.48,0
2020-11-19,5,CELAYA,487.55,481.3,6.25,0
2020-11-19,6,CELAYA,499.28,493.03,6.24,0
2020-11-19,7,CELAYA,523.97,516.86,7.12,0
2020-11-19,8,CELAYA,562.87,554.84,8.03,0
2020-11-19,9,CELAYA,629.27,621.28,8.01,-.02
2020-11-19,10,CELAYA,533.79,527.1,6.43,.26
2020-11-19,11,CELAYA,524.52,518.31,5.95,.26
2020-11-19,12,CELAYA,525.76,519.79,5.85,.12
2020-11-19,13,CELAYA,571.02,564.36,6.7,-.04
2020-11-19,14,CELAYA,567.1,550.81,6.8,9.49
2020-11-19,15,CELAYA,555.67,549,6.72,-.04
2020-11-19,16,CELAYA,573.97,567.38,6.61,-.02
2020-11-19,17,CELAYA,643.68,609.6,7.15,26.93
2020-11-19,18,CELAYA,725.75,698.8,12,14.95
2020-11-19,19,CELAYA,821.05,807.6,13.45,0
2020-11-19,20,CELAYA,814.39,793.96,13.28,7.15
2020-11-19,21,CELAYA,789.64,776.58,13.06,0
2020-11-19,22,CELAYA,767.42,754.15,13.27,0
2020-11-19,23,CELAYA,635.06,611.41,9.52,14.12
2020-11-19,24,CELAYA,589.38,579.85,9.53,0
2020-11-19,1,CENTRO ORIENTE,526.9,509.37,17.53,0
2020-11-19,2,CENTRO ORIENTE,518.09,502.56,15.53,0
2020-11-19,3,CENTRO ORIENTE,518.41,502.9,15.52,0
2020-11-19,4,CENTRO ORIENTE,508.81,494.69,14.12,0
2020-11-19,5,CENTRO ORIENTE,494.59,481.3,13.29,0
2020-11-19,6,CENTRO ORIENTE,507.9,493.03,14.86,0
2020-11-19,7,CENTRO ORIENTE,533.01,516.86,16.16,0
2020-11-19,8,CENTRO ORIENTE,573.93,554.84,19.09,0
2020-11-19,9,CENTRO ORIENTE,646.71,621.28,25.41,.02
2020-11-19,10,CENTRO ORIENTE,548.9,527.1,22.08,-.29
2020-11-19,11,CENTRO ORIENTE,540.18,518.31,22.16,-.29
2020-11-19,12,CENTRO ORIENTE,543.22,519.79,23.37,.06
2020-11-19,13,CENTRO ORIENTE,592.68,564.36,25.13,3.19
2020-11-19,14,CENTRO ORIENTE,569.34,550.81,26.2,-7.67
2020-11-19,15,CENTRO ORIENTE,574.38,549,24.53,.85
2020-11-19,16,CENTRO ORIENTE,593.59,567.38,26.19,.02
2020-11-19,17,CENTRO ORIENTE,604.28,609.6,28.05,-33.36
2020-11-19,18,CENTRO ORIENTE,707.65,698.8,27.57,-18.72
2020-11-19,19,CENTRO ORIENTE,842.38,807.6,34.78,0
2020-11-19,20,CENTRO ORIENTE,820.76,793.96,35.71,-8.91
2020-11-19,21,CENTRO ORIENTE,811.21,776.58,34.63,0
2020-11-19,22,CENTRO ORIENTE,783.58,754.15,29.42,0
2020-11-19,23,CENTRO ORIENTE,616.81,611.41,22.25,-16.85
2020-11-19,24,CENTRO ORIENTE,597.74,579.85,17.88,0
2020-11-19,1,CENTRO SUR,536.8,509.37,27.43,0
2020-11-19,2,CENTRO SUR,527.78,502.56,25.21,0
2020-11-19,3,CENTRO SUR,528.29,502.9,25.4,0
2020-11-19,4,CENTRO SUR,518.08,494.69,23.39,0
2020-11-19,5,CENTRO SUR,503.11,481.3,21.81,0
2020-11-19,6,CENTRO SUR,517.08,493.03,24.05,0
2020-11-19,7,CENTRO SUR,543.34,516.86,26.48,0
2020-11-19,8,CENTRO SUR,585.38,554.84,30.54,0
2020-11-19,9,CENTRO SUR,658.8,621.28,37.51,.01
2020-11-19,10,CENTRO SUR,560.13,527.1,32.84,.19
2020-11-19,11,CENTRO SUR,551.74,518.32,33.24,.19
2020-11-19,12,CENTRO SUR,554.73,519.79,34.47,.46
2020-11-19,13,CENTRO SUR,607.78,564.36,37.66,5.76
2020-11-19,14,CENTRO SUR,665.03,550.81,38.41,75.81
2020-11-19,15,CENTRO SUR,587.54,549,37.08,1.46
2020-11-19,16,CENTRO SUR,606.55,567.38,39.17,.01
2020-11-19,17,CENTRO SUR,858.65,609.6,40.02,209.04
2020-11-19,18,CENTRO SUR,805.45,698.8,37.69,68.97
2020-11-19,19,CENTRO SUR,850.76,807.6,43.16,0
2020-11-19,20,CENTRO SUR,891.75,793.96,42.41,55.38
2020-11-19,21,CENTRO SUR,819.52,776.58,42.94,0
2020-11-19,22,CENTRO SUR,794.51,754.15,40.36,0
2020-11-19,23,CENTRO SUR,755.17,611.41,32.14,111.62
2020-11-19,24,CENTRO SUR,609.81,579.85,29.96,0
2020-11-19,1,CHETUMAL,578.6,509.37,69.23,0
2020-11-19,2,CHETUMAL,563.17,502.56,60.61,0
2020-11-19,3,CHETUMAL,562.53,502.9,59.64,0
2020-11-19,4,CHETUMAL,548.52,494.69,53.83,0
2020-11-19,5,CHETUMAL,515.77,481.3,34.47,0
2020-11-19,6,CHETUMAL,531.24,493.03,38.21,0
2020-11-19,7,CHETUMAL,558.24,516.86,41.38,0
2020-11-19,8,CHETUMAL,607.91,554.84,53.06,0
2020-11-19,9,CHETUMAL,695.95,621.28,74.64,.03
2020-11-19,10,CHETUMAL,591.19,527.1,64.48,-.39
2020-11-19,11,CHETUMAL,586.32,518.31,68.4,-.4
2020-11-19,12,CHETUMAL,592.42,519.79,70.99,1.64
2020-11-19,13,CHETUMAL,672.87,564.36,78.72,29.8
2020-11-19,14,CHETUMAL,846.75,550.81,83.5,212.43
2020-11-19,15,CHETUMAL,633.73,549,77.08,7.64
2020-11-19,16,CHETUMAL,647.48,567.38,80.07,.03
2020-11-19,17,CHETUMAL,1211.05,609.6,86.91,514.55
2020-11-19,18,CHETUMAL,971.17,698.8,99.95,172.42
2020-11-19,19,CHETUMAL,913.3,807.6,105.7,0
2020-11-19,20,CHETUMAL,1031.38,793.96,101.62,135.81
2020-11-19,21,CHETUMAL,873.9,776.58,97.31,0
2020-11-19,22,CHETUMAL,841.67,754.15,87.52,0
2020-11-19,23,CHETUMAL,950.66,611.41,70.63,268.62
2020-11-19,24,CHETUMAL,639.8,579.85,59.94,0
2020-11-19,1,CHIHUAHUA,436.81,509.37,-72.56,0
2020-11-19,2,CHIHUAHUA,431,502.56,-71.56,0
2020-11-19,3,CHIHUAHUA,433.62,502.9,-69.28,0
2020-11-19,4,CHIHUAHUA,428.44,494.69,-66.25,0
2020-11-19,5,CHIHUAHUA,415.77,481.3,-65.53,0
2020-11-19,6,CHIHUAHUA,425.42,493.03,-67.61,0
2020-11-19,7,CHIHUAHUA,448.23,516.86,-68.63,0
2020-11-19,8,CHIHUAHUA,477.52,554.84,-77.32,0
2020-11-19,9,CHIHUAHUA,499.37,621.28,-117.93,-3.97
2020-11-19,10,CHIHUAHUA,394.78,527.1,-101.92,-30.41
2020-11-19,11,CHIHUAHUA,381.89,518.31,-106.08,-30.34
2020-11-19,12,CHIHUAHUA,393.44,519.79,-105.67,-20.69
2020-11-19,13,CHIHUAHUA,427.81,564.36,-120.51,-16.04
2020-11-19,14,CHIHUAHUA,440.33,550.81,-114.48,4
2020-11-19,15,CHIHUAHUA,425.46,549,-120.25,-3.29
2020-11-19,16,CHIHUAHUA,452.45,567.38,-112.09,-2.85
2020-11-19,17,CHIHUAHUA,511.61,609.6,-154.21,56.22
2020-11-19,18,CHIHUAHUA,481.17,698.8,-111.42,-106.21
2020-11-19,19,CHIHUAHUA,691.3,807.6,-116.3,0
2020-11-19,20,CHIHUAHUA,692.13,793.96,-118.17,16.34
2020-11-19,21,CHIHUAHUA,658.7,776.58,-117.89,0
2020-11-19,22,CHIHUAHUA,654.57,754.15,-99.58,0
2020-11-19,23,CHIHUAHUA,560.72,611.41,-82.38,31.69
2020-11-19,24,CHIHUAHUA,499.34,579.85,-80.51,0
2020-11-19,1,CHILPANCINGO,558.42,509.37,49.05,0
2020-11-19,2,CHILPANCINGO,553.8,502.56,51.23,0
2020-11-19,3,CHILPANCINGO,554.35,502.9,51.45,0
2020-11-19,4,CHILPANCINGO,542.05,494.69,47.36,0
2020-11-19,5,CHILPANCINGO,525.13,481.3,43.83,0
2020-11-19,6,CHILPANCINGO,539.91,493.03,46.87,0
2020-11-19,7,CHILPANCINGO,567.47,516.86,50.61,0
2020-11-19,8,CHILPANCINGO,610.25,554.84,55.4,0
2020-11-19,9,CHILPANCINGO,688.17,621.28,66.89,0
2020-11-19,10,CHILPANCINGO,585.84,527.1,58.36,.38
2020-11-19,11,CHILPANCINGO,578.74,518.31,60.04,.38
2020-11-19,12,CHILPANCINGO,582.82,519.79,62.13,.89
2020-11-19,13,CHILPANCINGO,644.14,564.36,68.61,11.17
2020-11-19,14,CHILPANCINGO,750.78,550.81,69.63,130.34
2020-11-19,15,CHILPANCINGO,620.97,549,69.16,2.81
2020-11-19,16,CHILPANCINGO,639.99,567.38,72.61,.01
2020-11-19,17,CHILPANCINGO,1034.46,609.6,74.56,350.31
2020-11-19,18,CHILPANCINGO,881.01,698.8,63.76,118.46
2020-11-19,19,CHILPANCINGO,869.33,807.6,61.73,0
2020-11-19,20,CHILPANCINGO,950.03,793.96,63.65,92.43
2020-11-19,21,CHILPANCINGO,852.67,776.58,76.09,0
2020-11-19,22,CHILPANCINGO,841.95,754.15,87.8,0
2020-11-19,23,CHILPANCINGO,864.2,611.41,68.24,184.56
2020-11-19,24,CHILPANCINGO,643.84,579.85,63.98,0
2020-11-19,1,CHONTALPA,541.32,509.37,31.95,0
2020-11-19,2,CHONTALPA,528.88,502.56,26.32,0
2020-11-19,3,CHONTALPA,528.37,502.9,25.48,0
2020-11-19,4,CHONTALPA,516.31,494.69,21.62,0
2020-11-19,5,CHONTALPA,492.78,481.3,11.48,0
2020-11-19,6,CHONTALPA,506.73,493.03,13.7,0
2020-11-19,7,CHONTALPA,532.23,516.86,15.37,0
2020-11-19,8,CHONTALPA,576.42,554.84,21.57,0
2020-11-19,9,CHONTALPA,653.04,621.28,31.74,.03
2020-11-19,10,CHONTALPA,552.25,527.1,25.54,-.39
2020-11-19,11,CHONTALPA,546.82,518.31,28.9,-.4
2020-11-19,12,CHONTALPA,552.95,519.79,31.52,1.64
2020-11-19,13,CHONTALPA,629.84,564.36,35.69,29.8
2020-11-19,14,CHONTALPA,801.24,550.81,38,212.43
2020-11-19,15,CHONTALPA,591.91,549,35.27,7.64
2020-11-19,16,CHONTALPA,606.99,567.38,39.58,.03
2020-11-19,17,CHONTALPA,1168.46,609.6,44.32,514.54
2020-11-19,18,CHONTALPA,916.81,698.8,45.59,172.42
2020-11-19,19,CHONTALPA,847.01,807.6,39.4,0
2020-11-19,20,CHONTALPA,969.95,793.96,40.18,135.81
2020-11-19,21,CHONTALPA,815.24,776.58,38.65,0
2020-11-19,22,CHONTALPA,785.53,754.15,31.38,0
2020-11-19,23,CHONTALPA,908.84,611.41,28.82,268.61
2020-11-19,24,CHONTALPA,602.38,579.85,22.53,0
2020-11-19,1,CIENEGA,521.85,509.37,12.48,0
2020-11-19,2,CIENEGA,513.25,502.56,10.68,0
2020-11-19,3,CIENEGA,513,502.9,10.11,0
2020-11-19,4,CIENEGA,504.77,494.69,10.08,0
2020-11-19,5,CIENEGA,490.76,481.3,9.46,0
2020-11-19,6,CIENEGA,502.88,493.03,9.85,0
2020-11-19,7,CIENEGA,529.28,516.86,12.43,0
2020-11-19,8,CIENEGA,569.6,554.84,14.76,0
2020-11-19,9,CIENEGA,634.3,621.28,13.17,-.15
2020-11-19,10,CIENEGA,541.56,527.1,9.1,5.36
2020-11-19,11,CIENEGA,533.84,518.31,10.05,5.47
2020-11-19,12,CIENEGA,532.43,519.79,9.73,2.91
2020-11-19,13,CIENEGA,577.39,564.36,11.77,1.26
2020-11-19,14,CIENEGA,588.21,550.81,12.05,25.35
2020-11-19,15,CIENEGA,560.53,549,11.75,-.22
2020-11-19,16,CIENEGA,581.38,567.38,14.12,-.12
2020-11-19,17,CIENEGA,693.17,609.6,14.99,68.58
2020-11-19,18,CIENEGA,753.55,698.8,22.18,32.57
2020-11-19,19,CIENEGA,829.18,807.6,21.58,0
2020-11-19,20,CIENEGA,834.49,793.96,22.37,18.17
2020-11-19,21,CIENEGA,798.76,776.58,22.18,0
2020-11-19,22,CIENEGA,782.01,754.15,27.86,0
2020-11-19,23,CIENEGA,668,611.41,20.62,35.97
2020-11-19,24,CIENEGA,599.58,579.85,19.73,0
2020-11-19,1,COATZACOALCOS,537.01,509.37,27.63,0
2020-11-19,2,COATZACOALCOS,525.87,502.56,23.3,0
2020-11-19,3,COATZACOALCOS,526.04,502.9,23.15,0
2020-11-19,4,COATZACOALCOS,514.87,494.69,20.18,0
2020-11-19,5,COATZACOALCOS,494.15,481.3,12.86,0
2020-11-19,6,COATZACOALCOS,508.09,493.03,15.06,0
2020-11-19,7,COATZACOALCOS,533.98,516.86,17.13,0
2020-11-19,8,COATZACOALCOS,578.09,554.84,23.25,0
2020-11-19,9,COATZACOALCOS,654,621.28,32.69,.03
2020-11-19,10,COATZACOALCOS,552.55,527.1,25.84,-.39
2020-11-19,11,COATZACOALCOS,546.62,518.31,28.7,-.4
2020-11-19,12,COATZACOALCOS,552.38,519.79,30.94,1.65
2020-11-19,13,COATZACOALCOS,629.05,564.36,34.76,29.93
2020-11-19,14,COATZACOALCOS,800.04,550.81,36.75,212.48
2020-11-19,15,COATZACOALCOS,590.62,549,33.95,7.68
2020-11-19,16,COATZACOALCOS,605.24,567.38,37.84,.03
2020-11-19,17,COATZACOALCOS,1166.07,609.6,42.21,514.26
2020-11-19,18,COATZACOALCOS,912.33,698.8,41.22,172.31
2020-11-19,19,COATZACOALCOS,841.04,807.6,33.43,0
2020-11-19,20,COATZACOALCOS,963.63,793.96,33.94,135.73
2020-11-19,21,COATZACOALCOS,808.85,776.58,32.27,0
2020-11-19,22,COATZACOALCOS,779.84,754.15,25.69,0
2020-11-19,23,COATZACOALCOS,903.8,611.41,24.01,268.39
2020-11-19,24,COATZACOALCOS,599.24,579.85,19.38,0
2020-11-19,1,COLIMA,521.52,509.37,12.15,0
2020-11-19,2,COLIMA,513.15,502.56,10.58,0
2020-11-19,3,COLIMA,512.86,502.9,9.96,0
2020-11-19,4,COLIMA,504.14,494.69,9.45,0
2020-11-19,5,COLIMA,490.01,481.3,8.71,0
2020-11-19,6,COLIMA,502.2,493.03,9.17,0
2020-11-19,7,COLIMA,528.19,516.86,11.33,0
2020-11-19,8,COLIMA,567.9,554.84,13.05,0
2020-11-19,9,COLIMA,632.38,621.28,11.25,-.14
2020-11-19,10,COLIMA,540.26,527.1,7.79,5.37
2020-11-19,11,COLIMA,533.14,518.31,9.35,5.47
2020-11-19,12,COLIMA,531.88,519.79,9.17,2.91
2020-11-19,13,COLIMA,577.26,564.36,11.43,1.47
2020-11-19,14,COLIMA,589.95,550.81,11.97,27.18
2020-11-19,15,COLIMA,560.47,549,11.63,-.16
2020-11-19,16,COLIMA,579.89,567.38,12.63,-.12
2020-11-19,17,COLIMA,695.97,609.6,12.84,73.53
2020-11-19,18,COLIMA,750.11,698.8,17.87,33.44
2020-11-19,19,COLIMA,823.04,807.6,15.44,0
2020-11-19,20,COLIMA,830.28,793.96,16.86,19.47
2020-11-19,21,COLIMA,794.37,776.58,17.79,0
2020-11-19,22,COLIMA,777.93,754.15,23.78,0
2020-11-19,23,COLIMA,668.8,611.41,18.78,38.61
2020-11-19,24,COLIMA,599.01,579.85,19.16,0
2020-11-19,1,CORDOBA,524.14,509.37,14.77,0
2020-11-19,2,CORDOBA,514.45,502.56,11.88,0
2020-11-19,3,CORDOBA,514.87,502.9,11.97,0
2020-11-19,4,CORDOBA,504.95,494.69,10.26,0
2020-11-19,5,CORDOBA,488.51,481.3,7.21,0
2020-11-19,6,CORDOBA,502.44,493.03,9.41,0
2020-11-19,7,CORDOBA,527.76,516.86,10.91,0
2020-11-19,8,CORDOBA,569.62,554.84,14.78,0
2020-11-19,9,CORDOBA,643.21,621.28,21.91,.03
2020-11-19,10,CORDOBA,544.17,527.1,17.52,-.45
2020-11-19,11,CORDOBA,539.8,518.31,21.93,-.45
2020-11-19,12,CORDOBA,545.79,519.79,23.89,2.11
2020-11-19,13,CORDOBA,628.8,564.36,26.53,37.91
2020-11-19,14,CORDOBA,794.18,550.81,27.89,215.48
2020-11-19,15,CORDOBA,583.87,549,25.16,9.71
2020-11-19,16,CORDOBA,594.78,567.38,27.37,.03
2020-11-19,17,CORDOBA,1137.95,609.6,30.53,497.82
2020-11-19,18,CORDOBA,895.61,698.8,30.59,166.22
2020-11-19,19,CORDOBA,839.81,807.6,32.21,0
2020-11-19,20,CORDOBA,958.36,793.96,32.75,131.66
2020-11-19,21,CORDOBA,807.8,776.58,31.22,0
2020-11-19,22,CORDOBA,779.64,754.15,25.49,0
2020-11-19,23,CORDOBA,885.79,611.41,18.66,255.72
2020-11-19,24,CORDOBA,593.54,579.85,13.69,0
2020-11-19,1,CUAUHTEMOC,455.1,509.37,-54.27,0
2020-11-19,2,CUAUHTEMOC,448.82,502.56,-53.75,0
2020-11-19,3,CUAUHTEMOC,451.56,502.9,-51.34,0
2020-11-19,4,CUAUHTEMOC,446.2,494.69,-48.49,0
2020-11-19,5,CUAUHTEMOC,432.34,481.3,-48.96,0
2020-11-19,6,CUAUHTEMOC,442.86,493.03,-50.17,0
2020-11-19,7,CUAUHTEMOC,466.55,516.86,-50.3,0
2020-11-19,8,CUAUHTEMOC,496.67,554.84,-58.17,0
2020-11-19,9,CUAUHTEMOC,520.86,621.28,-96.41,-4.01
2020-11-19,10,CUAUHTEMOC,413.21,527.1,-83.62,-30.27
2020-11-19,11,CUAUHTEMOC,400.14,518.31,-87.98,-30.2
2020-11-19,12,CUAUHTEMOC,411.6,519.79,-87.56,-20.63
2020-11-19,13,CUAUHTEMOC,448.09,564.36,-100.26,-16.02
2020-11-19,14,CUAUHTEMOC,459.76,550.81,-95.08,4.03
2020-11-19,15,CUAUHTEMOC,444.81,549,-100.88,-3.31
2020-11-19,16,CUAUHTEMOC,473.2,567.38,-91.31,-2.87
2020-11-19,17,CUAUHTEMOC,534.27,609.6,-131.5,56.17
2020-11-19,18,CUAUHTEMOC,504.67,698.8,-87.5,-106.63
2020-11-19,19,CUAUHTEMOC,717.74,807.6,-89.86,0
2020-11-19,20,CUAUHTEMOC,717.74,793.96,-92.56,16.34
2020-11-19,21,CUAUHTEMOC,683.54,776.58,-93.04,0
2020-11-19,22,CUAUHTEMOC,678.13,754.15,-76.02,0
2020-11-19,23,CUAUHTEMOC,579.46,611.41,-63.64,31.69
2020-11-19,24,CUAUHTEMOC,517.77,579.85,-62.09,0
2020-11-19,1,CUAUTLA,537.65,509.37,28.28,0
2020-11-19,2,CUAUTLA,527.93,502.56,25.36,0
2020-11-19,3,CUAUTLA,528.44,502.9,25.55,0
2020-11-19,4,CUAUTLA,518.16,494.69,23.47,0
2020-11-19,5,CUAUTLA,502.7,481.3,21.4,0
2020-11-19,6,CUAUTLA,516.69,493.03,23.66,0
2020-11-19,7,CUAUTLA,543.18,516.86,26.33,0
2020-11-19,8,CUAUTLA,585.86,554.84,31.02,0
2020-11-19,9,CUAUTLA,660.95,621.28,39.65,.02
2020-11-19,10,CUAUTLA,561.74,527.1,34.82,-.18
2020-11-19,11,CUAUTLA,553.78,518.31,35.66,-.19
2020-11-19,12,CUAUTLA,557.76,519.79,37.24,.73
2020-11-19,13,CUAUTLA,618.34,564.36,40.75,13.23
2020-11-19,14,CUAUTLA,752.64,550.81,41.67,160.16
2020-11-19,15,CUAUTLA,592.38,549,39.98,3.4
2020-11-19,16,CUAUTLA,610.12,567.38,42.72,.02
2020-11-19,17,CUAUTLA,1090.89,609.6,45.34,435.95
2020-11-19,18,CUAUTLA,891.22,698.8,46.23,146.2
2020-11-19,19,CUAUTLA,861.03,807.6,53.42,0
2020-11-19,20,CUAUTLA,962.69,793.96,53.67,115.07
2020-11-19,21,CUAUTLA,829.35,776.58,52.76,0
2020-11-19,22,CUAUTLA,801.64,754.15,47.49,0
2020-11-19,23,CUAUTLA,877.8,611.41,36.5,229.88
2020-11-19,24,CUAUTLA,611.23,579.85,31.38,0
2020-11-19,1,CUERNAVACA,536.64,509.37,27.26,0
2020-11-19,2,CUERNAVACA,527.81,502.56,25.24,0
2020-11-19,3,CUERNAVACA,528.11,502.9,25.22,0
2020-11-19,4,CUERNAVACA,517.74,494.69,23.05,0
2020-11-19,5,CUERNAVACA,502.29,481.3,20.99,0
2020-11-19,6,CUERNAVACA,516.31,493.03,23.27,0
2020-11-19,7,CUERNAVACA,542.42,516.86,25.56,0
2020-11-19,8,CUERNAVACA,584.88,554.84,30.04,0
2020-11-19,9,CUERNAVACA,659.8,621.28,38.5,.02
2020-11-19,10,CUERNAVACA,560.81,527.1,33.81,-.1
2020-11-19,11,CUERNAVACA,553.19,518.31,34.98,-.11
2020-11-19,12,CUERNAVACA,557.33,519.79,36.81,.73
2020-11-19,13,CUERNAVACA,617.32,564.36,40.43,12.53
2020-11-19,14,CUERNAVACA,743.11,550.81,41.42,150.89
2020-11-19,15,CUERNAVACA,592.22,549,40.01,3.21
2020-11-19,16,CUERNAVACA,610.25,567.38,42.86,.02
2020-11-19,17,CUERNAVACA,1063.56,609.6,45.02,408.94
2020-11-19,18,CUERNAVACA,879.12,698.8,43.24,137.08
2020-11-19,19,CUERNAVACA,854.83,807.6,47.23,0
2020-11-19,20,CUERNAVACA,949.17,793.96,47.27,107.94
2020-11-19,21,CUERNAVACA,825.13,776.58,48.54,0
2020-11-19,22,CUERNAVACA,800.27,754.15,46.12,0
2020-11-19,23,CUERNAVACA,862.86,611.41,35.75,215.7
2020-11-19,24,CUERNAVACA,611.12,579.85,31.26,0
2020-11-19,1,CULIACAN,480.46,509.37,-28.92,0
2020-11-19,2,CULIACAN,469.91,502.56,-32.65,0
2020-11-19,3,CULIACAN,467.9,502.9,-34.99,0
2020-11-19,4,CULIACAN,459.32,494.69,-35.37,0
2020-11-19,5,CULIACAN,444.46,481.3,-36.84,0
2020-11-19,6,CULIACAN,453.23,493.03,-39.81,0
2020-11-19,7,CULIACAN,475.12,516.86,-41.74,0
2020-11-19,8,CULIACAN,503.25,554.84,-51.59,0
2020-11-19,9,CULIACAN,542.92,621.28,-77.35,-1.01
2020-11-19,10,CULIACAN,398.17,527.1,-73.35,-55.58
2020-11-19,11,CULIACAN,394.69,518.31,-67.31,-56.31
2020-11-19,12,CULIACAN,418.97,519.79,-68.29,-32.53
2020-11-19,13,CULIACAN,471.72,564.36,-71.3,-21.34
2020-11-19,14,CULIACAN,482.11,550.81,-65.95,-2.75
2020-11-19,15,CULIACAN,484.46,549,-63.4,-1.14
2020-11-19,16,CULIACAN,508.19,567.38,-58.46,-.74
2020-11-19,17,CULIACAN,604.03,609.6,-68.03,62.46
2020-11-19,18,CULIACAN,621.02,698.8,-46.44,-31.34
2020-11-19,19,CULIACAN,743.26,807.6,-64.34,0
2020-11-19,20,CULIACAN,748.01,793.96,-62.83,16.89
2020-11-19,21,CULIACAN,714.39,776.58,-62.19,0
2020-11-19,22,CULIACAN,713.95,754.15,-40.21,0
2020-11-19,23,CULIACAN,614.73,611.41,-29.81,33.12
2020-11-19,24,CULIACAN,555.93,579.85,-23.92,0
2020-11-19,1,DURANGO,484.88,509.37,-24.49,0
2020-11-19,2,DURANGO,477.4,502.56,-25.17,0
2020-11-19,3,DURANGO,476.9,502.9,-25.99,0
2020-11-19,4,DURANGO,471.62,494.69,-23.07,0
2020-11-19,5,DURANGO,459.07,481.3,-22.23,0
2020-11-19,6,DURANGO,468.5,493.03,-24.53,0
2020-11-19,7,DURANGO,490.58,516.86,-26.27,0
2020-11-19,8,DURANGO,522.84,554.84,-32,0
2020-11-19,9,DURANGO,562.44,621.28,-58.19,-.65
2020-11-19,10,DURANGO,435.09,527.1,-54.27,-37.74
2020-11-19,11,DURANGO,427.18,518.31,-52.9,-38.23
2020-11-19,12,DURANGO,443.72,519.79,-54,-22.07
2020-11-19,13,DURANGO,490.08,564.36,-58.61,-15.67
2020-11-19,14,DURANGO,496.06,550.81,-58.26,3.51
2020-11-19,15,DURANGO,489.41,549,-58.55,-1.05
2020-11-19,16,DURANGO,511.61,567.38,-55.32,-.45
2020-11-19,17,DURANGO,611.75,609.6,-58.46,60.61
2020-11-19,18,DURANGO,609.63,698.8,-36.58,-52.59
2020-11-19,19,DURANGO,764.75,807.6,-42.85,0
2020-11-19,20,DURANGO,772.23,793.96,-37.97,16.24
2020-11-19,21,DURANGO,739.53,776.58,-37.06,0
2020-11-19,22,DURANGO,731.87,754.15,-22.28,0
2020-11-19,23,DURANGO,624.16,611.41,-18.99,31.73
2020-11-19,24,DURANGO,561.44,579.85,-18.41,0
2020-11-19,1,FRESNILLO,489.29,509.37,-20.08,0
2020-11-19,2,FRESNILLO,484.1,502.56,-18.47,0
2020-11-19,3,FRESNILLO,485.04,502.9,-17.86,0
2020-11-19,4,FRESNILLO,478.8,494.69,-15.89,0
2020-11-19,5,FRESNILLO,466.65,481.3,-14.65,0
2020-11-19,6,FRESNILLO,476.42,493.03,-16.61,0
2020-11-19,7,FRESNILLO,500.4,516.86,-16.46,0
2020-11-19,8,FRESNILLO,536.56,554.84,-18.29,0
2020-11-19,9,FRESNILLO,592.31,621.28,-28.91,-.06
2020-11-19,10,FRESNILLO,489.13,527.1,-29.1,-8.87
2020-11-19,11,FRESNILLO,482.28,518.31,-27.05,-8.98
2020-11-19,12,FRESNILLO,486.42,519.79,-28.05,-5.32
2020-11-19,13,FRESNILLO,526.39,564.36,-32,-5.97
2020-11-19,14,FRESNILLO,534.28,550.81,-30.02,13.49
2020-11-19,15,FRESNILLO,518.5,549,-29.67,-.83
2020-11-19,16,FRESNILLO,537.12,567.38,-30.14,-.12
2020-11-19,17,FRESNILLO,633.46,609.6,-32.05,55.9
2020-11-19,18,FRESNILLO,800.81,698.8,-19.63,121.64
2020-11-19,19,FRESNILLO,788.03,807.6,-19.57,0
2020-11-19,20,FRESNILLO,791.14,793.96,-17.63,14.82
2020-11-19,21,FRESNILLO,757.9,776.58,-18.69,0
2020-11-19,22,FRESNILLO,741.22,754.15,-12.93,0
2020-11-19,23,FRESNILLO,627.69,611.41,-12.68,28.96
2020-11-19,24,FRESNILLO,567.26,579.85,-12.6,0
2020-11-19,1,GUADALAJARA,517.71,509.37,8.34,0
2020-11-19,2,GUADALAJARA,509.08,502.56,6.51,0
2020-11-19,3,GUADALAJARA,508.79,502.9,5.89,0
2020-11-19,4,GUADALAJARA,500.8,494.69,6.11,0
2020-11-19,5,GUADALAJARA,486.8,481.3,5.5,0
2020-11-19,6,GUADALAJARA,498.47,493.03,5.44,0
2020-11-19,7,GUADALAJARA,524.43,516.86,7.57,0
2020-11-19,8,GUADALAJARA,564.15,554.84,9.31,0
2020-11-19,9,GUADALAJARA,627.18,621.28,6.06,-.16
2020-11-19,10,GUADALAJARA,536.19,527.1,2.91,6.18
2020-11-19,11,GUADALAJARA,528.61,518.31,4.01,6.29
2020-11-19,12,GUADALAJARA,526.9,519.79,3.77,3.34
2020-11-19,13,GUADALAJARA,571.2,564.36,5.45,1.38
2020-11-19,14,GUADALAJARA,581.67,550.81,5.7,25.16
2020-11-19,15,GUADALAJARA,554.28,549,5.54,-.26
2020-11-19,16,GUADALAJARA,574.85,567.38,7.6,-.13
2020-11-19,17,GUADALAJARA,684.87,609.6,7.9,67.37
2020-11-19,18,GUADALAJARA,745.12,698.8,15.06,31.26
2020-11-19,19,GUADALAJARA,820.3,807.6,12.69,0
2020-11-19,20,GUADALAJARA,825.21,793.96,13.4,17.85
2020-11-19,21,GUADALAJARA,790.62,776.58,14.04,0
2020-11-19,22,GUADALAJARA,775.74,754.15,21.59,0
2020-11-19,23,GUADALAJARA,662.68,611.41,15.92,35.35
2020-11-19,24,GUADALAJARA,595.19,579.85,15.33,0
2020-11-19,1,GUASAVE,470.04,509.37,-39.33,0
2020-11-19,2,GUASAVE,458.88,502.56,-43.69,0
2020-11-19,3,GUASAVE,456.63,502.9,-46.26,0
2020-11-19,4,GUASAVE,447.69,494.69,-47,0
2020-11-19,5,GUASAVE,432.59,481.3,-48.71,0
2020-11-19,6,GUASAVE,440.92,493.03,-52.11,0
2020-11-19,7,GUASAVE,462.49,516.86,-54.37,0
2020-11-19,8,GUASAVE,488.79,554.84,-66.05,0
2020-11-19,9,GUASAVE,523.28,621.28,-96.83,-1.17
2020-11-19,10,GUASAVE,379.99,527.1,-92.84,-54.27
2020-11-19,11,GUASAVE,377.79,518.31,-85.55,-54.97
2020-11-19,12,GUASAVE,400.45,519.79,-87.42,-31.92
2020-11-19,13,GUASAVE,451.25,564.36,-92.05,-21.06
2020-11-19,14,GUASAVE,462.73,550.81,-85.68,-2.4
2020-11-19,15,GUASAVE,464.72,549,-83.02,-1.26
2020-11-19,16,GUASAVE,489.06,567.38,-77.47,-.85
2020-11-19,17,GUASAVE,581.41,609.6,-90.31,62.13
2020-11-19,18,GUASAVE,591.84,698.8,-70.56,-36.4
2020-11-19,19,GUASAVE,720.96,807.6,-86.65,0
2020-11-19,20,GUASAVE,725.56,793.96,-85.25,16.86
2020-11-19,21,GUASAVE,692.69,776.58,-83.9,0
2020-11-19,22,GUASAVE,693.96,754.15,-60.19,0
2020-11-19,23,GUASAVE,599.96,611.41,-44.5,33.05
2020-11-19,24,GUASAVE,544.08,579.85,-35.77,0
2020-11-19,1,GUAYMAS,451.39,509.37,-57.98,0
2020-11-19,2,GUAYMAS,440.84,502.56,-61.73,0
2020-11-19,3,GUAYMAS,440.1,502.9,-62.8,0
2020-11-19,4,GUAYMAS,431.42,494.69,-63.27,0
2020-11-19,5,GUAYMAS,416.18,481.3,-65.12,0
2020-11-19,6,GUAYMAS,424.55,493.03,-68.49,0
2020-11-19,7,GUAYMAS,445.9,516.86,-70.95,0
2020-11-19,8,GUAYMAS,470.7,554.84,-84.14,0
2020-11-19,9,GUAYMAS,496.19,621.28,-123.34,-1.75
2020-11-19,10,GUAYMAS,353.11,527.1,-124.6,-49.39
2020-11-19,11,GUAYMAS,345.46,518.31,-123.01,-49.84
2020-11-19,12,GUAYMAS,367.05,519.79,-123.15,-29.59
2020-11-19,13,GUAYMAS,413.2,564.36,-131.08,-20.08
2020-11-19,14,GUAYMAS,425.83,550.81,-123.83,-1.14
2020-11-19,15,GUAYMAS,424.86,549,-122.47,-1.67
2020-11-19,16,GUAYMAS,448.97,567.38,-117.16,-1.25
2020-11-19,17,GUAYMAS,531.64,609.6,-138.92,60.96
2020-11-19,18,GUAYMAS,546.16,698.8,-102.2,-50.43
2020-11-19,19,GUAYMAS,691.9,807.6,-115.7,0
2020-11-19,20,GUAYMAS,690.82,793.96,-119.89,16.75
2020-11-19,21,GUAYMAS,656.33,776.58,-120.25,0
2020-11-19,22,GUAYMAS,661.59,754.15,-92.56,0
2020-11-19,23,GUAYMAS,574.87,611.41,-69.32,32.78
2020-11-19,24,GUAYMAS,521.32,579.85,-58.54,0
2020-11-19,1,HERMOSILLO,442.62,509.37,-66.75,0
2020-11-19,2,HERMOSILLO,432.43,502.56,-70.14,0
2020-11-19,3,HERMOSILLO,432.65,502.9,-70.24,0
2020-11-19,4,HERMOSILLO,424.38,494.69,-70.31,0
2020-11-19,5,HERMOSILLO,409.41,481.3,-71.89,0
2020-11-19,6,HERMOSILLO,417.7,493.03,-75.33,0
2020-11-19,7,HERMOSILLO,438.8,516.86,-78.06,0
2020-11-19,8,HERMOSILLO,464.05,554.84,-90.79,0
2020-11-19,9,HERMOSILLO,487.43,621.28,-131.94,-1.91
2020-11-19,10,HERMOSILLO,347.63,527.1,-131.42,-48.05
2020-11-19,11,HERMOSILLO,337.92,518.31,-131.91,-48.48
2020-11-19,12,HERMOSILLO,359.42,519.79,-131.4,-28.97
2020-11-19,13,HERMOSILLO,403.57,564.36,-140.95,-19.84
2020-11-19,14,HERMOSILLO,416.81,550.81,-133.16,-.84
2020-11-19,15,HERMOSILLO,415.31,549,-131.93,-1.77
2020-11-19,16,HERMOSILLO,438.7,567.38,-127.33,-1.35
2020-11-19,17,HERMOSILLO,517.19,609.6,-153.08,60.67
2020-11-19,18,HERMOSILLO,530.57,698.8,-113.89,-54.34
2020-11-19,19,HERMOSILLO,682.42,807.6,-125.19,0
2020-11-19,20,HERMOSILLO,680.14,793.96,-130.54,16.72
2020-11-19,21,HERMOSILLO,645.26,776.58,-131.32,0
2020-11-19,22,HERMOSILLO,652.79,754.15,-101.36,0
2020-11-19,23,HERMOSILLO,564.98,611.41,-79.12,32.69
2020-11-19,24,HERMOSILLO,510.11,579.85,-69.75,0
2020-11-19,1,HUAJUAPAN,557.35,509.37,47.98,0
2020-11-19,2,HUAJUAPAN,546.26,502.56,43.69,0
2020-11-19,3,HUAJUAPAN,546.22,502.9,43.32,0
2020-11-19,4,HUAJUAPAN,535.63,494.69,40.94,0
2020-11-19,5,HUAJUAPAN,518.41,481.3,37.11,0
2020-11-19,6,HUAJUAPAN,533.76,493.03,40.73,0
2020-11-19,7,HUAJUAPAN,562.07,516.86,45.21,0
2020-11-19,8,HUAJUAPAN,606.77,554.84,51.93,0
2020-11-19,9,HUAJUAPAN,685.44,621.28,64.13,.03
2020-11-19,10,HUAJUAPAN,580.01,527.1,53.29,-.38
2020-11-19,11,HUAJUAPAN,579.13,518.31,61.2,-.38
2020-11-19,12,HUAJUAPAN,585.31,519.79,64,1.52
2020-11-19,13,HUAJUAPAN,662.72,564.36,70.58,27.78
2020-11-19,14,HUAJUAPAN,836.84,550.81,71.57,214.46
2020-11-19,15,HUAJUAPAN,625.3,549,69.18,7.13
2020-11-19,16,HUAJUAPAN,633.8,567.38,66.39,.03
2020-11-19,17,HUAJUAPAN,1207.32,609.6,73.02,524.7
2020-11-19,18,HUAJUAPAN,955.94,698.8,81.25,175.89
2020-11-19,19,HUAJUAPAN,910.3,807.6,102.7,0
2020-11-19,20,HUAJUAPAN,1036.88,793.96,104.39,138.54
2020-11-19,21,HUAJUAPAN,876,776.58,99.42,0
2020-11-19,22,HUAJUAPAN,840.58,754.15,86.43,0
2020-11-19,23,HUAJUAPAN,952.57,611.41,65.83,275.33
2020-11-19,24,HUAJUAPAN,634.36,579.85,54.5,0
2020-11-19,1,HUASTECA,490.56,509.37,-18.81,0
2020-11-19,2,HUASTECA,486.1,502.56,-16.47,0
2020-11-19,3,HUASTECA,486.4,502.9,-16.49,0
2020-11-19,4,HUASTECA,481.36,494.69,-13.33,0
2020-11-19,5,HUASTECA,469.13,481.3,-12.17,0
2020-11-19,6,HUASTECA,478.68,493.03,-14.35,0
2020-11-19,7,HUASTECA,499.59,516.86,-17.26,0
2020-11-19,8,HUASTECA,533.89,554.84,-20.95,0
2020-11-19,9,HUASTECA,596.74,621.28,-24.66,.12
2020-11-19,10,HUASTECA,504.23,527.1,-20.38,-2.49
2020-11-19,11,HUASTECA,495.01,518.31,-20.77,-2.54
2020-11-19,12,HUASTECA,495.71,519.79,-22.28,-1.8
2020-11-19,13,HUASTECA,531.03,564.36,-24.51,-8.82
2020-11-19,14,HUASTECA,542.28,550.81,-25.11,16.59
2020-11-19,15,HUASTECA,524.46,549,-22.57,-1.97
2020-11-19,16,HUASTECA,543.1,567.38,-24.38,.1
2020-11-19,17,HUASTECA,652.91,609.6,-24.95,68.26
2020-11-19,18,HUASTECA,677.13,698.8,-22.69,1.03
2020-11-19,19,HUASTECA,789.02,807.6,-18.58,0
2020-11-19,20,HUASTECA,795.34,793.96,-16.5,17.89
2020-11-19,21,HUASTECA,756.59,776.58,-20,0
2020-11-19,22,HUASTECA,732.42,754.15,-21.74,0
2020-11-19,23,HUASTECA,625.26,611.41,-20.6,34.44
2020-11-19,24,HUASTECA,557.28,579.85,-22.57,0
2020-11-19,1,HUATULCO,590.93,509.37,81.56,0
2020-11-19,2,HUATULCO,577.27,502.56,74.7,0
2020-11-19,3,HUATULCO,575.72,502.9,72.83,0
2020-11-19,4,HUATULCO,563.75,494.69,69.06,0
2020-11-19,5,HUATULCO,542.11,481.3,60.81,0
2020-11-19,6,HUATULCO,558.38,493.03,65.35,0
2020-11-19,7,HUATULCO,587.17,516.86,70.32,0
2020-11-19,8,HUATULCO,630.23,554.84,75.39,0
2020-11-19,9,HUATULCO,713.91,621.28,92.62,.02
2020-11-19,10,HUATULCO,606.45,527.1,79.41,-.06
2020-11-19,11,HUATULCO,605.5,518.31,87.24,-.06
2020-11-19,12,HUATULCO,614.29,519.79,93.04,1.46
2020-11-19,13,HUATULCO,693.1,564.36,104.78,23.96
2020-11-19,14,HUATULCO,837.18,550.81,106.2,180.17
2020-11-19,15,HUATULCO,658.44,549,103.32,6.12
2020-11-19,16,HUATULCO,671.63,567.38,104.23,.02
2020-11-19,17,HUATULCO,1166.78,609.6,112.92,444.27
2020-11-19,18,HUATULCO,966.65,698.8,118.62,149.24
2020-11-19,19,HUATULCO,963.86,807.6,156.25,0
2020-11-19,20,HUATULCO,1074.23,793.96,163.43,116.85
2020-11-19,21,HUATULCO,938.15,776.58,161.57,0
2020-11-19,22,HUATULCO,906.44,754.15,152.29,0
2020-11-19,23,HUATULCO,958.38,611.41,115.89,231.08
2020-11-19,24,HUATULCO,678.74,579.85,98.89,0
2020-11-19,1,HUEJUTLA,486.66,509.37,-22.71,0
2020-11-19,2,HUEJUTLA,484.44,502.56,-18.12,0
2020-11-19,3,HUEJUTLA,485.56,502.9,-17.33,0
2020-11-19,4,HUEJUTLA,476.39,494.69,-18.3,0
2020-11-19,5,HUEJUTLA,463.94,481.3,-17.36,0
2020-11-19,6,HUEJUTLA,473.23,493.03,-19.81,0
2020-11-19,7,HUEJUTLA,493.92,516.86,-22.94,0
2020-11-19,8,HUEJUTLA,528.33,554.84,-26.51,0
2020-11-19,9,HUEJUTLA,593.11,621.28,-28.29,.12
2020-11-19,10,HUEJUTLA,501.41,527.1,-23.16,-2.53
2020-11-19,11,HUEJUTLA,493.41,518.31,-22.32,-2.58
2020-11-19,12,HUEJUTLA,495.1,519.79,-22.74,-1.95
2020-11-19,13,HUEJUTLA,528.35,564.36,-24.91,-11.09
2020-11-19,14,HUEJUTLA,544.18,550.81,-25.52,18.89
2020-11-19,15,HUEJUTLA,522.69,549,-23.78,-2.54
2020-11-19,16,HUEJUTLA,541.66,567.38,-25.84,.12
2020-11-19,17,HUEJUTLA,663.14,609.6,-26.26,79.8
2020-11-19,18,HUEJUTLA,670.58,698.8,-27.12,-1.1
2020-11-19,19,HUEJUTLA,779.67,807.6,-27.94,0
2020-11-19,20,HUEJUTLA,786.65,793.96,-28.54,21.24
2020-11-19,21,HUEJUTLA,746.21,776.58,-30.37,0
2020-11-19,22,HUEJUTLA,724.04,754.15,-30.11,0
2020-11-19,23,HUEJUTLA,626.83,611.41,-23.77,39.18
2020-11-19,24,HUEJUTLA,555.24,579.85,-24.61,0
2020-11-19,1,IGUALA,554.37,509.37,45,0
2020-11-19,2,IGUALA,550.74,502.56,48.18,0
2020-11-19,3,IGUALA,551.47,502.9,48.58,0
2020-11-19,4,IGUALA,539.56,494.69,44.87,0
2020-11-19,5,IGUALA,523.11,481.3,41.81,0
2020-11-19,6,IGUALA,537.53,493.03,44.49,0
2020-11-19,7,IGUALA,564.6,516.86,47.74,0
2020-11-19,8,IGUALA,608.06,554.84,53.22,0
2020-11-19,9,IGUALA,685.52,621.28,64.23,0
2020-11-19,10,IGUALA,583.83,527.1,56.41,.32
2020-11-19,11,IGUALA,576.4,518.31,57.76,.32
2020-11-19,12,IGUALA,580.33,519.79,59.69,.85
2020-11-19,13,IGUALA,641.05,564.36,65.69,11.01
2020-11-19,14,IGUALA,749.49,550.81,66.61,132.07
2020-11-19,15,IGUALA,617.74,549,65.97,2.77
2020-11-19,16,IGUALA,636.86,567.38,69.48,.01
2020-11-19,17,IGUALA,1038.09,609.6,71.85,356.65
2020-11-19,18,IGUALA,877.95,698.8,58.73,120.43
2020-11-19,19,IGUALA,858.72,807.6,51.11,0
2020-11-19,20,IGUALA,939.55,793.96,51.45,94.14
2020-11-19,21,IGUALA,842.34,776.58,65.76,0
2020-11-19,22,IGUALA,835.25,754.15,81.1,0
2020-11-19,23,IGUALA,863.26,611.41,63.82,188.04
2020-11-19,24,IGUALA,639.39,579.85,59.53,0
2020-11-19,1,IRAPUATO,522.33,509.37,12.96,0
2020-11-19,2,IRAPUATO,514.77,502.56,12.2,0
2020-11-19,3,IRAPUATO,514.82,502.9,11.93,0
2020-11-19,4,IRAPUATO,506.52,494.69,11.83,0
2020-11-19,5,IRAPUATO,492.92,481.3,11.62,0
2020-11-19,6,IRAPUATO,504.67,493.03,11.64,0
2020-11-19,7,IRAPUATO,530.31,516.86,13.46,0
2020-11-19,8,IRAPUATO,569.92,554.84,15.07,0
2020-11-19,9,IRAPUATO,636.73,621.28,15.5,-.05
2020-11-19,10,IRAPUATO,539.88,527.1,12.06,.72
2020-11-19,11,IRAPUATO,531.19,518.31,12.14,.74
2020-11-19,12,IRAPUATO,531.99,519.79,11.86,.34
2020-11-19,13,IRAPUATO,577.71,564.36,13.58,-.23
2020-11-19,14,IRAPUATO,578.09,550.81,13.4,13.88
2020-11-19,15,IRAPUATO,562.17,549,13.32,-.15
2020-11-19,16,IRAPUATO,581.43,567.38,14.1,-.04
2020-11-19,17,IRAPUATO,665.35,609.6,15.43,40.33
2020-11-19,18,IRAPUATO,746.79,698.8,21.6,26.4
2020-11-19,19,IRAPUATO,831.91,807.6,24.31,0
2020-11-19,20,IRAPUATO,828.7,793.96,24.03,10.72
2020-11-19,21,IRAPUATO,799.84,776.58,23.25,0
2020-11-19,22,IRAPUATO,778.79,754.15,24.64,0
2020-11-19,23,IRAPUATO,650.93,611.41,18.41,21.11
2020-11-19,24,IRAPUATO,597.52,579.85,17.67,0
2020-11-19,1,IXMIQUILPAN,532.73,509.37,23.36,0
2020-11-19,2,IXMIQUILPAN,525.99,502.56,23.43,0
2020-11-19,3,IXMIQUILPAN,526.16,502.9,23.26,0
2020-11-19,4,IXMIQUILPAN,516.73,494.69,22.04,0
2020-11-19,5,IXMIQUILPAN,502.91,481.3,21.61,0
2020-11-19,6,IXMIQUILPAN,516.51,493.03,23.48,0
2020-11-19,7,IXMIQUILPAN,543.05,516.86,26.2,0
2020-11-19,8,IXMIQUILPAN,585.32,554.84,30.48,0
2020-11-19,9,IXMIQUILPAN,654.75,621.28,33.47,.01
2020-11-19,10,IXMIQUILPAN,556.55,527.1,29.59,-.14
2020-11-19,11,IXMIQUILPAN,546.67,518.31,28.5,-.14
2020-11-19,12,IXMIQUILPAN,548.78,519.79,28.92,.07
2020-11-19,13,IXMIQUILPAN,596.97,564.36,30.37,2.24
2020-11-19,14,IXMIQUILPAN,590.89,550.81,30.61,9.48
2020-11-19,15,IXMIQUILPAN,579.42,549,29.83,.59
2020-11-19,16,IXMIQUILPAN,595.77,567.38,28.38,.01
2020-11-19,17,IXMIQUILPAN,655.39,609.6,25.62,20.17
2020-11-19,18,IXMIQUILPAN,711.25,698.8,7.68,4.77
2020-11-19,19,IXMIQUILPAN,818.47,807.6,10.87,0
2020-11-19,20,IXMIQUILPAN,812.97,793.96,13.4,5.62
2020-11-19,21,IXMIQUILPAN,789.21,776.58,12.63,0
2020-11-19,22,IXMIQUILPAN,762.71,754.15,8.56,0
2020-11-19,23,IXMIQUILPAN,649.47,611.41,26.73,11.33
2020-11-19,24,IXMIQUILPAN,607.04,579.85,27.19,0
2020-11-19,1,IZUCAR,544.19,509.37,34.82,0
2020-11-19,2,IZUCAR,533.79,502.56,31.23,0
2020-11-19,3,IZUCAR,534.13,502.9,31.24,0
2020-11-19,4,IZUCAR,523.94,494.69,29.25,0
2020-11-19,5,IZUCAR,507.9,481.3,26.6,0
2020-11-19,6,IZUCAR,522.5,493.03,29.47,0
2020-11-19,7,IZUCAR,549.2,516.86,32.34,0
2020-11-19,8,IZUCAR,592.35,554.84,37.51,0
2020-11-19,9,IZUCAR,667.94,621.28,46.64,.03
2020-11-19,10,IZUCAR,565.9,527.1,39.17,-.36
2020-11-19,11,IZUCAR,558.41,518.31,40.48,-.38
2020-11-19,12,IZUCAR,563.25,519.79,42.27,1.19
2020-11-19,13,IZUCAR,633.54,564.36,46.85,22.32
2020-11-19,14,IZUCAR,820.46,550.81,47.72,221.93
2020-11-19,15,IZUCAR,600.64,549,45.9,5.74
2020-11-19,16,IZUCAR,616.09,567.38,48.68,.03
2020-11-19,17,IZUCAR,1220.92,609.6,52.64,558.69
2020-11-19,18,IZUCAR,942.9,698.8,55.92,188.19
2020-11-19,19,IZUCAR,875.92,807.6,68.32,0
2020-11-19,20,IZUCAR,1011.07,793.96,69.79,147.33
2020-11-19,21,IZUCAR,843.36,776.58,66.78,0
2020-11-19,22,IZUCAR,812.54,754.15,58.39,0
2020-11-19,23,IZUCAR,953.3,611.41,45.39,296.5
2020-11-19,24,IZUCAR,618.6,579.85,38.74,0
2020-11-19,1,JIQUILPAN,521.25,509.37,11.88,0
2020-11-19,2,JIQUILPAN,512.55,502.56,9.99,0
2020-11-19,3,JIQUILPAN,513.01,502.9,10.11,0
2020-11-19,4,JIQUILPAN,503.85,494.69,9.16,0
2020-11-19,5,JIQUILPAN,489.71,481.3,8.41,0
2020-11-19,6,JIQUILPAN,502.28,493.03,9.25,0
2020-11-19,7,JIQUILPAN,528.41,516.86,11.56,0
2020-11-19,8,JIQUILPAN,568.86,554.84,14.02,0
2020-11-19,9,JIQUILPAN,635.39,621.28,14.21,-.1
2020-11-19,10,JIQUILPAN,541.69,527.1,11.16,3.43
2020-11-19,11,JIQUILPAN,533.94,518.31,12.13,3.5
2020-11-19,12,JIQUILPAN,533.59,519.79,11.92,1.88
2020-11-19,13,JIQUILPAN,579.76,564.36,14.1,1.3
2020-11-19,14,JIQUILPAN,593.3,550.81,14.6,27.89
2020-11-19,15,JIQUILPAN,563.1,549,14.11,-.02
2020-11-19,16,JIQUILPAN,582.95,567.38,15.65,-.08
2020-11-19,17,JIQUILPAN,701.4,609.6,14.87,76.94
2020-11-19,18,JIQUILPAN,751.54,698.8,17.35,35.4
2020-11-19,19,JIQUILPAN,823.36,807.6,15.75,0
2020-11-19,20,JIQUILPAN,829.44,793.96,15.13,20.35
2020-11-19,21,JIQUILPAN,793.18,776.58,16.59,0
2020-11-19,22,JIQUILPAN,774.98,754.15,20.83,0
2020-11-19,23,JIQUILPAN,667.23,611.41,15.37,40.44
2020-11-19,24,JIQUILPAN,596.33,579.85,16.48,0
2020-11-19,1,JUAREZ,413.7,509.37,-95.67,0
2020-11-19,2,JUAREZ,408.69,502.56,-93.88,0
2020-11-19,3,JUAREZ,413.83,502.9,-89.07,0
2020-11-19,4,JUAREZ,407.5,494.69,-87.19,0
2020-11-19,5,JUAREZ,394.23,481.3,-87.07,0
2020-11-19,6,JUAREZ,403.22,493.03,-89.81,0
2020-11-19,7,JUAREZ,425.35,516.86,-91.5,0
2020-11-19,8,JUAREZ,448.69,554.84,-106.15,0
2020-11-19,9,JUAREZ,458.75,621.28,-158.75,-3.78
2020-11-19,10,JUAREZ,367.81,527.1,-126.4,-32.89
2020-11-19,11,JUAREZ,352.97,518.31,-132.46,-32.89
2020-11-19,12,JUAREZ,369.67,519.79,-128.23,-21.89
2020-11-19,13,JUAREZ,393.01,564.36,-154.75,-16.61
2020-11-19,14,JUAREZ,407.97,550.81,-146.13,3.29
2020-11-19,15,JUAREZ,390.94,549,-154.96,-3.11
2020-11-19,16,JUAREZ,425.69,567.38,-139.01,-2.68
2020-11-19,17,JUAREZ,457.11,609.6,-209.26,56.77
2020-11-19,18,JUAREZ,442.08,698.8,-157.65,-99.07
2020-11-19,19,JUAREZ,633.39,807.6,-174.21,0
2020-11-19,20,JUAREZ,634.01,793.96,-176.34,16.4
2020-11-19,21,JUAREZ,600.28,776.58,-176.31,0
2020-11-19,22,JUAREZ,599.49,754.15,-154.66,0
2020-11-19,23,JUAREZ,514.9,611.41,-128.35,31.83
2020-11-19,24,JUAREZ,454.4,579.85,-125.46,0
2020-11-19,1,LAGUNA,473.79,509.37,-35.58,0
2020-11-19,2,LAGUNA,468.96,502.56,-33.61,0
2020-11-19,3,LAGUNA,469.14,502.9,-33.75,0
2020-11-19,4,LAGUNA,467.31,494.69,-27.38,0
2020-11-19,5,LAGUNA,456.6,481.3,-24.7,0
2020-11-19,6,LAGUNA,466.25,493.03,-26.79,0
2020-11-19,7,LAGUNA,485.98,516.86,-30.88,0
2020-11-19,8,LAGUNA,518.92,554.84,-35.92,0
2020-11-19,9,LAGUNA,552.73,621.28,-67.65,-.9
2020-11-19,10,LAGUNA,439.05,527.1,-60.28,-27.77
2020-11-19,11,LAGUNA,429.37,518.32,-60.87,-28.07
2020-11-19,12,LAGUNA,442.09,519.79,-61.15,-16.55
2020-11-19,13,LAGUNA,482.87,564.36,-68.22,-13.27
2020-11-19,14,LAGUNA,491.87,550.81,-65.75,6.82
2020-11-19,15,LAGUNA,480.79,549,-66.84,-1.38
2020-11-19,16,LAGUNA,500.23,567.38,-66.57,-.58
2020-11-19,17,LAGUNA,594.9,609.6,-74.94,60.25
2020-11-19,18,LAGUNA,540.56,698.8,-50.45,-107.79
2020-11-19,19,LAGUNA,751.55,807.6,-56.05,0
2020-11-19,20,LAGUNA,758.89,793.96,-51.29,16.22
2020-11-19,21,LAGUNA,725.23,776.58,-51.36,0
2020-11-19,22,LAGUNA,715.56,754.15,-38.6,0
2020-11-19,23,LAGUNA,611.14,611.41,-31.75,31.47
2020-11-19,24,LAGUNA,550.42,579.85,-29.43,0
2020-11-19,1,LAZARO CARDENAS,532.79,509.37,23.42,0
2020-11-19,2,LAZARO CARDENAS,524.03,502.56,21.47,0
2020-11-19,3,LAZARO CARDENAS,527.7,502.9,24.8,0
2020-11-19,4,LAZARO CARDENAS,514.09,494.69,19.4,0
2020-11-19,5,LAZARO CARDENAS,498.51,481.3,17.21,0
2020-11-19,6,LAZARO CARDENAS,513.13,493.03,20.1,0
2020-11-19,7,LAZARO CARDENAS,539.64,516.86,22.79,0
2020-11-19,8,LAZARO CARDENAS,579.42,554.84,24.58,0
2020-11-19,9,LAZARO CARDENAS,648.33,621.28,27.1,-.04
2020-11-19,10,LAZARO CARDENAS,552.6,527.1,23.8,1.71
2020-11-19,11,LAZARO CARDENAS,545.15,518.31,25.1,1.74
2020-11-19,12,LAZARO CARDENAS,545.61,519.79,24.64,1.18
2020-11-19,13,LAZARO CARDENAS,596.83,564.36,27.99,4.49
2020-11-19,14,LAZARO CARDENAS,644.13,550.81,28.91,64.41
2020-11-19,15,LAZARO CARDENAS,578.19,549,28.21,.98
2020-11-19,16,LAZARO CARDENAS,596.68,567.38,29.34,-.03
2020-11-19,17,LAZARO CARDENAS,812,609.6,24.05,178.35
2020-11-19,18,LAZARO CARDENAS,778.48,698.8,16.14,63.54
2020-11-19,19,LAZARO CARDENAS,815.11,807.6,7.51,0
2020-11-19,20,LAZARO CARDENAS,842.9,793.96,1.8,47.15
2020-11-19,21,LAZARO CARDENAS,785.67,776.58,9.09,0
2020-11-19,22,LAZARO CARDENAS,766.1,754.15,11.95,0
2020-11-19,23,LAZARO CARDENAS,717.01,611.41,11.52,94.08
2020-11-19,24,LAZARO CARDENAS,602.81,579.85,22.96,0
2020-11-19,1,LEON,521.76,509.37,12.38,0
2020-11-19,2,LEON,514.08,502.56,11.52,0
2020-11-19,3,LEON,514.15,502.9,11.25,0
2020-11-19,4,LEON,506.36,494.69,11.67,0
2020-11-19,5,LEON,492.82,481.3,11.52,0
2020-11-19,6,LEON,504.76,493.03,11.72,0
2020-11-19,7,LEON,530.51,516.86,13.65,0
2020-11-19,8,LEON,570.43,554.84,15.58,0
2020-11-19,9,LEON,637.29,621.28,16.06,-.05
2020-11-19,10,LEON,539.32,527.1,12,.22
2020-11-19,11,LEON,530.6,518.31,12.06,.23
2020-11-19,12,LEON,531.47,519.79,11.66,.02
2020-11-19,13,LEON,577.37,564.36,13.83,-.82
2020-11-19,14,LEON,578.32,550.81,13.73,13.78
2020-11-19,15,LEON,562.07,549,13.33,-.26
2020-11-19,16,LEON,581.92,567.38,14.59,-.05
2020-11-19,17,LEON,667.72,609.6,16.46,41.67
2020-11-19,18,LEON,756.58,698.8,25.38,32.41
2020-11-19,19,LEON,836.34,807.6,28.74,0
2020-11-19,20,LEON,832.78,793.96,27.8,11.03
2020-11-19,21,LEON,802.74,776.58,26.16,0
2020-11-19,22,LEON,781.72,754.15,27.57,0
2020-11-19,23,LEON,653.63,611.41,20.45,21.77
2020-11-19,24,LEON,598.3,579.85,18.45,0
2020-11-19,1,LOS ALTOS,522.28,509.37,12.91,0
2020-11-19,2,LOS ALTOS,514.68,502.56,12.12,0
2020-11-19,3,LOS ALTOS,514.94,502.9,12.05,0
2020-11-19,4,LOS ALTOS,507.53,494.69,12.84,0
2020-11-19,5,LOS ALTOS,494.16,481.3,12.86,0
2020-11-19,6,LOS ALTOS,506.22,493.03,13.19,0
2020-11-19,7,LOS ALTOS,532.95,516.86,16.09,0
2020-11-19,8,LOS ALTOS,573.31,554.84,18.47,0
2020-11-19,9,LOS ALTOS,637.39,621.28,16.19,-.08
2020-11-19,10,LOS ALTOS,538.79,527.1,10.86,.83
2020-11-19,11,LOS ALTOS,529.77,518.31,10.61,.84
2020-11-19,12,LOS ALTOS,529.96,519.79,9.87,.3
2020-11-19,13,LOS ALTOS,574.92,564.36,11.47,-.91
2020-11-19,14,LOS ALTOS,582.44,550.81,11.59,20.04
2020-11-19,15,LOS ALTOS,559.55,549,10.91,-.35
2020-11-19,16,LOS ALTOS,580.42,567.38,13.12,-.08
2020-11-19,17,LOS ALTOS,685.22,609.6,15.65,59.97
2020-11-19,18,LOS ALTOS,769.94,698.8,27.01,44.13
2020-11-19,19,LOS ALTOS,837.52,807.6,29.92,0
2020-11-19,20,LOS ALTOS,839.31,793.96,29.53,15.82
2020-11-19,21,LOS ALTOS,803.47,776.58,26.88,0
2020-11-19,22,LOS ALTOS,783.76,754.15,29.61,0
2020-11-19,23,LOS ALTOS,663.96,611.41,21.32,31.23
2020-11-19,24,LOS ALTOS,599.29,579.85,19.44,0
2020-11-19,1,LOS MOCHIS,458.78,509.37,-50.6,0
2020-11-19,2,LOS MOCHIS,447.99,502.56,-54.57,0
2020-11-19,3,LOS MOCHIS,446.17,502.9,-56.73,0
2020-11-19,4,LOS MOCHIS,437.6,494.69,-57.09,0
2020-11-19,5,LOS MOCHIS,422.87,481.3,-58.43,0
2020-11-19,6,LOS MOCHIS,431.17,493.03,-61.86,0
2020-11-19,7,LOS MOCHIS,452.51,516.86,-64.35,0
2020-11-19,8,LOS MOCHIS,477.79,554.84,-77.05,0
2020-11-19,9,LOS MOCHIS,509.17,621.28,-110.87,-1.25
2020-11-19,10,LOS MOCHIS,368.41,527.1,-105.06,-53.63
2020-11-19,11,LOS MOCHIS,366.56,518.31,-97.44,-54.32
2020-11-19,12,LOS MOCHIS,388.28,519.79,-99.89,-31.62
2020-11-19,13,LOS MOCHIS,437.2,564.36,-106.23,-20.93
2020-11-19,14,LOS MOCHIS,448.6,550.81,-99.98,-2.22
2020-11-19,15,LOS MOCHIS,450.38,549,-97.31,-1.31
2020-11-19,16,LOS MOCHIS,473.98,567.38,-92.5,-.91
2020-11-19,17,LOS MOCHIS,563.8,609.6,-107.75,61.96
2020-11-19,18,LOS MOCHIS,575.29,698.8,-85.5,-38.01
2020-11-19,19,LOS MOCHIS,700.16,807.6,-107.45,0
2020-11-19,20,LOS MOCHIS,703.57,793.96,-107.23,16.84
2020-11-19,21,LOS MOCHIS,670.67,776.58,-105.92,0
2020-11-19,22,LOS MOCHIS,673.06,754.15,-81.09,0
2020-11-19,23,LOS MOCHIS,583.61,611.41,-60.82,33.01
2020-11-19,24,LOS MOCHIS,529.57,579.85,-50.28,0
2020-11-19,1,LOS RIOS,552.12,509.37,42.75,0
2020-11-19,2,LOS RIOS,538.84,502.56,36.28,0
2020-11-19,3,LOS RIOS,538.36,502.9,35.47,0
2020-11-19,4,LOS RIOS,525.95,494.69,31.26,0
2020-11-19,5,LOS RIOS,500.49,481.3,19.19,0
2020-11-19,6,LOS RIOS,515.28,493.03,22.25,0
2020-11-19,7,LOS RIOS,541.19,516.86,24.34,0
2020-11-19,8,LOS RIOS,586.58,554.84,31.74,0
2020-11-19,9,LOS RIOS,664.22,621.28,42.91,.03
2020-11-19,10,LOS RIOS,562.08,527.1,35.37,-.39
2020-11-19,11,LOS RIOS,556.71,518.31,38.79,-.4
2020-11-19,12,LOS RIOS,562.92,519.79,41.49,1.64
2020-11-19,13,LOS RIOS,640.63,564.36,46.48,29.8
2020-11-19,14,LOS RIOS,812.07,550.81,48.83,212.44
2020-11-19,15,LOS RIOS,603.65,549,47.01,7.64
2020-11-19,16,LOS RIOS,619.14,567.38,51.73,.03
2020-11-19,17,LOS RIOS,1181.54,609.6,57.4,514.55
2020-11-19,18,LOS RIOS,933.27,698.8,62.05,172.42
2020-11-19,19,LOS RIOS,866.78,807.6,59.18,0
2020-11-19,20,LOS RIOS,988.2,793.96,58.44,135.81
2020-11-19,21,LOS RIOS,832.44,776.58,55.85,0
2020-11-19,22,LOS RIOS,802.27,754.15,48.12,0
2020-11-19,23,LOS RIOS,921.72,611.41,41.7,268.62
2020-11-19,24,LOS RIOS,613.96,579.85,34.11,0
2020-11-19,1,LOS TUXTLAS,531.55,509.37,22.18,0
2020-11-19,2,LOS TUXTLAS,520.23,502.56,17.67,0
2020-11-19,3,LOS TUXTLAS,519.95,502.9,17.05,0
2020-11-19,4,LOS TUXTLAS,508.68,494.69,13.99,0
2020-11-19,5,LOS TUXTLAS,490.23,481.3,8.93,0
2020-11-19,6,LOS TUXTLAS,504.7,493.03,11.67,0
2020-11-19,7,LOS TUXTLAS,530.83,516.86,13.97,0
2020-11-19,8,LOS TUXTLAS,574.26,554.84,19.42,0
2020-11-19,9,LOS TUXTLAS,649.6,621.28,28.3,.03
2020-11-19,10,LOS TUXTLAS,550.09,527.1,23.39,-.4
2020-11-19,11,LOS TUXTLAS,544.44,518.31,26.53,-.41
2020-11-19,12,LOS TUXTLAS,549.35,519.79,27.8,1.76
2020-11-19,13,LOS TUXTLAS,633.41,564.36,37.18,31.87
2020-11-19,14,LOS TUXTLAS,795.38,550.81,32.51,212.05
2020-11-19,15,LOS TUXTLAS,587.44,549,30.33,8.12
2020-11-19,16,LOS TUXTLAS,602.02,567.38,34.62,.03
2020-11-19,17,LOS TUXTLAS,1156.68,609.6,38.96,508.12
2020-11-19,18,LOS TUXTLAS,910.29,698.8,41.48,170.01
2020-11-19,19,LOS TUXTLAS,852.31,807.6,44.7,0
2020-11-19,20,LOS TUXTLAS,972.19,793.96,44.23,134.01
2020-11-19,21,LOS TUXTLAS,818.76,776.58,42.18,0
2020-11-19,22,LOS TUXTLAS,787.12,754.15,32.97,0
2020-11-19,23,LOS TUXTLAS,900.69,611.41,25.31,263.97
2020-11-19,24,LOS TUXTLAS,598.11,579.85,18.26,0
2020-11-19,1,MANZANILLO,512.48,509.37,3.11,0
2020-11-19,2,MANZANILLO,504.03,502.56,1.47,0
2020-11-19,3,MANZANILLO,503.94,502.9,1.05,0
2020-11-19,4,MANZANILLO,495.41,494.69,.72,0
2020-11-19,5,MANZANILLO,481.58,481.3,.28,0
2020-11-19,6,MANZANILLO,493.32,493.03,.29,0
2020-11-19,7,MANZANILLO,518.63,516.86,1.77,0
2020-11-19,8,MANZANILLO,557.44,554.84,2.6,0
2020-11-19,9,MANZANILLO,620.42,621.28,-.71,-.14
2020-11-19,10,MANZANILLO,530.27,527.1,-2.16,5.33
2020-11-19,11,MANZANILLO,524.69,518.31,.94,5.44
2020-11-19,12,MANZANILLO,522.54,519.79,-.14,2.89
2020-11-19,13,MANZANILLO,567.32,564.36,1.49,1.47
2020-11-19,14,MANZANILLO,579.37,550.81,1.28,27.28
2020-11-19,15,MANZANILLO,549.56,549,.72,-.16
2020-11-19,16,MANZANILLO,569.41,567.38,2.15,-.12
2020-11-19,17,MANZANILLO,685.34,609.6,1.91,73.84
2020-11-19,18,MANZANILLO,738.29,698.8,5.95,33.54
2020-11-19,19,MANZANILLO,810.11,807.6,2.51,0
2020-11-19,20,MANZANILLO,817.03,793.96,3.52,19.55
2020-11-19,21,MANZANILLO,781.15,776.58,4.57,0
2020-11-19,22,MANZANILLO,765.08,754.15,10.93,0
2020-11-19,23,MANZANILLO,657.45,611.41,7.26,38.78
2020-11-19,24,MANZANILLO,587.58,579.85,7.72,0
2020-11-19,1,MATAMOROS,417.12,509.37,-92.25,0
2020-11-19,2,MATAMOROS,418.04,502.56,-84.53,0
2020-11-19,3,MATAMOROS,420.87,502.9,-82.02,0
2020-11-19,4,MATAMOROS,418.34,494.69,-76.35,0
2020-11-19,5,MATAMOROS,409.75,481.3,-71.55,0
2020-11-19,6,MATAMOROS,418.26,493.03,-74.77,0
2020-11-19,7,MATAMOROS,440.35,516.86,-76.5,0
2020-11-19,8,MATAMOROS,474.51,554.84,-80.34,0
2020-11-19,9,MATAMOROS,387.32,621.28,-80.84,-153.12
2020-11-19,10,MATAMOROS,368.36,527.1,-79.43,-79.31
2020-11-19,11,MATAMOROS,370.92,518.31,-86.21,-61.18
2020-11-19,12,MATAMOROS,284.11,519.79,-91.9,-143.79
2020-11-19,13,MATAMOROS,369.87,564.36,-97.06,-97.43
2020-11-19,14,MATAMOROS,375.14,550.81,-93.38,-82.29
2020-11-19,15,MATAMOROS,375.21,549,-93.52,-80.28
2020-11-19,16,MATAMOROS,375.48,567.38,-96.69,-95.2
2020-11-19,17,MATAMOROS,372.24,609.6,-105.31,-132.04
2020-11-19,18,MATAMOROS,396.82,698.8,-155.85,-146.13
2020-11-19,19,MATAMOROS,673.44,807.6,-134.17,0
2020-11-19,20,MATAMOROS,689.17,793.96,-120.99,16.2
2020-11-19,21,MATAMOROS,663.45,776.58,-113.13,0
2020-11-19,22,MATAMOROS,651.66,754.15,-102.49,0
2020-11-19,23,MATAMOROS,562,611.41,-80.53,31.12
2020-11-19,24,MATAMOROS,506.74,579.85,-73.11,0
2020-11-19,1,MATEHUALA,519.39,509.37,10.02,0
2020-11-19,2,MATEHUALA,512.44,502.56,9.88,0
2020-11-19,3,MATEHUALA,511.1,502.9,8.2,0
2020-11-19,4,MATEHUALA,506.12,494.69,11.43,0
2020-11-19,5,MATEHUALA,496.05,481.3,14.75,0
2020-11-19,6,MATEHUALA,507.77,493.03,14.73,0
2020-11-19,7,MATEHUALA,530.72,516.86,13.86,0
2020-11-19,8,MATEHUALA,573.54,554.84,18.7,0
2020-11-19,9,MATEHUALA,637.94,621.28,16.66,0
2020-11-19,10,MATEHUALA,535.18,527.1,9.27,-1.19
2020-11-19,11,MATEHUALA,523.78,518.31,6.67,-1.2
2020-11-19,12,MATEHUALA,522.61,519.79,3.7,-.88
2020-11-19,13,MATEHUALA,563.57,564.36,2.81,-3.6
2020-11-19,14,MATEHUALA,566.75,550.81,.73,15.21
2020-11-19,15,MATEHUALA,548.24,549,.07,-.82
2020-11-19,16,MATEHUALA,565.16,567.38,-2.21,-.01
2020-11-19,17,MATEHUALA,662.61,609.6,.79,52.23
2020-11-19,18,MATEHUALA,745.27,698.8,13.31,33.16
2020-11-19,19,MATEHUALA,817.65,807.6,10.05,0
2020-11-19,20,MATEHUALA,818.59,793.96,10.85,13.79
2020-11-19,21,MATEHUALA,781.14,776.58,4.56,0
2020-11-19,22,MATEHUALA,758.04,754.15,3.89,0
2020-11-19,23,MATEHUALA,650.37,611.41,11.91,27.05
2020-11-19,24,MATEHUALA,592.85,579.85,13,0
2020-11-19,1,MAZATLAN,495.52,509.37,-13.85,0
2020-11-19,2,MAZATLAN,485.78,502.56,-16.78,0
2020-11-19,3,MAZATLAN,484.15,502.9,-18.74,0
2020-11-19,4,MAZATLAN,476.17,494.69,-18.52,0
2020-11-19,5,MAZATLAN,461.63,481.3,-19.67,0
2020-11-19,6,MAZATLAN,471.17,493.03,-21.86,0
2020-11-19,7,MAZATLAN,494.07,516.86,-22.78,0
2020-11-19,8,MAZATLAN,526.83,554.84,-28.01,0
2020-11-19,9,MAZATLAN,572.79,621.28,-47.79,-.71
2020-11-19,10,MAZATLAN,423.46,527.1,-46.16,-57.48
2020-11-19,11,MAZATLAN,418,518.31,-42.05,-58.27
2020-11-19,12,MAZATLAN,444.03,519.79,-42.42,-33.35
2020-11-19,13,MAZATLAN,498.33,564.36,-44.34,-21.68
2020-11-19,14,MAZATLAN,506.19,550.81,-41.4,-3.22
2020-11-19,15,MAZATLAN,508.18,549,-39.9,-.92
2020-11-19,16,MAZATLAN,530.91,567.38,-35.96,-.51
2020-11-19,17,MAZATLAN,631.22,609.6,-41.41,63.04
2020-11-19,18,MAZATLAN,647.15,698.8,-25.97,-25.68
2020-11-19,19,MAZATLAN,769.31,807.6,-38.3,0
2020-11-19,20,MAZATLAN,776.01,793.96,-34.86,16.92
2020-11-19,21,MAZATLAN,742.71,776.58,-33.87,0
2020-11-19,22,MAZATLAN,740.5,754.15,-13.65,0
2020-11-19,23,MAZATLAN,634.88,611.41,-9.74,33.21
2020-11-19,24,MAZATLAN,572.96,579.85,-6.9,0
2020-11-19,1,MERIDA,570.21,509.37,60.84,0
2020-11-19,2,MERIDA,554.45,502.56,51.89,0
2020-11-19,3,MERIDA,555.56,502.9,52.67,0
2020-11-19,4,MERIDA,541.14,494.69,46.45,0
2020-11-19,5,MERIDA,497.65,481.3,16.35,0
2020-11-19,6,MERIDA,513.04,493.03,20,0
2020-11-19,7,MERIDA,538.48,516.86,21.62,0
2020-11-19,8,MERIDA,589.32,554.84,34.48,0
2020-11-19,9,MERIDA,672.67,621.28,51.36,.03
2020-11-19,10,MERIDA,572.38,527.1,45.67,-.39
2020-11-19,11,MERIDA,568.12,518.31,50.2,-.4
2020-11-19,12,MERIDA,574.52,519.79,53.09,1.64
2020-11-19,13,MERIDA,653.07,564.36,58.92,29.8
2020-11-19,14,MERIDA,827.12,550.81,63.87,212.43
2020-11-19,15,MERIDA,616.12,549,59.48,7.64
2020-11-19,16,MERIDA,632.39,567.38,64.98,.03
2020-11-19,17,MERIDA,1193.13,609.6,68.99,514.55
2020-11-19,18,MERIDA,949.15,698.8,77.93,172.42
2020-11-19,19,MERIDA,887.46,807.6,79.86,0
2020-11-19,20,MERIDA,1003.64,793.96,73.88,135.81
2020-11-19,21,MERIDA,848.47,776.58,71.89,0
2020-11-19,22,MERIDA,819.15,754.15,65,0
2020-11-19,23,MERIDA,931.07,611.41,51.04,268.62
2020-11-19,24,MERIDA,622.5,579.85,42.64,0
2020-11-19,1,MINAS,543.46,509.37,34.09,0
2020-11-19,2,MINAS,532.13,502.56,29.57,0
2020-11-19,3,MINAS,530.85,502.9,27.95,0
2020-11-19,4,MINAS,521.98,494.69,27.29,0
2020-11-19,5,MINAS,507.37,481.3,26.07,0
2020-11-19,6,MINAS,520.43,493.03,27.4,0
2020-11-19,7,MINAS,549.28,516.86,32.42,0
2020-11-19,8,MINAS,587.06,554.84,32.21,0
2020-11-19,9,MINAS,657.12,621.28,36.03,-.19
2020-11-19,10,MINAS,564.26,527.1,29.86,7.3
2020-11-19,11,MINAS,556.66,518.31,30.89,7.45
2020-11-19,12,MINAS,556.71,519.79,32.96,3.96
2020-11-19,13,MINAS,604.1,564.36,37.98,1.76
2020-11-19,14,MINAS,615.49,550.81,38.49,26.2
2020-11-19,15,MINAS,582.18,549,33.45,-.27
2020-11-19,16,MINAS,602.65,567.38,35.42,-.15
2020-11-19,17,MINAS,718.81,609.6,39.96,69.26
2020-11-19,18,MINAS,782.77,698.8,54.36,29.61
2020-11-19,19,MINAS,872.01,807.6,64.41,0
2020-11-19,20,MINAS,876,793.96,63.67,18.37
2020-11-19,21,MINAS,836.04,776.58,59.46,0
2020-11-19,22,MINAS,817.94,754.15,63.79,0
2020-11-19,23,MINAS,697.72,611.41,50.01,36.3
2020-11-19,24,MINAS,621.77,579.85,41.92,0
2020-11-19,1,MONCLOVA,434.73,509.37,-74.64,0
2020-11-19,2,MONCLOVA,433.11,502.56,-69.46,0
2020-11-19,3,MONCLOVA,434.9,502.9,-67.99,0
2020-11-19,4,MONCLOVA,432.85,494.69,-61.84,0
2020-11-19,5,MONCLOVA,423.05,481.3,-58.25,0
2020-11-19,6,MONCLOVA,431.34,493.03,-61.7,0
2020-11-19,7,MONCLOVA,453.57,516.86,-63.28,0
2020-11-19,8,MONCLOVA,486.85,554.84,-67.99,0
2020-11-19,9,MONCLOVA,533.67,621.28,-83.47,-4.14
2020-11-19,10,MONCLOVA,433.98,527.1,-77.34,-15.79
2020-11-19,11,MONCLOVA,424.75,518.31,-78.08,-15.48
2020-11-19,12,MONCLOVA,425.57,519.79,-82.13,-12.09
2020-11-19,13,MONCLOVA,469.85,564.36,-82.68,-11.83
2020-11-19,14,MONCLOVA,480.33,550.81,-79.72,9.24
2020-11-19,15,MONCLOVA,462.81,549,-82.77,-3.42
2020-11-19,16,MONCLOVA,480.05,567.38,-84.63,-2.7
2020-11-19,17,MONCLOVA,564.84,609.6,-100.34,55.58
2020-11-19,18,MONCLOVA,447.91,698.8,-99.67,-151.22
2020-11-19,19,MONCLOVA,697.12,807.6,-110.48,0
2020-11-19,20,MONCLOVA,701.65,793.96,-108.43,16.13
2020-11-19,21,MONCLOVA,671.39,776.58,-105.19,0
2020-11-19,22,MONCLOVA,662.44,754.15,-91.71,0
2020-11-19,23,MONCLOVA,568.81,611.41,-73.63,31.03
2020-11-19,24,MONCLOVA,510.4,579.85,-69.45,0
2020-11-19,1,MONTEMORELOS,449.34,509.37,-60.03,0
2020-11-19,2,MONTEMORELOS,448.62,502.56,-53.94,0
2020-11-19,3,MONTEMORELOS,449.99,502.9,-52.91,0
2020-11-19,4,MONTEMORELOS,446.81,494.69,-47.88,0
2020-11-19,5,MONTEMORELOS,436.9,481.3,-44.4,0
2020-11-19,6,MONTEMORELOS,445.76,493.03,-47.28,0
2020-11-19,7,MONTEMORELOS,467.56,516.86,-49.3,0
2020-11-19,8,MONTEMORELOS,501.65,554.84,-53.19,0
2020-11-19,9,MONTEMORELOS,558.84,621.28,-62.87,.43
2020-11-19,10,MONTEMORELOS,457.16,527.1,-59.2,-10.74
2020-11-19,11,MONTEMORELOS,447.6,518.31,-59.78,-10.94
2020-11-19,12,MONTEMORELOS,450.15,519.79,-63.63,-6.02
2020-11-19,13,MONTEMORELOS,489.46,564.36,-66.13,-8.77
2020-11-19,14,MONTEMORELOS,499.87,550.81,-64.24,13.3
2020-11-19,15,MONTEMORELOS,483.15,549,-64.8,-1.05
2020-11-19,16,MONTEMORELOS,501.14,567.38,-66.63,.39
2020-11-19,17,MONTEMORELOS,596.71,609.6,-75.85,62.96
2020-11-19,18,MONTEMORELOS,490.59,698.8,-79.16,-129.04
2020-11-19,19,MONTEMORELOS,723.9,807.6,-83.71,0
2020-11-19,20,MONTEMORELOS,729.25,793.96,-81.09,16.39
2020-11-19,21,MONTEMORELOS,697.23,776.58,-79.35,0
2020-11-19,22,MONTEMORELOS,684.41,754.15,-69.74,0
2020-11-19,23,MONTEMORELOS,585.98,611.41,-56.83,31.39
2020-11-19,24,MONTEMORELOS,525.56,579.85,-54.29,0
2020-11-19,1,MONTERREY,440.87,509.37,-68.5,0
2020-11-19,2,MONTERREY,440.35,502.56,-62.22,0
2020-11-19,3,MONTERREY,441.9,502.9,-61,0
2020-11-19,4,MONTERREY,439.24,494.69,-55.45,0
2020-11-19,5,MONTERREY,429.74,481.3,-51.56,0
2020-11-19,6,MONTERREY,438.32,493.03,-54.71,0
2020-11-19,7,MONTERREY,459.9,516.86,-56.95,0
2020-11-19,8,MONTERREY,493.49,554.84,-61.35,0
2020-11-19,9,MONTERREY,547.72,621.28,-73.62,.07
2020-11-19,10,MONTERREY,445.36,527.1,-69.32,-12.42
2020-11-19,11,MONTERREY,435.89,518.32,-69.82,-12.6
2020-11-19,12,MONTERREY,438.63,519.79,-73.98,-7.17
2020-11-19,13,MONTERREY,478.67,564.36,-76.78,-8.9
2020-11-19,14,MONTERREY,488.94,550.81,-74.43,12.56
2020-11-19,15,MONTERREY,472,549,-75.9,-1.1
2020-11-19,16,MONTERREY,489.66,567.38,-77.87,.16
2020-11-19,17,MONTERREY,582.71,609.6,-88.46,61.57
2020-11-19,18,MONTERREY,457.08,698.8,-92.15,-149.57
2020-11-19,19,MONTERREY,707.73,807.6,-99.87,0
2020-11-19,20,MONTERREY,713.27,793.96,-96.85,16.17
2020-11-19,21,MONTERREY,682.75,776.58,-93.83,0
2020-11-19,22,MONTERREY,671.77,754.15,-82.38,0
2020-11-19,23,MONTERREY,576.93,611.41,-65.55,31.06
2020-11-19,24,MONTERREY,518.43,579.85,-61.42,0
2020-11-19,1,MORELIA,529.3,509.37,19.93,0
2020-11-19,2,MORELIA,519.97,502.56,17.4,0
2020-11-19,3,MORELIA,520.26,502.9,17.37,0
2020-11-19,4,MORELIA,510.52,494.69,15.83,0
2020-11-19,5,MORELIA,496.25,481.3,14.95,0
2020-11-19,6,MORELIA,509.53,493.03,16.49,0
2020-11-19,7,MORELIA,536.83,516.86,19.98,0
2020-11-19,8,MORELIA,579.22,554.84,24.38,0
2020-11-19,9,MORELIA,649.97,621.28,28.74,-.05
2020-11-19,10,MORELIA,553.36,527.1,24.7,1.56
2020-11-19,11,MORELIA,545.5,518.31,25.59,1.6
2020-11-19,12,MORELIA,546.65,519.79,25.92,.94
2020-11-19,13,MORELIA,595.53,564.36,29.22,1.95
2020-11-19,14,MORELIA,614.72,550.81,28.73,35.18
2020-11-19,15,MORELIA,577.39,549,28.07,.33
2020-11-19,16,MORELIA,597.11,567.38,29.78,-.04
2020-11-19,17,MORELIA,737.4,609.6,30.27,97.54
2020-11-19,18,MORELIA,771.46,698.8,33.28,39.39
2020-11-19,19,MORELIA,846.02,807.6,38.42,0
2020-11-19,20,MORELIA,859.02,793.96,39.06,26
2020-11-19,21,MORELIA,815.7,776.58,39.12,0
2020-11-19,22,MORELIA,792.41,754.15,38.26,0
2020-11-19,23,MORELIA,689.68,611.41,27.26,51.02
2020-11-19,24,MORELIA,605.25,579.85,25.4,0
2020-11-19,1,MORELOS,535.28,509.37,25.91,0
2020-11-19,2,MORELOS,526.42,502.56,23.86,0
2020-11-19,3,MORELOS,526.76,502.9,23.86,0
2020-11-19,4,MORELOS,516.45,494.69,21.76,0
2020-11-19,5,MORELOS,501.08,481.3,19.78,0
2020-11-19,6,MORELOS,515.05,493.03,22.02,0
2020-11-19,7,MORELOS,541.09,516.86,24.23,0
2020-11-19,8,MORELOS,583.41,554.84,28.57,0
2020-11-19,9,MORELOS,657.97,621.28,36.67,.02
2020-11-19,10,MORELOS,559.05,527.1,32.07,-.12
2020-11-19,11,MORELOS,551.3,518.31,33.12,-.13
2020-11-19,12,MORELOS,556.08,519.79,35.55,.74
2020-11-19,13,MORELOS,616.18,564.36,38.99,12.84
2020-11-19,14,MORELOS,743.92,550.81,39.24,153.87
2020-11-19,15,MORELOS,590.07,549,37.78,3.29
2020-11-19,16,MORELOS,607.9,567.38,40.5,.02
2020-11-19,17,MORELOS,1069.03,609.6,42.47,416.97
2020-11-19,18,MORELOS,879.45,698.8,40.91,139.74
2020-11-19,19,MORELOS,852.38,807.6,44.77,0
2020-11-19,20,MORELOS,948.83,793.96,44.99,109.88
2020-11-19,21,MORELOS,822.82,776.58,46.24,0
2020-11-19,22,MORELOS,797.91,754.15,43.76,0
2020-11-19,23,MORELOS,865.1,611.41,33.93,219.76
2020-11-19,24,MORELOS,609.34,579.85,29.49,0
2020-11-19,1,MOTUL TIZIMIN,556.03,509.37,46.66,0
2020-11-19,2,MOTUL TIZIMIN,540.98,502.56,38.42,0
2020-11-19,3,MOTUL TIZIMIN,541.5,502.9,38.61,0
2020-11-19,4,MOTUL TIZIMIN,524.72,494.69,30.03,0
2020-11-19,5,MOTUL TIZIMIN,483.68,481.3,2.38,0
2020-11-19,6,MOTUL TIZIMIN,499.13,493.03,6.1,0
2020-11-19,7,MOTUL TIZIMIN,525.5,516.86,8.65,0
2020-11-19,8,MOTUL TIZIMIN,577.46,554.84,22.62,0
2020-11-19,9,MOTUL TIZIMIN,655.17,621.28,33.86,.03
2020-11-19,10,MOTUL TIZIMIN,557.48,527.1,30.77,-.39
2020-11-19,11,MOTUL TIZIMIN,551.43,518.31,33.51,-.4
2020-11-19,12,MOTUL TIZIMIN,557.7,519.79,36.27,1.64
2020-11-19,13,MOTUL TIZIMIN,634.9,564.36,40.74,29.8
2020-11-19,14,MOTUL TIZIMIN,813.21,550.81,49.97,212.43
2020-11-19,15,MOTUL TIZIMIN,602.86,549,46.22,7.64
2020-11-19,16,MOTUL TIZIMIN,617.72,567.38,50.31,.03
2020-11-19,17,MOTUL TIZIMIN,1178.31,609.6,54.17,514.55
2020-11-19,18,MOTUL TIZIMIN,933.87,698.8,62.65,172.42
2020-11-19,19,MOTUL TIZIMIN,873.11,807.6,65.51,0
2020-11-19,20,MOTUL TIZIMIN,987.09,793.96,57.33,135.81
2020-11-19,21,MOTUL TIZIMIN,832.56,776.58,55.98,0
2020-11-19,22,MOTUL TIZIMIN,804.49,754.15,50.34,0
2020-11-19,23,MOTUL TIZIMIN,918.51,611.41,38.48,268.62
2020-11-19,24,MOTUL TIZIMIN,608.19,579.85,28.34,0
2020-11-19,1,NAVOJOA,459.38,509.37,-50,0
2020-11-19,2,NAVOJOA,448.48,502.56,-54.09,0
2020-11-19,3,NAVOJOA,446.99,502.9,-55.9,0
2020-11-19,4,NAVOJOA,438.31,494.69,-56.38,0
2020-11-19,5,NAVOJOA,423.4,481.3,-57.9,0
2020-11-19,6,NAVOJOA,431.83,493.03,-61.21,0
2020-11-19,7,NAVOJOA,453.33,516.86,-63.53,0
2020-11-19,8,NAVOJOA,477.61,554.84,-77.23,0
2020-11-19,9,NAVOJOA,505.59,621.28,-114.26,-1.43
2020-11-19,10,NAVOJOA,361.3,527.1,-113.71,-52.1
2020-11-19,11,NAVOJOA,358.62,518.31,-106.89,-52.81
2020-11-19,12,NAVOJOA,380.46,519.79,-108.39,-30.94
2020-11-19,13,NAVOJOA,429.12,564.36,-114.61,-20.62
2020-11-19,14,NAVOJOA,441.12,550.81,-107.86,-1.84
2020-11-19,15,NAVOJOA,441.96,549,-105.6,-1.44
2020-11-19,16,NAVOJOA,465.63,567.38,-100.72,-1.03
2020-11-19,17,NAVOJOA,550.94,609.6,-120.23,61.57
2020-11-19,18,NAVOJOA,564.26,698.8,-92.02,-42.51
2020-11-19,19,NAVOJOA,682.96,807.6,-124.64,0
2020-11-19,20,NAVOJOA,684.32,793.96,-126.45,16.81
2020-11-19,21,NAVOJOA,652.15,776.58,-124.44,0
2020-11-19,22,NAVOJOA,656.03,754.15,-98.12,0
2020-11-19,23,NAVOJOA,575,611.41,-69.34,32.92
2020-11-19,24,NAVOJOA,529.03,579.85,-50.82,0
2020-11-19,1,NOGALES,435.26,509.37,-74.11,0
2020-11-19,2,NOGALES,425.98,502.56,-76.59,0
2020-11-19,3,NOGALES,426.98,502.9,-75.91,0
2020-11-19,4,NOGALES,419.69,494.69,-75,0
2020-11-19,5,NOGALES,404.49,481.3,-76.81,0
2020-11-19,6,NOGALES,413.9,493.03,-79.13,0
2020-11-19,7,NOGALES,435.43,516.86,-81.42,0
2020-11-19,8,NOGALES,466.21,554.84,-88.63,0
2020-11-19,9,NOGALES,487.48,621.28,-131.42,-2.38
2020-11-19,10,NOGALES,346.86,527.1,-135.24,-45.01
2020-11-19,11,NOGALES,330.74,518.31,-142.2,-45.37
2020-11-19,12,NOGALES,351.68,519.79,-140.54,-27.57
2020-11-19,13,NOGALES,391.86,564.36,-153.3,-19.2
2020-11-19,14,NOGALES,404.72,550.81,-146.07,-.02
2020-11-19,15,NOGALES,400.5,549,-146.47,-2.03
2020-11-19,16,NOGALES,422.47,567.38,-143.29,-1.61
2020-11-19,17,NOGALES,489.93,609.6,-179.57,59.9
2020-11-19,18,NOGALES,505.9,698.8,-129.62,-63.28
2020-11-19,19,NOGALES,676.47,807.6,-131.13,0
2020-11-19,20,NOGALES,671.5,793.96,-139.11,16.66
2020-11-19,21,NOGALES,633.91,776.58,-142.67,0
2020-11-19,22,NOGALES,647.56,754.15,-106.59,0
2020-11-19,23,NOGALES,559.07,611.41,-84.86,32.51
2020-11-19,24,NOGALES,501.52,579.85,-78.33,0
2020-11-19,1,NUEVO LAREDO,429.57,509.37,-79.8,0
2020-11-19,2,NUEVO LAREDO,427.48,502.56,-75.09,0
2020-11-19,3,NUEVO LAREDO,429.02,502.9,-73.88,0
2020-11-19,4,NUEVO LAREDO,426.91,494.69,-67.78,0
2020-11-19,5,NUEVO LAREDO,416.54,481.3,-64.76,0
2020-11-19,6,NUEVO LAREDO,425.57,493.03,-67.46,0
2020-11-19,7,NUEVO LAREDO,448.45,516.86,-68.4,0
2020-11-19,8,NUEVO LAREDO,481.87,554.84,-72.97,0
2020-11-19,9,NUEVO LAREDO,499.26,621.28,-89.91,-32.11
2020-11-19,10,NUEVO LAREDO,415.96,527.1,-82.9,-28.25
2020-11-19,11,NUEVO LAREDO,409.88,518.31,-83.77,-24.67
2020-11-19,12,NUEVO LAREDO,397.25,519.79,-87.08,-35.47
2020-11-19,13,NUEVO LAREDO,451.26,564.36,-86.07,-27.04
2020-11-19,14,NUEVO LAREDO,461.44,550.81,-82.27,-7.1
2020-11-19,15,NUEVO LAREDO,445.84,549,-86.23,-16.94
2020-11-19,16,NUEVO LAREDO,461.18,567.38,-87.19,-19.01
2020-11-19,17,NUEVO LAREDO,523.65,609.6,-107.14,21.2
2020-11-19,18,NUEVO LAREDO,445.52,698.8,-106.7,-146.58
2020-11-19,19,NUEVO LAREDO,690.31,807.6,-117.29,0
2020-11-19,20,NUEVO LAREDO,694.23,793.96,-115.89,16.16
2020-11-19,21,NUEVO LAREDO,664.49,776.58,-112.09,0
2020-11-19,22,NUEVO LAREDO,657.17,754.15,-96.98,0
2020-11-19,23,NUEVO LAREDO,563.72,611.41,-78.79,31.1
2020-11-19,24,NUEVO LAREDO,504.36,579.85,-75.5,0
2020-11-19,1,OAXACA,541.39,509.37,32.02,0
2020-11-19,2,OAXACA,530.08,502.56,27.52,0
2020-11-19,3,OAXACA,530.15,502.9,27.25,0
2020-11-19,4,OAXACA,519.5,494.69,24.81,0
2020-11-19,5,OAXACA,501.04,481.3,19.75,0
2020-11-19,6,OAXACA,516.03,493.03,23,0
2020-11-19,7,OAXACA,543.02,516.86,26.16,0
2020-11-19,8,OAXACA,587.08,554.84,32.24,0
2020-11-19,9,OAXACA,664.18,621.28,42.88,.03
2020-11-19,10,OAXACA,562.53,527.1,35.82,-.39
2020-11-19,11,OAXACA,571.73,518.31,53.79,-.37
2020-11-19,12,OAXACA,578.17,519.79,56.62,1.77
2020-11-19,13,OAXACA,659.13,564.36,63.14,31.63
2020-11-19,14,OAXACA,824.79,550.81,64.71,209.27
2020-11-19,15,OAXACA,619.3,549,62.17,8.13
2020-11-19,16,OAXACA,616.76,567.38,49.35,.03
2020-11-19,17,OAXACA,1163.83,609.6,54.65,499.58
2020-11-19,18,OAXACA,925.08,698.8,59.17,167.12
2020-11-19,19,OAXACA,876.79,807.6,69.19,0
2020-11-19,20,OAXACA,996.01,793.96,70.19,131.87
2020-11-19,21,OAXACA,843.39,776.58,66.8,0
2020-11-19,22,OAXACA,810.71,754.15,56.56,0
2020-11-19,23,OAXACA,913.1,611.41,43.1,258.59
2020-11-19,24,OAXACA,613.44,579.85,33.59,0
2020-11-19,1,OBREGON,448.97,509.37,-60.4,0
2020-11-19,2,OBREGON,438.51,502.56,-64.05,0
2020-11-19,3,OBREGON,437.31,502.9,-65.58,0
2020-11-19,4,OBREGON,428.87,494.69,-65.82,0
2020-11-19,5,OBREGON,414.1,481.3,-67.2,0
2020-11-19,6,OBREGON,422.35,493.03,-70.68,0
2020-11-19,7,OBREGON,443.41,516.86,-73.44,0
2020-11-19,8,OBREGON,466.3,554.84,-88.54,0
2020-11-19,9,OBREGON,493.4,621.28,-126.37,-1.51
2020-11-19,10,OBREGON,352.53,527.1,-123.14,-51.42
2020-11-19,11,OBREGON,346.7,518.31,-119.68,-51.93
2020-11-19,12,OBREGON,368.1,519.79,-121.14,-30.54
2020-11-19,13,OBREGON,414.63,564.36,-129.29,-20.44
2020-11-19,14,OBREGON,427.28,550.81,-121.93,-1.61
2020-11-19,15,OBREGON,427.6,549,-119.89,-1.52
2020-11-19,16,OBREGON,451.02,567.38,-115.26,-1.1
2020-11-19,17,OBREGON,536.73,609.6,-134.27,61.4
2020-11-19,18,OBREGON,549.85,698.8,-104.54,-44.41
2020-11-19,19,OBREGON,679.15,807.6,-128.45,0
2020-11-19,20,OBREGON,680.05,793.96,-130.7,16.8
2020-11-19,21,OBREGON,646.94,776.58,-129.65,0
2020-11-19,22,OBREGON,651.66,754.15,-102.49,0
2020-11-19,23,OBREGON,567.63,611.41,-76.67,32.89
2020-11-19,24,OBREGON,516.49,579.85,-63.37,0
2020-11-19,1,ORIZABA,526.34,509.37,16.97,0
2020-11-19,2,ORIZABA,516.56,502.56,14,0
2020-11-19,3,ORIZABA,517.01,502.9,14.12,0
2020-11-19,4,ORIZABA,506.95,494.69,12.26,0
2020-11-19,5,ORIZABA,490.09,481.3,8.79,0
2020-11-19,6,ORIZABA,503.88,493.03,10.84,0
2020-11-19,7,ORIZABA,529.14,516.86,12.29,0
2020-11-19,8,ORIZABA,571.24,554.84,16.4,0
2020-11-19,9,ORIZABA,645.13,621.28,23.82,.03
2020-11-19,10,ORIZABA,545.8,527.1,19.11,-.41
2020-11-19,11,ORIZABA,539.34,518.31,21.45,-.42
2020-11-19,12,ORIZABA,544.85,519.79,23.31,1.76
2020-11-19,13,ORIZABA,622.07,564.36,26.01,31.7
2020-11-19,14,ORIZABA,795.66,550.81,27.42,217.43
2020-11-19,15,ORIZABA,582.44,549,25.12,8.32
2020-11-19,16,ORIZABA,595.33,567.38,27.93,.03
2020-11-19,17,ORIZABA,1160.57,609.6,30.82,520.15
2020-11-19,18,ORIZABA,903.53,698.8,30.32,174.42
2020-11-19,19,ORIZABA,838.25,807.6,30.65,0
2020-11-19,20,ORIZABA,961.21,793.96,31.69,135.56
2020-11-19,21,ORIZABA,807.02,776.58,30.44,0
2020-11-19,22,ORIZABA,778.93,754.15,24.78,0
2020-11-19,23,ORIZABA,898.93,611.41,20.01,267.51
2020-11-19,24,ORIZABA,595.11,579.85,15.26,0
2020-11-19,1,PIEDRAS NEGRAS,422.26,509.37,-87.11,0
2020-11-19,2,PIEDRAS NEGRAS,420.32,502.56,-82.24,0
2020-11-19,3,PIEDRAS NEGRAS,422.15,502.9,-80.75,0
2020-11-19,4,PIEDRAS NEGRAS,421.23,494.69,-73.46,0
2020-11-19,5,PIEDRAS NEGRAS,410.5,481.3,-70.8,0
2020-11-19,6,PIEDRAS NEGRAS,420.27,493.03,-72.76,0
2020-11-19,7,PIEDRAS NEGRAS,444.45,516.86,-72.41,0
2020-11-19,8,PIEDRAS NEGRAS,478.82,554.84,-76.03,0
2020-11-19,9,PIEDRAS NEGRAS,518.19,621.28,-93.23,-9.86
2020-11-19,10,PIEDRAS NEGRAS,422.59,527.1,-85.19,-19.32
2020-11-19,11,PIEDRAS NEGRAS,414.03,518.31,-85.93,-18.35
2020-11-19,12,PIEDRAS NEGRAS,412.56,519.79,-89.45,-17.78
2020-11-19,13,PIEDRAS NEGRAS,458.96,564.36,-89.94,-15.46
2020-11-19,14,PIEDRAS NEGRAS,468.95,550.81,-87.2,5.33
2020-11-19,15,PIEDRAS NEGRAS,448.95,549,-93.69,-6.36
2020-11-19,16,PIEDRAS NEGRAS,465.15,567.38,-95.97,-6.26
2020-11-19,17,PIEDRAS NEGRAS,540.55,609.6,-117.55,48.5
2020-11-19,18,PIEDRAS NEGRAS,436.97,698.8,-115.07,-146.75
2020-11-19,19,PIEDRAS NEGRAS,677.69,807.6,-129.91,0
2020-11-19,20,PIEDRAS NEGRAS,680.38,793.96,-129.73,16.15
2020-11-19,21,PIEDRAS NEGRAS,651.2,776.58,-125.38,0
2020-11-19,22,PIEDRAS NEGRAS,645.02,754.15,-109.13,0
2020-11-19,23,PIEDRAS NEGRAS,554.01,611.41,-88.51,31.1
2020-11-19,24,PIEDRAS NEGRAS,495.16,579.85,-84.69,0
2020-11-19,1,POZA RICA,504.79,509.37,-4.58,0
2020-11-19,2,POZA RICA,497.04,502.56,-5.53,0
2020-11-19,3,POZA RICA,498,502.9,-4.9,0
2020-11-19,4,POZA RICA,489.28,494.69,-5.41,0
2020-11-19,5,POZA RICA,476.6,481.3,-4.7,0
2020-11-19,6,POZA RICA,488.45,493.03,-4.58,0
2020-11-19,7,POZA RICA,509.9,516.86,-6.95,0
2020-11-19,8,POZA RICA,548.01,554.84,-6.83,0
2020-11-19,9,POZA RICA,616.75,621.28,-4.59,.06
2020-11-19,10,POZA RICA,522.51,527.1,-3.47,-1.13
2020-11-19,11,POZA RICA,515.84,518.31,-1.33,-1.14
2020-11-19,12,POZA RICA,517.52,519.79,-.61,-1.66
2020-11-19,13,POZA RICA,544.72,564.36,-1.47,-18.17
2020-11-19,14,POZA RICA,589.93,550.81,-.45,39.58
2020-11-19,15,POZA RICA,543.53,549,-.99,-4.48
2020-11-19,16,POZA RICA,567.15,567.38,-.29,.06
2020-11-19,17,POZA RICA,763.31,609.6,.44,153.27
2020-11-19,18,POZA RICA,734.82,698.8,-1.53,37.55
2020-11-19,19,POZA RICA,806.9,807.6,-.71,0
2020-11-19,20,POZA RICA,832.79,793.96,-.48,39.31
2020-11-19,21,POZA RICA,775.47,776.58,-1.11,0
2020-11-19,22,POZA RICA,749.81,754.15,-4.34,0
2020-11-19,23,POZA RICA,680.06,611.41,-5.62,74.27
2020-11-19,24,POZA RICA,572.33,579.85,-7.52,0
2020-11-19,1,PUEBLA,528.37,509.37,19,0
2020-11-19,2,PUEBLA,518.77,502.56,16.2,0
2020-11-19,3,PUEBLA,519.06,502.9,16.16,0
2020-11-19,4,PUEBLA,509.27,494.69,14.58,0
2020-11-19,5,PUEBLA,493.64,481.3,12.34,0
2020-11-19,6,PUEBLA,507.4,493.03,14.37,0
2020-11-19,7,PUEBLA,532.55,516.86,15.7,0
2020-11-19,8,PUEBLA,574.45,554.84,19.61,0
2020-11-19,9,PUEBLA,648.22,621.28,26.91,.03
2020-11-19,10,PUEBLA,548.96,527.1,22.22,-.37
2020-11-19,11,PUEBLA,541.16,518.31,23.23,-.39
2020-11-19,12,PUEBLA,545.54,519.79,24.61,1.14
2020-11-19,13,PUEBLA,613.34,564.36,27.57,21.41
2020-11-19,14,PUEBLA,801.78,550.81,28.97,222
2020-11-19,15,PUEBLA,581.47,549,26.95,5.53
2020-11-19,16,PUEBLA,597.05,567.38,29.64,.03
2020-11-19,17,PUEBLA,1202.84,609.6,32.17,561.07
2020-11-19,18,PUEBLA,920.46,698.8,31.85,189.81
2020-11-19,19,PUEBLA,843.13,807.6,35.52,0
2020-11-19,20,PUEBLA,979.76,793.96,36.31,149.5
2020-11-19,21,PUEBLA,811.54,776.58,34.96,0
2020-11-19,22,PUEBLA,782.84,754.15,28.69,0
2020-11-19,23,PUEBLA,935.56,611.41,23.5,300.64
2020-11-19,24,PUEBLA,599.49,579.85,19.64,0
2020-11-19,1,QUERETARO,514.91,509.37,5.54,0
2020-11-19,2,QUERETARO,508.87,502.56,6.31,0
2020-11-19,3,QUERETARO,508.76,502.9,5.87,0
2020-11-19,4,QUERETARO,500.49,494.69,5.8,0
2020-11-19,5,QUERETARO,487.17,481.3,5.87,0
2020-11-19,6,QUERETARO,499.02,493.03,5.98,0
2020-11-19,7,QUERETARO,523.57,516.86,6.71,0
2020-11-19,8,QUERETARO,562.5,554.84,7.66,0
2020-11-19,9,QUERETARO,628.7,621.28,7.42,0
2020-11-19,10,QUERETARO,533.27,527.1,6.27,-.11
2020-11-19,11,QUERETARO,523.65,518.31,5.44,-.11
2020-11-19,12,QUERETARO,524.68,519.79,4.95,-.06
2020-11-19,13,QUERETARO,569.72,564.36,5.23,.12
2020-11-19,14,QUERETARO,567.45,550.81,5.47,11.16
2020-11-19,15,QUERETARO,554.75,549,5.72,.04
2020-11-19,16,QUERETARO,572.74,567.38,5.37,-.01
2020-11-19,17,QUERETARO,645.41,609.6,5.13,30.68
2020-11-19,18,QUERETARO,719.88,698.8,7.19,13.89
2020-11-19,19,QUERETARO,818.18,807.6,10.58,0
2020-11-19,20,QUERETARO,812.57,793.96,10.54,8.08
2020-11-19,21,QUERETARO,786.34,776.58,9.76,0
2020-11-19,22,QUERETARO,762.48,754.15,8.33,0
2020-11-19,23,QUERETARO,636,611.41,8.45,16.14
2020-11-19,24,QUERETARO,588.33,579.85,8.48,0
2020-11-19,1,REYNOSA,420.96,509.37,-88.42,0
2020-11-19,2,REYNOSA,421.92,502.56,-80.64,0
2020-11-19,3,REYNOSA,424.78,502.9,-78.11,0
2020-11-19,4,REYNOSA,422.39,494.69,-72.3,0
2020-11-19,5,REYNOSA,413.49,481.3,-67.81,0
2020-11-19,6,REYNOSA,422.25,493.03,-70.79,0
2020-11-19,7,REYNOSA,444.51,516.86,-72.34,0
2020-11-19,8,REYNOSA,478.6,554.84,-76.24,0
2020-11-19,9,REYNOSA,391.13,621.28,-80.44,-149.71
2020-11-19,10,REYNOSA,371.11,527.1,-78.11,-77.88
2020-11-19,11,REYNOSA,371.42,518.31,-86.74,-60.16
2020-11-19,12,REYNOSA,287.93,519.79,-91.11,-140.75
2020-11-19,13,REYNOSA,372.61,564.36,-96.29,-95.46
2020-11-19,14,REYNOSA,376.5,550.81,-94.16,-80.15
2020-11-19,15,REYNOSA,376.53,549,-94.06,-78.41
2020-11-19,16,REYNOSA,377.07,567.38,-97.36,-92.95
2020-11-19,17,REYNOSA,375.11,609.6,-106.98,-127.5
2020-11-19,18,REYNOSA,400.1,698.8,-152.53,-146.17
2020-11-19,19,REYNOSA,670.15,807.6,-137.46,0
2020-11-19,20,REYNOSA,685.77,793.96,-124.39,16.2
2020-11-19,21,REYNOSA,660.5,776.58,-116.08,0
2020-11-19,22,REYNOSA,648.87,754.15,-105.28,0
2020-11-19,23,REYNOSA,559.86,611.41,-82.67,31.12
2020-11-19,24,REYNOSA,504.66,579.85,-75.2,0
2020-11-19,1,RIVIERA MAYA,579.71,509.37,70.34,0
2020-11-19,2,RIVIERA MAYA,564.59,502.56,62.02,0
2020-11-19,3,RIVIERA MAYA,563.84,502.9,60.94,0
2020-11-19,4,RIVIERA MAYA,549.18,494.69,54.49,0
2020-11-19,5,RIVIERA MAYA,512.75,481.3,31.45,0
2020-11-19,6,RIVIERA MAYA,528.52,493.03,35.48,0
2020-11-19,7,RIVIERA MAYA,555.87,516.86,39.02,0
2020-11-19,8,RIVIERA MAYA,607.9,554.84,53.06,0
2020-11-19,9,RIVIERA MAYA,695.92,621.28,74.61,.03
2020-11-19,10,RIVIERA MAYA,592.45,527.1,65.74,-.39
2020-11-19,11,RIVIERA MAYA,587.83,518.31,69.91,-.4
2020-11-19,12,RIVIERA MAYA,594.55,519.79,73.12,1.64
2020-11-19,13,RIVIERA MAYA,674.96,564.36,80.8,29.8
2020-11-19,14,RIVIERA MAYA,845.59,550.81,82.35,212.43
2020-11-19,15,RIVIERA MAYA,634.78,549,78.14,7.64
2020-11-19,16,RIVIERA MAYA,651.11,567.38,83.7,.03
2020-11-19,17,RIVIERA MAYA,1213.56,609.6,89.41,514.55
2020-11-19,18,RIVIERA MAYA,971.58,698.8,100.36,172.42
2020-11-19,19,RIVIERA MAYA,913.7,807.6,106.1,0
2020-11-19,20,RIVIERA MAYA,1030.69,793.96,100.92,135.81
2020-11-19,21,RIVIERA MAYA,873.9,776.58,97.32,0
2020-11-19,22,RIVIERA MAYA,842.72,754.15,88.56,0
2020-11-19,23,RIVIERA MAYA,951.17,611.41,71.14,268.62
2020-11-19,24,RIVIERA MAYA,640.05,579.85,60.2,0
2020-11-19,1,SABINAS,428,509.37,-81.37,0
2020-11-19,2,SABINAS,426.04,502.56,-76.52,0
2020-11-19,3,SABINAS,427.74,502.9,-75.16,0
2020-11-19,4,SABINAS,425.89,494.69,-68.8,0
2020-11-19,5,SABINAS,415.64,481.3,-65.66,0
2020-11-19,6,SABINAS,424.46,493.03,-68.57,0
2020-11-19,7,SABINAS,447.24,516.86,-69.62,0
2020-11-19,8,SABINAS,480.67,554.84,-74.18,0
2020-11-19,9,SABINAS,521.44,621.28,-91.6,-8.24
2020-11-19,10,SABINAS,424.55,527.1,-84.24,-18.31
2020-11-19,11,SABINAS,415.93,518.31,-84.86,-17.53
2020-11-19,12,SABINAS,415.04,519.79,-88.59,-16.16
2020-11-19,13,SABINAS,461.55,564.36,-88.38,-14.43
2020-11-19,14,SABINAS,472.41,550.81,-84.83,6.44
2020-11-19,15,SABINAS,454.31,549,-89.16,-5.53
2020-11-19,16,SABINAS,471.5,567.38,-90.63,-5.25
2020-11-19,17,SABINAS,549.82,609.6,-110.28,50.51
2020-11-19,18,SABINAS,442.54,698.8,-108.26,-148
2020-11-19,19,SABINAS,686.57,807.6,-121.03,0
2020-11-19,20,SABINAS,690.39,793.96,-119.71,16.15
2020-11-19,21,SABINAS,660.57,776.58,-116.02,0
2020-11-19,22,SABINAS,653.31,754.15,-100.84,0
2020-11-19,23,SABINAS,560.7,611.41,-81.8,31.08
2020-11-19,24,SABINAS,501.91,579.85,-77.95,0
2020-11-19,1,SALTILLO,448.11,509.37,-61.26,0
2020-11-19,2,SALTILLO,446.59,502.56,-55.97,0
2020-11-19,3,SALTILLO,448.06,502.9,-54.83,0
2020-11-19,4,SALTILLO,445.14,494.69,-49.55,0
2020-11-19,5,SALTILLO,435.58,481.3,-45.72,0
2020-11-19,6,SALTILLO,444.4,493.03,-48.63,0
2020-11-19,7,SALTILLO,466.24,516.86,-50.62,0
2020-11-19,8,SALTILLO,500.01,554.84,-54.83,0
2020-11-19,9,SALTILLO,552.19,621.28,-69.13,.05
2020-11-19,10,SALTILLO,448.8,527.1,-65.02,-13.28
2020-11-19,11,SALTILLO,439.55,518.31,-65.3,-13.47
2020-11-19,12,SALTILLO,443.15,519.79,-68.71,-7.94
2020-11-19,13,SALTILLO,483.71,564.36,-71.66,-8.98
2020-11-19,14,SALTILLO,492.9,550.81,-69.97,12.07
2020-11-19,15,SALTILLO,475.8,549,-71.99,-1.21
2020-11-19,16,SALTILLO,493.39,567.38,-73.89,-.1
2020-11-19,17,SALTILLO,586.56,609.6,-83.34,60.31
2020-11-19,18,SALTILLO,450.07,698.8,-81.92,-166.8
2020-11-19,19,SALTILLO,717.61,807.6,-89.99,0
2020-11-19,20,SALTILLO,722.73,793.96,-87.2,15.98
2020-11-19,21,SALTILLO,691.87,776.58,-84.71,0
2020-11-19,22,SALTILLO,680.43,754.15,-73.72,0
2020-11-19,23,SALTILLO,583.66,611.41,-58.55,30.79
2020-11-19,24,SALTILLO,525.54,579.85,-54.31,0
2020-11-19,1,SALVATIERRA,522.92,509.37,13.55,0
2020-11-19,2,SALVATIERRA,514.36,502.56,11.8,0
2020-11-19,3,SALVATIERRA,514.49,502.9,11.59,0
2020-11-19,4,SALVATIERRA,505.51,494.69,10.82,0
2020-11-19,5,SALVATIERRA,491.67,481.3,10.37,0
2020-11-19,6,SALVATIERRA,504.6,493.03,11.56,0
2020-11-19,7,SALVATIERRA,531.59,516.86,14.74,0
2020-11-19,8,SALVATIERRA,573.06,554.84,18.22,0
2020-11-19,9,SALVATIERRA,642.7,621.28,21.46,-.03
2020-11-19,10,SALVATIERRA,546.2,527.1,18.26,.84
2020-11-19,11,SALVATIERRA,537.28,518.31,18.12,.85
2020-11-19,12,SALVATIERRA,538.99,519.79,18.73,.47
2020-11-19,13,SALVATIERRA,585.97,564.36,20.85,.76
2020-11-19,14,SALVATIERRA,591.26,550.81,20.37,20.08
2020-11-19,15,SALVATIERRA,568.57,549,19.47,.09
2020-11-19,16,SALVATIERRA,587.39,567.38,20.04,-.03
2020-11-19,17,SALVATIERRA,686.59,609.6,21.3,55.69
2020-11-19,18,SALVATIERRA,750.89,698.8,26.06,26.03
2020-11-19,19,SALVATIERRA,838.34,807.6,30.73,0
2020-11-19,20,SALVATIERRA,840.53,793.96,31.97,14.61
2020-11-19,21,SALVATIERRA,808.03,776.58,31.45,0
2020-11-19,22,SALVATIERRA,784.93,754.15,30.78,0
2020-11-19,23,SALVATIERRA,661.78,611.41,21.19,29.17
2020-11-19,24,SALVATIERRA,598.76,579.85,18.91,0
2020-11-19,1,SAN CRISTOBAL,562.78,509.37,53.41,0
2020-11-19,2,SAN CRISTOBAL,550.2,502.56,47.63,0
2020-11-19,3,SAN CRISTOBAL,549.99,502.9,47.09,0
2020-11-19,4,SAN CRISTOBAL,538.15,494.69,43.46,0
2020-11-19,5,SAN CRISTOBAL,516.36,481.3,35.06,0
2020-11-19,6,SAN CRISTOBAL,532.52,493.03,39.49,0
2020-11-19,7,SAN CRISTOBAL,561.08,516.86,44.22,0
2020-11-19,8,SAN CRISTOBAL,606.33,554.84,51.49,0
2020-11-19,9,SAN CRISTOBAL,685.14,621.28,63.84,.03
2020-11-19,10,SAN CRISTOBAL,577.14,527.1,50.43,-.39
2020-11-19,11,SAN CRISTOBAL,570.84,518.31,52.92,-.39
2020-11-19,12,SAN CRISTOBAL,576.64,519.79,55.21,1.64
2020-11-19,13,SAN CRISTOBAL,655.32,564.36,61.18,29.78
2020-11-19,14,SAN CRISTOBAL,826.22,550.81,63,212.41
2020-11-19,15,SAN CRISTOBAL,617.64,549,61.01,7.64
2020-11-19,16,SAN CRISTOBAL,634.37,567.38,66.97,.03
2020-11-19,17,SAN CRISTOBAL,1200.37,609.6,76.26,514.51
2020-11-19,18,SAN CRISTOBAL,958.04,698.8,86.83,172.41
2020-11-19,19,SAN CRISTOBAL,903.52,807.6,95.92,0
2020-11-19,20,SAN CRISTOBAL,1022.79,793.96,93.03,135.8
2020-11-19,21,SAN CRISTOBAL,863.31,776.58,86.72,0
2020-11-19,22,SAN CRISTOBAL,827.07,754.15,72.92,0
2020-11-19,23,SAN CRISTOBAL,939.32,611.41,59.3,268.6
2020-11-19,24,SAN CRISTOBAL,627.23,579.85,47.38,0
2020-11-19,1,SAN JUAN DEL RIO,517.8,509.37,8.42,0
2020-11-19,2,SAN JUAN DEL RIO,513.3,502.56,10.74,0
2020-11-19,3,SAN JUAN DEL RIO,513.36,502.9,10.46,0
2020-11-19,4,SAN JUAN DEL RIO,504.46,494.69,9.77,0
2020-11-19,5,SAN JUAN DEL RIO,490.98,481.3,9.68,0
2020-11-19,6,SAN JUAN DEL RIO,503.83,493.03,10.8,0
2020-11-19,7,SAN JUAN DEL RIO,529.16,516.86,12.31,0
2020-11-19,8,SAN JUAN DEL RIO,568.05,554.84,13.21,0
2020-11-19,9,SAN JUAN DEL RIO,634,621.28,12.72,0
2020-11-19,10,SAN JUAN DEL RIO,541.85,527.1,14.85,-.1
2020-11-19,11,SAN JUAN DEL RIO,532.54,518.31,14.33,-.11
2020-11-19,12,SAN JUAN DEL RIO,534.57,519.79,14.75,.03
2020-11-19,13,SAN JUAN DEL RIO,580.3,564.36,14.54,1.4
2020-11-19,14,SAN JUAN DEL RIO,582.15,550.81,15.27,16.08
2020-11-19,15,SAN JUAN DEL RIO,564.84,549,15.48,.37
2020-11-19,16,SAN JUAN DEL RIO,581.13,567.38,13.75,0
2020-11-19,17,SAN JUAN DEL RIO,659.74,609.6,9.46,40.68
2020-11-19,18,SAN JUAN DEL RIO,712.89,698.8,-.15,14.23
2020-11-19,19,SAN JUAN DEL RIO,808.14,807.6,.54,0
2020-11-19,20,SAN JUAN DEL RIO,806.06,793.96,1.35,10.76
2020-11-19,21,SAN JUAN DEL RIO,777.57,776.58,.99,0
2020-11-19,22,SAN JUAN DEL RIO,752.14,754.15,-2.01,0
2020-11-19,23,SAN JUAN DEL RIO,641.95,611.41,8.86,21.69
2020-11-19,24,SAN JUAN DEL RIO,592,579.85,12.15,0
2020-11-19,1,SAN LUIS POTOSI,503.44,509.37,-5.93,0
2020-11-19,2,SAN LUIS POTOSI,498.13,502.56,-4.44,0
2020-11-19,3,SAN LUIS POTOSI,497.69,502.9,-5.2,0
2020-11-19,4,SAN LUIS POTOSI,491.5,494.69,-3.19,0
2020-11-19,5,SAN LUIS POTOSI,478.91,481.3,-2.39,0
2020-11-19,6,SAN LUIS POTOSI,489.44,493.03,-3.59,0
2020-11-19,7,SAN LUIS POTOSI,512.01,516.86,-4.85,0
2020-11-19,8,SAN LUIS POTOSI,548.42,554.84,-6.42,0
2020-11-19,9,SAN LUIS POTOSI,609.55,621.28,-11.73,0
2020-11-19,10,SAN LUIS POTOSI,512.54,527.1,-13.5,-1.06
2020-11-19,11,SAN LUIS POTOSI,503.22,518.32,-14.02,-1.08
2020-11-19,12,SAN LUIS POTOSI,502.86,519.79,-16.14,-.79
2020-11-19,13,SAN LUIS POTOSI,543.74,564.36,-17.48,-3.14
2020-11-19,14,SAN LUIS POTOSI,548.36,550.81,-17.14,14.69
2020-11-19,15,SAN LUIS POTOSI,532.33,549,-15.96,-.72
2020-11-19,16,SAN LUIS POTOSI,549.83,567.38,-17.54,-.01
2020-11-19,17,SAN LUIS POTOSI,643.59,609.6,-15.56,49.55
2020-11-19,18,SAN LUIS POTOSI,723.89,698.8,-6.68,31.77
2020-11-19,19,SAN LUIS POTOSI,797.99,807.6,-9.62,0
2020-11-19,20,SAN LUIS POTOSI,796.35,793.96,-10.73,13.12
2020-11-19,21,SAN LUIS POTOSI,764.95,776.58,-11.63,0
2020-11-19,22,SAN LUIS POTOSI,745.1,754.15,-9.05,0
2020-11-19,23,SAN LUIS POTOSI,630.54,611.41,-6.59,25.71
2020-11-19,24,SAN LUIS POTOSI,575.29,579.85,-4.56,0
2020-11-19,1,SAN MARTIN,527.66,509.37,18.29,0
2020-11-19,2,SAN MARTIN,518.16,502.56,15.6,0
2020-11-19,3,SAN MARTIN,518.7,502.9,15.81,0
2020-11-19,4,SAN MARTIN,508.82,494.69,14.13,0
2020-11-19,5,SAN MARTIN,493.58,481.3,12.28,0
2020-11-19,6,SAN MARTIN,507.19,493.03,14.15,0
2020-11-19,7,SAN MARTIN,532.36,516.86,15.5,0
2020-11-19,8,SAN MARTIN,573.95,554.84,19.11,0
2020-11-19,9,SAN MARTIN,647.61,621.28,26.31,.03
2020-11-19,10,SAN MARTIN,548.85,527.1,22.12,-.37
2020-11-19,11,SAN MARTIN,540.68,518.31,22.75,-.39
2020-11-19,12,SAN MARTIN,544.81,519.79,24.12,.9
2020-11-19,13,SAN MARTIN,608.76,564.36,26.85,17.55
2020-11-19,14,SAN MARTIN,813.73,550.81,28.02,234.9
2020-11-19,15,SAN MARTIN,579.68,549,26.16,4.52
2020-11-19,16,SAN MARTIN,596.24,567.38,28.83,.03
2020-11-19,17,SAN MARTIN,1244.23,609.6,31.06,603.57
2020-11-19,18,SAN MARTIN,933.47,698.8,30.69,203.98
2020-11-19,19,SAN MARTIN,842.12,807.6,34.51,0
2020-11-19,20,SAN MARTIN,988.32,793.96,35.12,159.25
2020-11-19,21,SAN MARTIN,810.38,776.58,33.8,0
2020-11-19,22,SAN MARTIN,781.9,754.15,27.74,0
2020-11-19,23,SAN MARTIN,955.15,611.41,22.66,321.08
2020-11-19,24,SAN MARTIN,598.81,579.85,18.96,0
2020-11-19,1,TAMPICO,476.85,509.37,-32.52,0
2020-11-19,2,TAMPICO,473.26,502.56,-29.3,0
2020-11-19,3,TAMPICO,474.11,502.9,-28.78,0
2020-11-19,4,TAMPICO,469.03,494.69,-25.66,0
2020-11-19,5,TAMPICO,457.24,481.3,-24.06,0
2020-11-19,6,TAMPICO,465.57,493.03,-27.46,0
2020-11-19,7,TAMPICO,484.26,516.86,-32.6,0
2020-11-19,8,TAMPICO,516.58,554.84,-38.26,0
2020-11-19,9,TAMPICO,578.28,621.28,-43.13,.13
2020-11-19,10,TAMPICO,489.17,527.1,-35.33,-2.6
2020-11-19,11,TAMPICO,479.92,518.31,-35.74,-2.65
2020-11-19,12,TAMPICO,480.87,519.79,-36.96,-1.96
2020-11-19,13,TAMPICO,512.71,564.36,-41,-10.65
2020-11-19,14,TAMPICO,527.99,550.81,-41.68,18.85
2020-11-19,15,TAMPICO,507.63,549,-38.96,-2.42
2020-11-19,16,TAMPICO,525.48,567.38,-42.02,.12
2020-11-19,17,TAMPICO,644.42,609.6,-43.97,78.79
2020-11-19,18,TAMPICO,647.22,698.8,-49.64,-1.93
2020-11-19,19,TAMPICO,749.86,807.6,-57.74,0
2020-11-19,20,TAMPICO,756.34,793.96,-57.98,20.36
2020-11-19,21,TAMPICO,718.98,776.58,-57.61,0
2020-11-19,22,TAMPICO,698.66,754.15,-55.49,0
2020-11-19,23,TAMPICO,604.75,611.41,-44.75,38.09
2020-11-19,24,TAMPICO,537.21,579.85,-42.64,0
2020-11-19,1,TAPACHULA,544.31,509.37,34.94,0
2020-11-19,2,TAPACHULA,532.43,502.56,29.87,0
2020-11-19,3,TAPACHULA,532.53,502.9,29.64,0
2020-11-19,4,TAPACHULA,520.15,494.69,25.46,0
2020-11-19,5,TAPACHULA,498.71,481.3,17.41,0
2020-11-19,6,TAPACHULA,513.54,493.03,20.51,0
2020-11-19,7,TAPACHULA,541.86,516.86,25.01,0
2020-11-19,8,TAPACHULA,587.07,554.84,32.23,0
2020-11-19,9,TAPACHULA,663.92,621.28,42.62,.03
2020-11-19,10,TAPACHULA,558.7,527.1,31.98,-.39
2020-11-19,11,TAPACHULA,555.81,518.31,37.89,-.39
2020-11-19,12,TAPACHULA,561.93,519.79,40.5,1.64
2020-11-19,13,TAPACHULA,640.3,564.36,46.16,29.78
2020-11-19,14,TAPACHULA,812.21,550.81,49.02,212.38
2020-11-19,15,TAPACHULA,603.09,549,46.45,7.64
2020-11-19,16,TAPACHULA,617.6,567.38,50.19,.03
2020-11-19,17,TAPACHULA,1180,609.6,55.96,514.44
2020-11-19,18,TAPACHULA,930.04,698.8,58.85,172.39
2020-11-19,19,TAPACHULA,858.48,807.6,50.88,0
2020-11-19,20,TAPACHULA,980.4,793.96,50.66,135.78
2020-11-19,21,TAPACHULA,820.58,776.58,43.99,0
2020-11-19,22,TAPACHULA,786.17,754.15,32.02,0
2020-11-19,23,TAPACHULA,908.84,611.41,28.92,268.51
2020-11-19,24,TAPACHULA,599.55,579.85,19.69,0
2020-11-19,1,TECAMACHALCO,527.79,509.37,18.42,0
2020-11-19,2,TECAMACHALCO,518.33,502.56,15.77,0
2020-11-19,3,TECAMACHALCO,518.79,502.9,15.9,0
2020-11-19,4,TECAMACHALCO,508.81,494.69,14.12,0
2020-11-19,5,TECAMACHALCO,493.48,481.3,12.18,0
2020-11-19,6,TECAMACHALCO,507.59,493.03,14.56,0
2020-11-19,7,TECAMACHALCO,532.94,516.86,16.09,0
2020-11-19,8,TECAMACHALCO,575.81,554.84,20.96,0
2020-11-19,9,TECAMACHALCO,650.21,621.28,28.91,.03
2020-11-19,10,TECAMACHALCO,550.23,527.1,23.54,-.41
2020-11-19,11,TECAMACHALCO,542.56,518.31,24.67,-.43
2020-11-19,12,TECAMACHALCO,547.25,519.79,26.44,1.01
2020-11-19,13,TECAMACHALCO,613.18,564.36,28.9,19.92
2020-11-19,14,TECAMACHALCO,779.67,550.81,29.93,198.93
2020-11-19,15,TECAMACHALCO,582.05,549,27.91,5.15
2020-11-19,16,TECAMACHALCO,598,567.38,30.59,.03
2020-11-19,17,TECAMACHALCO,1147.5,609.6,33.66,504.24
2020-11-19,18,TECAMACHALCO,901.86,698.8,34.71,168.35
2020-11-19,19,TECAMACHALCO,846.52,807.6,38.92,0
2020-11-19,20,TECAMACHALCO,966.04,793.96,39.04,133.05
2020-11-19,21,TECAMACHALCO,813.26,776.58,36.68,0
2020-11-19,22,TECAMACHALCO,784.51,754.15,30.36,0
2020-11-19,23,TECAMACHALCO,901.26,611.41,23.75,266.09
2020-11-19,24,TECAMACHALCO,598.84,579.85,18.99,0
2020-11-19,1,TEHUACAN,539.08,509.37,29.71,0
2020-11-19,2,TEHUACAN,530.1,502.56,27.53,0
2020-11-19,3,TEHUACAN,530.44,502.9,27.55,0
2020-11-19,4,TEHUACAN,520.68,494.69,25.99,0
2020-11-19,5,TEHUACAN,504.14,481.3,22.84,0
2020-11-19,6,TEHUACAN,518.69,493.03,25.66,0
2020-11-19,7,TEHUACAN,545.31,516.86,28.46,0
2020-11-19,8,TEHUACAN,589.49,554.84,34.65,0
2020-11-19,9,TEHUACAN,666.15,621.28,44.85,.03
2020-11-19,10,TEHUACAN,562.79,527.1,36.08,-.39
2020-11-19,11,TEHUACAN,554.98,518.31,37.07,-.4
2020-11-19,12,TEHUACAN,560.47,519.79,39.14,1.54
2020-11-19,13,TEHUACAN,634.82,564.36,42.25,28.21
2020-11-19,14,TEHUACAN,811.26,550.81,42.86,217.59
2020-11-19,15,TEHUACAN,596.74,549,40.5,7.24
2020-11-19,16,TEHUACAN,610.92,567.38,43.52,.03
2020-11-19,17,TEHUACAN,1188.95,609.6,47.85,531.51
2020-11-19,18,TEHUACAN,927.59,698.8,50.4,178.4
2020-11-19,19,TEHUACAN,864.68,807.6,57.08,0
2020-11-19,20,TEHUACAN,991.21,793.96,57,140.26
2020-11-19,21,TEHUACAN,830.23,776.58,53.65,0
2020-11-19,22,TEHUACAN,801.09,754.15,46.94,0
2020-11-19,23,TEHUACAN,927.33,611.41,36.73,279.18
2020-11-19,24,TEHUACAN,610.88,579.85,31.03,0
2020-11-19,1,TEHUANTEPEC,509.94,509.37,.56,0
2020-11-19,2,TEHUANTEPEC,499.71,502.56,-2.85,0
2020-11-19,3,TEHUANTEPEC,501.23,502.9,-1.67,0
2020-11-19,4,TEHUANTEPEC,492.6,494.69,-2.09,0
2020-11-19,5,TEHUANTEPEC,466.73,481.3,-14.57,0
2020-11-19,6,TEHUANTEPEC,479.82,493.03,-13.21,0
2020-11-19,7,TEHUANTEPEC,503.52,516.86,-13.34,0
2020-11-19,8,TEHUANTEPEC,544.25,554.84,-10.59,0
2020-11-19,9,TEHUANTEPEC,617.06,621.28,-4.25,.03
2020-11-19,10,TEHUANTEPEC,519.36,527.1,-7.36,-.38
2020-11-19,11,TEHUANTEPEC,514.07,518.31,-3.86,-.38
2020-11-19,12,TEHUANTEPEC,522.81,519.79,1.38,1.64
2020-11-19,13,TEHUANTEPEC,597.28,564.36,3.26,29.67
2020-11-19,14,TEHUANTEPEC,766.42,550.81,4.31,211.31
2020-11-19,15,TEHUANTEPEC,556.05,549,-.56,7.61
2020-11-19,16,TEHUANTEPEC,573.41,567.38,6.01,.03
2020-11-19,17,TEHUANTEPEC,1132.91,609.6,11.45,511.86
2020-11-19,18,TEHUANTEPEC,876.33,698.8,6.01,171.52
2020-11-19,19,TEHUANTEPEC,808.3,807.6,.7,0
2020-11-19,20,TEHUANTEPEC,930.78,793.96,1.73,135.09
2020-11-19,21,TEHUANTEPEC,779.03,776.58,2.44,0
2020-11-19,22,TEHUANTEPEC,755.47,754.15,1.32,0
2020-11-19,23,TEHUANTEPEC,882.79,611.41,4.25,267.13
2020-11-19,24,TEHUANTEPEC,575.16,579.85,-4.7,0
2020-11-19,1,TEPIC VALLARTA,522,509.37,12.63,0
2020-11-19,2,TEPIC VALLARTA,512.27,502.56,9.7,0
2020-11-19,3,TEPIC VALLARTA,510.9,502.9,8,0
2020-11-19,4,TEPIC VALLARTA,502.48,494.69,7.79,0
2020-11-19,5,TEPIC VALLARTA,487.65,481.3,6.35,0
2020-11-19,6,TEPIC VALLARTA,498.64,493.03,5.6,0
2020-11-19,7,TEPIC VALLARTA,523.61,516.86,6.75,0
2020-11-19,8,TEPIC VALLARTA,560.67,554.84,5.82,0
2020-11-19,9,TEPIC VALLARTA,618.21,621.28,-2.71,-.36
2020-11-19,10,TEPIC VALLARTA,537.63,527.1,-5.51,16.04
2020-11-19,11,TEPIC VALLARTA,531.98,518.31,-2.66,16.32
2020-11-19,12,TEPIC VALLARTA,526.03,519.79,-2.52,8.76
2020-11-19,13,TEPIC VALLARTA,567.21,564.36,-1.23,4.08
2020-11-19,14,TEPIC VALLARTA,579.57,550.81,.58,28.18
2020-11-19,15,TEPIC VALLARTA,549.66,549,1.18,-.52
2020-11-19,16,TEPIC VALLARTA,571.82,567.38,4.71,-.27
2020-11-19,17,TEPIC VALLARTA,679.22,609.6,4.1,65.52
2020-11-19,18,TEPIC VALLARTA,723.56,698.8,13.46,11.3
2020-11-19,19,TEPIC VALLARTA,812.8,807.6,5.2,0
2020-11-19,20,TEPIC VALLARTA,820.2,793.96,8.79,17.45
2020-11-19,21,TEPIC VALLARTA,785.35,776.58,8.77,0
2020-11-19,22,TEPIC VALLARTA,782.16,754.15,28.01,0
2020-11-19,23,TEPIC VALLARTA,668.58,611.41,22.74,34.43
2020-11-19,24,TEPIC VALLARTA,601.84,579.85,21.99,0
2020-11-19,1,TEZIUTLAN,513.47,509.37,4.1,0
2020-11-19,2,TEZIUTLAN,504.77,502.56,2.21,0
2020-11-19,3,TEZIUTLAN,506.04,502.9,3.14,0
2020-11-19,4,TEZIUTLAN,496.39,494.69,1.7,0
2020-11-19,5,TEZIUTLAN,485.16,481.3,3.86,0
2020-11-19,6,TEZIUTLAN,497.75,493.03,4.72,0
2020-11-19,7,TEZIUTLAN,518.45,516.86,1.6,0
2020-11-19,8,TEZIUTLAN,557.67,554.84,2.83,0
2020-11-19,9,TEZIUTLAN,627.51,621.28,6.18,.05
2020-11-19,10,TEZIUTLAN,530.9,527.1,4.59,-.79
2020-11-19,11,TEZIUTLAN,524.12,518.31,6.61,-.81
2020-11-19,12,TEZIUTLAN,526.4,519.79,7.54,-.94
2020-11-19,13,TEZIUTLAN,562.95,564.36,7.5,-8.91
2020-11-19,14,TEZIUTLAN,650.39,550.81,8.38,91.2
2020-11-19,15,TEZIUTLAN,553.75,549,6.95,-2.19
2020-11-19,16,TEZIUTLAN,576.44,567.38,9.01,.04
2020-11-19,17,TEZIUTLAN,892.93,609.6,11.07,272.26
2020-11-19,18,TEZIUTLAN,794.82,698.8,12.54,83.47
2020-11-19,19,TEZIUTLAN,823.83,807.6,16.23,0
2020-11-19,20,TEZIUTLAN,882.42,793.96,16.99,71.48
2020-11-19,21,TEZIUTLAN,792.34,776.58,15.76,0
2020-11-19,22,TEZIUTLAN,765.33,754.15,11.18,0
2020-11-19,23,TEZIUTLAN,756.77,611.41,6.82,138.54
2020-11-19,24,TEZIUTLAN,583.02,579.85,3.16,0
2020-11-19,1,TICUL,572.34,509.37,62.97,0
2020-11-19,2,TICUL,557.16,502.56,54.6,0
2020-11-19,3,TICUL,557.07,502.9,54.18,0
2020-11-19,4,TICUL,543.01,494.69,48.32,0
2020-11-19,5,TICUL,506.49,481.3,25.2,0
2020-11-19,6,TICUL,521.75,493.03,28.72,0
2020-11-19,7,TICUL,547.99,516.86,31.13,0
2020-11-19,8,TICUL,597.74,554.84,42.9,0
2020-11-19,9,TICUL,681.94,621.28,60.64,.03
2020-11-19,10,TICUL,579.41,527.1,52.7,-.39
2020-11-19,11,TICUL,577.37,518.31,59.45,-.4
2020-11-19,12,TICUL,583.39,519.79,61.96,1.64
2020-11-19,13,TICUL,659.82,564.36,65.67,29.8
2020-11-19,14,TICUL,834.56,550.81,71.32,212.43
2020-11-19,15,TICUL,624.53,549,67.88,7.64
2020-11-19,16,TICUL,638.88,567.38,71.47,.03
2020-11-19,17,TICUL,1201.43,609.6,77.29,514.55
2020-11-19,18,TICUL,958.92,698.8,87.7,172.42
2020-11-19,19,TICUL,898.33,807.6,90.73,0
2020-11-19,20,TICUL,1015.87,793.96,86.11,135.81
2020-11-19,21,TICUL,859.45,776.58,82.87,0
2020-11-19,22,TICUL,828.38,754.15,74.23,0
2020-11-19,23,TICUL,939.71,611.41,59.68,268.62
2020-11-19,24,TICUL,629.93,579.85,50.08,0
2020-11-19,1,TLAXCALA,526.12,509.37,16.75,0
2020-11-19,2,TLAXCALA,516.57,502.56,14.01,0
2020-11-19,3,TLAXCALA,517.2,502.9,14.31,0
2020-11-19,4,TLAXCALA,507.23,494.69,12.54,0
2020-11-19,5,TLAXCALA,493.17,481.3,11.87,0
2020-11-19,6,TLAXCALA,506.85,493.03,13.82,0
2020-11-19,7,TLAXCALA,530.85,516.86,13.99,0
2020-11-19,8,TLAXCALA,571.95,554.84,17.11,0
2020-11-19,9,TLAXCALA,643.78,621.28,22.47,.03
2020-11-19,10,TLAXCALA,544.96,527.1,18.3,-.44
2020-11-19,11,TLAXCALA,536.34,518.31,18.48,-.45
2020-11-19,12,TLAXCALA,540.04,519.79,19.7,.55
2020-11-19,13,TLAXCALA,598.58,564.36,21.8,12.42
2020-11-19,14,TLAXCALA,764,550.81,22.8,190.4
2020-11-19,15,TLAXCALA,573.45,549,21.25,3.2
2020-11-19,16,TLAXCALA,591.37,567.38,23.96,.03
2020-11-19,17,TLAXCALA,1129.74,609.6,26.93,493.21
2020-11-19,18,TLAXCALA,893.17,698.8,29.28,165.09
2020-11-19,19,TLAXCALA,841.42,807.6,33.82,0
2020-11-19,20,TLAXCALA,960.48,793.96,34.32,132.21
2020-11-19,21,TLAXCALA,809.5,776.58,32.92,0
2020-11-19,22,TLAXCALA,781.02,754.15,26.87,0
2020-11-19,23,TLAXCALA,897.77,611.41,21.03,265.32
2020-11-19,24,TLAXCALA,597.54,579.85,17.69,0
2020-11-19,1,TUXTLA,539.51,509.37,30.14,0
2020-11-19,2,TUXTLA,527.83,502.56,25.26,0
2020-11-19,3,TUXTLA,527.9,502.9,25.01,0
2020-11-19,4,TUXTLA,516.14,494.69,21.45,0
2020-11-19,5,TUXTLA,494.56,481.3,13.26,0
2020-11-19,6,TUXTLA,509,493.03,15.97,0
2020-11-19,7,TUXTLA,535.4,516.86,18.55,0
2020-11-19,8,TUXTLA,579.3,554.84,24.46,0
2020-11-19,9,TUXTLA,655.77,621.28,34.47,.03
2020-11-19,10,TUXTLA,553.92,527.1,27.21,-.39
2020-11-19,11,TUXTLA,548.87,518.31,30.95,-.39
2020-11-19,12,TUXTLA,555.06,519.79,33.63,1.64
2020-11-19,13,TUXTLA,632.34,564.36,38.2,29.78
2020-11-19,14,TUXTLA,803.72,550.81,40.54,212.38
2020-11-19,15,TUXTLA,594.39,549,37.75,7.64
2020-11-19,16,TUXTLA,609.2,567.38,41.79,.03
2020-11-19,17,TUXTLA,1170.9,609.6,46.87,514.44
2020-11-19,18,TUXTLA,917.98,698.8,46.8,172.39
2020-11-19,19,TUXTLA,844.14,807.6,36.54,0
2020-11-19,20,TUXTLA,966.26,793.96,36.53,135.78
2020-11-19,21,TUXTLA,810.35,776.58,33.77,0
2020-11-19,22,TUXTLA,780.39,754.15,26.24,0
2020-11-19,23,TUXTLA,905.69,611.41,25.72,268.56
2020-11-19,24,TUXTLA,599.28,579.85,19.43,0
2020-11-19,1,URUAPAN,528.72,509.37,19.35,0
2020-11-19,2,URUAPAN,519.3,502.56,16.73,0
2020-11-19,3,URUAPAN,519.72,502.9,16.83,0
2020-11-19,4,URUAPAN,509.69,494.69,15,0
2020-11-19,5,URUAPAN,495.3,481.3,14.01,0
2020-11-19,6,URUAPAN,508.35,493.03,15.32,0
2020-11-19,7,URUAPAN,535.38,516.86,18.53,0
2020-11-19,8,URUAPAN,577.58,554.84,22.74,0
2020-11-19,9,URUAPAN,647.39,621.28,26.18,-.08
2020-11-19,10,URUAPAN,551.89,527.1,22.31,2.48
2020-11-19,11,URUAPAN,544.42,518.31,23.58,2.52
2020-11-19,12,URUAPAN,545.4,519.79,24.24,1.37
2020-11-19,13,URUAPAN,593.3,564.36,27.68,1.27
2020-11-19,14,URUAPAN,606.65,550.81,28.5,27.34
2020-11-19,15,URUAPAN,577,549,27.93,.07
2020-11-19,16,URUAPAN,596.84,567.38,29.52,-.06
2020-11-19,17,URUAPAN,715.06,609.6,29.53,75.93
2020-11-19,18,URUAPAN,765.59,698.8,32.47,34.32
2020-11-19,19,URUAPAN,843.26,807.6,35.65,0
2020-11-19,20,URUAPAN,849.77,793.96,35.74,20.08
2020-11-19,21,URUAPAN,812.25,776.58,35.67,0
2020-11-19,22,URUAPAN,790.13,754.15,35.98,0
2020-11-19,23,URUAPAN,677.11,611.41,25.77,39.93
2020-11-19,24,URUAPAN,604.78,579.85,24.93,0
2020-11-19,1,VDM CENTRO,531.97,509.37,22.6,0
2020-11-19,2,VDM CENTRO,522.26,502.56,19.69,0
2020-11-19,3,VDM CENTRO,522.52,502.9,19.63,0
2020-11-19,4,VDM CENTRO,512.54,494.69,17.85,0
2020-11-19,5,VDM CENTRO,497.88,481.3,16.58,0
2020-11-19,6,VDM CENTRO,511.77,493.03,18.73,0
2020-11-19,7,VDM CENTRO,537.58,516.86,20.72,0
2020-11-19,8,VDM CENTRO,579.54,554.84,24.7,0
2020-11-19,9,VDM CENTRO,653.71,621.28,32.41,.02
2020-11-19,10,VDM CENTRO,555.18,527.1,28.3,-.22
2020-11-19,11,VDM CENTRO,547.04,518.32,28.96,-.23
2020-11-19,12,VDM CENTRO,550.64,519.79,30.56,.29
2020-11-19,13,VDM CENTRO,604.12,564.36,33.38,6.39
2020-11-19,14,VDM CENTRO,720.95,550.81,34.1,136.04
2020-11-19,15,VDM CENTRO,583.34,549,32.68,1.66
2020-11-19,16,VDM CENTRO,602.39,567.38,34.99,.02
2020-11-19,17,VDM CENTRO,1006.81,609.6,37.22,359.99
2020-11-19,18,VDM CENTRO,856.37,698.8,37.67,119.9
2020-11-19,19,VDM CENTRO,852,807.6,44.39,0
2020-11-19,20,VDM CENTRO,934.42,793.96,44.28,96.18
2020-11-19,21,VDM CENTRO,820.07,776.58,43.49,0
2020-11-19,22,VDM CENTRO,792.6,754.15,38.44,0
2020-11-19,23,VDM CENTRO,833.26,611.41,29.14,192.7
2020-11-19,24,VDM CENTRO,604.62,579.85,24.77,0
2020-11-19,1,VDM NORTE,531.5,509.37,22.13,0
2020-11-19,2,VDM NORTE,522.09,502.56,19.53,0
2020-11-19,3,VDM NORTE,522.42,502.9,19.52,0
2020-11-19,4,VDM NORTE,512.53,494.69,17.84,0
2020-11-19,5,VDM NORTE,497.95,481.3,16.65,0
2020-11-19,6,VDM NORTE,511.67,493.03,18.64,0
2020-11-19,7,VDM NORTE,537.32,516.86,20.47,0
2020-11-19,8,VDM NORTE,578.93,554.84,24.09,0
2020-11-19,9,VDM NORTE,652.61,621.28,31.31,.02
2020-11-19,10,VDM NORTE,554.11,527.1,27.22,-.21
2020-11-19,11,VDM NORTE,545.43,518.32,27.33,-.22
2020-11-19,12,VDM NORTE,549.07,519.79,29.01,.27
2020-11-19,13,VDM NORTE,601.69,564.36,31.4,5.93
2020-11-19,14,VDM NORTE,683.86,550.81,32.17,100.88
2020-11-19,15,VDM NORTE,581.23,549,30.69,1.54
2020-11-19,16,VDM NORTE,600.12,567.38,32.72,.02
2020-11-19,17,VDM NORTE,912.01,609.6,34.54,267.87
2020-11-19,18,VDM NORTE,820.2,698.8,34.34,87.06
2020-11-19,19,VDM NORTE,847.88,807.6,40.28,0
2020-11-19,20,VDM NORTE,903.64,793.96,40.2,69.48
2020-11-19,21,VDM NORTE,816.35,776.58,39.77,0
2020-11-19,22,VDM NORTE,789.17,754.15,35.02,0
2020-11-19,23,VDM NORTE,778.17,611.41,26.81,139.95
2020-11-19,24,VDM NORTE,603.22,579.85,23.36,0
2020-11-19,1,VDM SUR,535.06,509.37,25.69,0
2020-11-19,2,VDM SUR,525.49,502.56,22.92,0
2020-11-19,3,VDM SUR,525.9,502.9,23,0
2020-11-19,4,VDM SUR,515.84,494.69,21.15,0
2020-11-19,5,VDM SUR,501,481.3,19.7,0
2020-11-19,6,VDM SUR,514.88,493.03,21.85,0
2020-11-19,7,VDM SUR,540.84,516.86,23.99,0
2020-11-19,8,VDM SUR,583.12,554.84,28.28,0
2020-11-19,9,VDM SUR,657.53,621.28,36.24,.02
2020-11-19,10,VDM SUR,558.66,527.1,31.72,-.16
2020-11-19,11,VDM SUR,550.51,518.32,32.37,-.17
2020-11-19,12,VDM SUR,554.07,519.79,33.91,.36
2020-11-19,13,VDM SUR,608.45,564.36,36.99,7.1
2020-11-19,14,VDM SUR,724.15,550.81,37.69,135.65
2020-11-19,15,VDM SUR,587.04,549,36.2,1.83
2020-11-19,16,VDM SUR,606.03,567.38,38.64,.02
2020-11-19,17,VDM SUR,1013.98,609.6,40.81,363.58
2020-11-19,18,VDM SUR,861.54,698.8,41.31,121.43
2020-11-19,19,VDM SUR,855.84,807.6,48.24,0
2020-11-19,20,VDM SUR,939.07,793.96,48.09,97.02
2020-11-19,21,VDM SUR,824.06,776.58,47.48,0
2020-11-19,22,VDM SUR,796.58,754.15,42.43,0
2020-11-19,23,VDM SUR,837,611.41,32.53,193.06
2020-11-19,24,VDM SUR,608.11,579.85,28.26,0
2020-11-19,1,VERACRUZ,521.38,509.37,12.01,0
2020-11-19,2,VERACRUZ,511.56,502.56,9,0
2020-11-19,3,VERACRUZ,511.94,502.9,9.04,0
2020-11-19,4,VERACRUZ,501.7,494.69,7.01,0
2020-11-19,5,VERACRUZ,485.51,481.3,4.21,0
2020-11-19,6,VERACRUZ,498.88,493.03,5.85,0
2020-11-19,7,VERACRUZ,523.17,516.86,6.32,0
2020-11-19,8,VERACRUZ,564.24,554.84,9.4,0
2020-11-19,9,VERACRUZ,637.12,621.28,15.8,.03
2020-11-19,10,VERACRUZ,539.64,527.1,13.06,-.52
2020-11-19,11,VERACRUZ,537.04,518.31,19.22,-.5
2020-11-19,12,VERACRUZ,543.8,519.79,21.37,2.64
2020-11-19,13,VERACRUZ,635.02,564.36,23.74,46.92
2020-11-19,14,VERACRUZ,783.53,550.81,24.88,207.84
2020-11-19,15,VERACRUZ,583.45,549,22.54,11.91
2020-11-19,16,VERACRUZ,591.56,567.38,24.15,.03
2020-11-19,17,VERACRUZ,1089.03,609.6,26.84,452.59
2020-11-19,18,VERACRUZ,875.33,698.8,26.68,149.86
2020-11-19,19,VERACRUZ,835.25,807.6,27.64,0
2020-11-19,20,VERACRUZ,941.5,793.96,27.97,119.57
2020-11-19,21,VERACRUZ,803.61,776.58,27.03,0
2020-11-19,22,VERACRUZ,775.81,754.15,21.66,0
2020-11-19,23,VERACRUZ,849.76,611.41,14.5,223.85
2020-11-19,24,VERACRUZ,590.25,579.85,10.4,0
2020-11-19,1,VICTORIA,464.41,509.37,-44.96,0
2020-11-19,2,VICTORIA,462.43,502.56,-40.13,0
2020-11-19,3,VICTORIA,463.55,502.9,-39.35,0
2020-11-19,4,VICTORIA,459.26,494.69,-35.43,0
2020-11-19,5,VICTORIA,448.21,481.3,-33.09,0
2020-11-19,6,VICTORIA,456.83,493.03,-36.2,0
2020-11-19,7,VICTORIA,476.64,516.86,-40.21,0
2020-11-19,8,VICTORIA,509.61,554.84,-45.24,0
2020-11-19,9,VICTORIA,569.69,621.28,-51.95,.36
2020-11-19,10,VICTORIA,474.57,527.1,-45.73,-6.8
2020-11-19,11,VICTORIA,464.9,518.31,-46.47,-6.94
2020-11-19,12,VICTORIA,466.65,519.79,-49.21,-3.93
2020-11-19,13,VICTORIA,502.18,564.36,-53.15,-9.04
2020-11-19,14,VICTORIA,512.87,550.81,-52.54,14.61
2020-11-19,15,VICTORIA,497.29,549,-50.21,-1.5
2020-11-19,16,VICTORIA,515.41,567.38,-52.31,.34
2020-11-19,17,VICTORIA,617.66,609.6,-57.35,65.42
2020-11-19,18,VICTORIA,567.19,698.8,-62.58,-69.02
2020-11-19,19,VICTORIA,736.68,807.6,-70.93,0
2020-11-19,20,VICTORIA,740.25,793.96,-70.8,17.09
2020-11-19,21,VICTORIA,705.99,776.58,-70.59,0
2020-11-19,22,VICTORIA,688.98,754.15,-65.17,0
2020-11-19,23,VICTORIA,591.64,611.41,-52.11,32.34
2020-11-19,24,VICTORIA,529.25,579.85,-50.61,0
2020-11-19,1,VILLAHERMOSA,537.93,509.37,28.56,0
2020-11-19,2,VILLAHERMOSA,525.21,502.56,22.65,0
2020-11-19,3,VILLAHERMOSA,524.7,502.9,21.81,0
2020-11-19,4,VILLAHERMOSA,512.7,494.69,18.01,0
2020-11-19,5,VILLAHERMOSA,488.76,481.3,7.46,0
2020-11-19,6,VILLAHERMOSA,502.8,493.03,9.77,0
2020-11-19,7,VILLAHERMOSA,528.16,516.86,11.31,0
2020-11-19,8,VILLAHERMOSA,572.45,554.84,17.61,0
2020-11-19,9,VILLAHERMOSA,648.99,621.28,27.69,.03
2020-11-19,10,VILLAHERMOSA,549.11,527.1,22.4,-.39
2020-11-19,11,VILLAHERMOSA,544.02,518.32,26.1,-.4
2020-11-19,12,VILLAHERMOSA,550.49,519.79,29.06,1.64
2020-11-19,13,VILLAHERMOSA,627.37,564.36,33.22,29.8
2020-11-19,14,VILLAHERMOSA,799.06,550.81,35.82,212.44
2020-11-19,15,VILLAHERMOSA,589.88,549,33.24,7.64
2020-11-19,16,VILLAHERMOSA,604.88,567.38,37.47,.03
2020-11-19,17,VILLAHERMOSA,1165.97,609.6,41.83,514.55
2020-11-19,18,VILLAHERMOSA,914.09,698.8,42.87,172.42
2020-11-19,19,VILLAHERMOSA,843.78,807.6,36.17,0
2020-11-19,20,VILLAHERMOSA,966.32,793.96,36.56,135.81
2020-11-19,21,VILLAHERMOSA,811.25,776.58,34.66,0
2020-11-19,22,VILLAHERMOSA,781.57,754.15,27.42,0
2020-11-19,23,VILLAHERMOSA,905.51,611.41,25.48,268.62
2020-11-19,24,VILLAHERMOSA,598.95,579.85,19.1,0
2020-11-19,1,XALAPA,518.79,509.37,9.42,0
2020-11-19,2,XALAPA,509.09,502.56,6.52,0
2020-11-19,3,XALAPA,510.6,502.9,7.7,0
2020-11-19,4,XALAPA,500.3,494.69,5.62,0
2020-11-19,5,XALAPA,488.45,481.3,7.15,0
2020-11-19,6,XALAPA,501.8,493.03,8.77,0
2020-11-19,7,XALAPA,523.26,516.86,6.4,0
2020-11-19,8,XALAPA,563.14,554.84,8.3,0
2020-11-19,9,XALAPA,633.84,621.28,12.52,.04
2020-11-19,10,XALAPA,535.33,527.1,8.95,-.73
2020-11-19,11,XALAPA,528.79,518.31,11.21,-.73
2020-11-19,12,XALAPA,531.89,519.79,12.05,.05
2020-11-19,13,XALAPA,584.42,564.36,13.31,6.75
2020-11-19,14,XALAPA,686.88,550.81,14.25,121.82
2020-11-19,15,XALAPA,563.35,549,12.61,1.74
2020-11-19,16,XALAPA,581.88,567.38,14.46,.04
2020-11-19,17,XALAPA,941.09,609.6,17.37,314.12
2020-11-19,18,XALAPA,818.47,698.8,21,98.67
2020-11-19,19,XALAPA,833.77,807.6,26.17,0
2020-11-19,20,XALAPA,903.03,793.96,26.48,82.6
2020-11-19,21,XALAPA,800.9,776.58,24.32,0
2020-11-19,22,XALAPA,772.56,754.15,18.41,0
2020-11-19,23,XALAPA,783.18,611.41,12.64,159.13
2020-11-19,24,XALAPA,587.78,579.85,7.93,0
2020-11-19,1,ZACAPU,525.82,509.37,16.45,0
2020-11-19,2,ZACAPU,517.14,502.56,14.58,0
2020-11-19,3,ZACAPU,517.85,502.9,14.96,0
2020-11-19,4,ZACAPU,508.33,494.69,13.64,0
2020-11-19,5,ZACAPU,494.06,481.3,12.76,0
2020-11-19,6,ZACAPU,507.09,493.03,14.06,0
2020-11-19,7,ZACAPU,533.56,516.86,16.7,0
2020-11-19,8,ZACAPU,574.14,554.84,19.3,0
2020-11-19,9,ZACAPU,642.26,621.28,21.06,-.08
2020-11-19,10,ZACAPU,547.16,527.1,17.57,2.49
2020-11-19,11,ZACAPU,539.54,518.31,18.69,2.54
2020-11-19,12,ZACAPU,539.81,519.79,18.65,1.37
2020-11-19,13,ZACAPU,585.93,564.36,20.36,1.21
2020-11-19,14,ZACAPU,598.39,550.81,20.84,26.74
2020-11-19,15,ZACAPU,569.5,549,20.45,.06
2020-11-19,16,ZACAPU,589.2,567.38,21.88,-.06
2020-11-19,17,ZACAPU,705.66,609.6,21.77,74.29
2020-11-19,18,ZACAPU,756.84,698.8,24.06,33.98
2020-11-19,19,ZACAPU,833.35,807.6,25.75,0
2020-11-19,20,ZACAPU,838.74,793.96,25.14,19.64
2020-11-19,21,ZACAPU,803.51,776.58,26.93,0
2020-11-19,22,ZACAPU,782.65,754.15,28.5,0
2020-11-19,23,ZACAPU,671,611.41,20.52,39.06
2020-11-19,24,ZACAPU,600.66,579.85,20.81,0
2020-11-19,1,ZACATECAS,517.11,509.37,7.74,0
2020-11-19,2,ZACATECAS,509.89,502.56,7.32,0
2020-11-19,3,ZACATECAS,510.01,502.9,7.11,0
2020-11-19,4,ZACATECAS,502.93,494.69,8.24,0
2020-11-19,5,ZACATECAS,489.63,481.3,8.33,0
2020-11-19,6,ZACATECAS,500.87,493.03,7.83,0
2020-11-19,7,ZACATECAS,526.31,516.86,9.45,0
2020-11-19,8,ZACATECAS,563.54,554.84,8.7,0
2020-11-19,9,ZACATECAS,622.47,621.28,1.31,-.12
2020-11-19,10,ZACATECAS,519.73,527.1,-2.43,-4.94
2020-11-19,11,ZACATECAS,512.23,518.31,-1.06,-5.03
2020-11-19,12,ZACATECAS,513.2,519.79,-3.47,-3.11
2020-11-19,13,ZACATECAS,554.87,564.36,-5.64,-3.85
2020-11-19,14,ZACATECAS,560.76,550.81,-4.73,14.68
2020-11-19,15,ZACATECAS,545.46,549,-2.93,-.61
2020-11-19,16,ZACATECAS,566.94,567.38,-.34,-.11
2020-11-19,17,ZACATECAS,664.21,609.6,1.46,53.15
2020-11-19,18,ZACATECAS,760.31,698.8,18.4,43.1
2020-11-19,19,ZACATECAS,831.7,807.6,24.1,0
2020-11-19,20,ZACATECAS,833.9,793.96,25.86,14.09
2020-11-19,21,ZACATECAS,800.78,776.58,24.2,0
2020-11-19,22,ZACATECAS,781.01,754.15,26.86,0
2020-11-19,23,ZACATECAS,657.73,611.41,18.63,27.68
2020-11-19,24,ZACATECAS,595.57,579.85,15.72,0
2020-11-19,1,ZAMORA,528.85,509.37,19.48,0
2020-11-19,2,ZAMORA,519.95,502.56,17.39,0
2020-11-19,3,ZAMORA,520.35,502.9,17.46,0
2020-11-19,4,ZAMORA,511.02,494.69,16.33,0
2020-11-19,5,ZAMORA,496.74,481.3,15.44,0
2020-11-19,6,ZAMORA,509.43,493.03,16.39,0
2020-11-19,7,ZAMORA,536.62,516.86,19.76,0
2020-11-19,8,ZAMORA,578.44,554.84,23.6,0
2020-11-19,9,ZAMORA,647,621.28,25.81,-.09
2020-11-19,10,ZAMORA,551.25,527.1,21.17,2.98
2020-11-19,11,ZAMORA,542.97,518.31,21.62,3.03
2020-11-19,12,ZAMORA,543.06,519.79,21.65,1.63
2020-11-19,13,ZAMORA,590.35,564.36,24.82,1.17
2020-11-19,14,ZAMORA,602.2,550.81,24.79,26.6
2020-11-19,15,ZAMORA,573.33,549,24.33,0
2020-11-19,16,ZAMORA,593.59,567.38,26.28,-.08
2020-11-19,17,ZAMORA,709.81,609.6,26.55,73.66
2020-11-19,18,ZAMORA,764,698.8,30.88,34.32
2020-11-19,19,ZAMORA,839.63,807.6,32.03,0
2020-11-19,20,ZAMORA,844.88,793.96,31.46,19.47
2020-11-19,21,ZAMORA,808.66,776.58,32.08,0
2020-11-19,22,ZAMORA,788.6,754.15,34.45,0
2020-11-19,23,ZAMORA,675.52,611.41,25.44,38.67
2020-11-19,24,ZAMORA,605.12,579.85,25.27,0
2020-11-19,1,ZAPOTLAN,523.18,509.37,13.81,0
2020-11-19,2,ZAPOTLAN,514.2,502.56,11.64,0
2020-11-19,3,ZAPOTLAN,513.93,502.9,11.04,0
2020-11-19,4,ZAPOTLAN,505.4,494.69,10.71,0
2020-11-19,5,ZAPOTLAN,491.27,481.3,9.98,0
2020-11-19,6,ZAPOTLAN,503.42,493.03,10.39,0
2020-11-19,7,ZAPOTLAN,529.83,516.86,12.98,0
2020-11-19,8,ZAPOTLAN,571.87,554.84,17.03,0
2020-11-19,9,ZAPOTLAN,638.98,621.28,17.86,-.16
2020-11-19,10,ZAPOTLAN,546.78,527.1,13.77,5.91
2020-11-19,11,ZAPOTLAN,539.22,518.31,14.9,6.02
2020-11-19,12,ZAPOTLAN,537.76,519.79,14.77,3.2
2020-11-19,13,ZAPOTLAN,583.59,564.36,17.75,1.48
2020-11-19,14,ZAPOTLAN,595.4,550.81,18.26,26.33
2020-11-19,15,ZAPOTLAN,566.46,549,17.67,-.21
2020-11-19,16,ZAPOTLAN,585.83,567.38,18.58,-.13
2020-11-19,17,ZAPOTLAN,699.15,609.6,18.79,70.76
2020-11-19,18,ZAPOTLAN,756.2,698.8,25.25,32.16
2020-11-19,19,ZAPOTLAN,831.63,807.6,24.03,0
2020-11-19,20,ZAPOTLAN,837.47,793.96,24.77,18.74
2020-11-19,21,ZAPOTLAN,800.69,776.58,24.1,0
2020-11-19,22,ZAPOTLAN,783.61,754.15,29.46,0
2020-11-19,23,ZAPOTLAN,670.73,611.41,22.16,37.15
2020-11-19,24,ZAPOTLAN,601.22,579.85,21.37,0
2020-11-19,1,ZIHUATANEJO,547.48,509.37,38.11,0
2020-11-19,2,ZIHUATANEJO,539.69,502.56,37.13,0
2020-11-19,3,ZIHUATANEJO,541.37,502.9,38.47,0
2020-11-19,4,ZIHUATANEJO,528.36,494.69,33.67,0
2020-11-19,5,ZIHUATANEJO,512.11,481.3,30.81,0
2020-11-19,6,ZIHUATANEJO,526.43,493.03,33.39,0
2020-11-19,7,ZIHUATANEJO,553.11,516.86,36.26,0
2020-11-19,8,ZIHUATANEJO,594.08,554.84,39.24,0
2020-11-19,9,ZIHUATANEJO,666.63,621.28,45.38,-.03
2020-11-19,10,ZIHUATANEJO,568.45,527.1,40.11,1.24
2020-11-19,11,ZIHUATANEJO,561.12,518.31,41.54,1.26
2020-11-19,12,ZIHUATANEJO,563.1,519.79,42.23,1.08
2020-11-19,13,ZIHUATANEJO,616.88,564.36,45.54,6.98
2020-11-19,14,ZIHUATANEJO,686.74,550.81,46.58,89.36
2020-11-19,15,ZIHUATANEJO,598.61,549,47.99,1.62
2020-11-19,16,ZIHUATANEJO,617.74,567.38,50.38,-.02
2020-11-19,17,ZIHUATANEJO,896.98,609.6,48.18,239.2
2020-11-19,18,ZIHUATANEJO,821.69,698.8,39.93,82.96
2020-11-19,19,ZIHUATANEJO,844.11,807.6,36.5,0
2020-11-19,20,ZIHUATANEJO,891.94,793.96,34.26,63.73
2020-11-19,21,ZIHUATANEJO,819.83,776.58,43.24,0
2020-11-19,22,ZIHUATANEJO,803.45,754.15,49.3,0
2020-11-19,23,ZIHUATANEJO,779,611.41,40.13,127.46
2020-11-19,24,ZIHUATANEJO,623.96,579.85,44.11,0
2020-11-20,1,ACAPULCO,620.77,558.19,62.59,0
2020-11-20,2,ACAPULCO,548.28,496.57,51.7,0
2020-11-20,3,ACAPULCO,522.07,474.31,47.76,0
2020-11-20,4,ACAPULCO,516.2,471.19,45.01,0
2020-11-20,5,ACAPULCO,518.37,472.53,45.84,0
2020-11-20,6,ACAPULCO,573.6,520.48,53.12,0
2020-11-20,7,ACAPULCO,589.62,536.46,53.17,0
2020-11-20,8,ACAPULCO,605.74,552.32,53.42,0
2020-11-20,9,ACAPULCO,782.7,706.49,76.22,0
2020-11-20,10,ACAPULCO,762.87,572.46,66.92,123.49
2020-11-20,11,ACAPULCO,564.15,508.02,56.07,.06
2020-11-20,12,ACAPULCO,565.28,508.51,56.71,.06
2020-11-20,13,ACAPULCO,575.34,517.93,57.51,-.1
2020-11-20,14,ACAPULCO,587.64,527.19,60.35,.09
2020-11-20,15,ACAPULCO,548.79,488.18,60.67,-.06
2020-11-20,16,ACAPULCO,577.78,516.69,62.3,-1.21
2020-11-20,17,ACAPULCO,807.33,716.26,95.62,-4.55
2020-11-20,18,ACAPULCO,1019.57,713.89,83.15,222.54
2020-11-20,19,ACAPULCO,1088.7,642.05,79.37,367.28
2020-11-20,20,ACAPULCO,873.45,775.56,104.66,-6.77
2020-11-20,21,ACAPULCO,839.48,745.22,100.1,-5.83
2020-11-20,22,ACAPULCO,823.4,731.84,97.08,-5.52
2020-11-20,23,ACAPULCO,830.14,738.53,97.46,-5.84
2020-11-20,24,ACAPULCO,587.09,523.19,65.15,-1.25
2020-11-20,1,AGUASCALIENTES,561.28,558.19,3.27,-.18
2020-11-20,2,AGUASCALIENTES,498.76,496.57,2.32,-.14
2020-11-20,3,AGUASCALIENTES,475.82,474.31,1.51,0
2020-11-20,4,AGUASCALIENTES,472.95,471.19,1.75,0
2020-11-20,5,AGUASCALIENTES,474.07,472.53,1.55,0
2020-11-20,6,AGUASCALIENTES,523.73,520.48,3.25,0
2020-11-20,7,AGUASCALIENTES,540.86,536.46,4.48,-.08
2020-11-20,8,AGUASCALIENTES,556.98,552.32,4.84,-.18
2020-11-20,9,AGUASCALIENTES,700.15,706.49,-6.34,0
2020-11-20,10,AGUASCALIENTES,582.6,572.46,-9.13,19.28
2020-11-20,11,AGUASCALIENTES,499.73,508.02,-8.26,-.03
2020-11-20,12,AGUASCALIENTES,500.22,508.51,-8.26,-.04
2020-11-20,13,AGUASCALIENTES,510.37,517.93,-7.48,-.08
2020-11-20,14,AGUASCALIENTES,519.53,527.19,-7.67,.01
2020-11-20,15,AGUASCALIENTES,476.59,488.18,-11.56,-.03
2020-11-20,16,AGUASCALIENTES,514.78,516.69,-10.95,9.04
2020-11-20,17,AGUASCALIENTES,741.62,716.26,-11.96,37.32
2020-11-20,18,AGUASCALIENTES,800.99,713.89,-.69,87.79
2020-11-20,19,AGUASCALIENTES,745.89,642.05,-1.8,105.63
2020-11-20,20,AGUASCALIENTES,824.77,775.56,-2.33,51.54
2020-11-20,21,AGUASCALIENTES,785.56,745.22,-4.01,44.35
2020-11-20,22,AGUASCALIENTES,770.14,731.84,-3.82,42.12
2020-11-20,23,AGUASCALIENTES,782.13,738.53,-.96,44.57
2020-11-20,24,AGUASCALIENTES,530.68,523.19,-1.99,9.48
2020-11-20,1,APATZINGAN,592.28,558.19,34.24,-.15
2020-11-20,2,APATZINGAN,523.29,496.57,26.84,-.12
2020-11-20,3,APATZINGAN,497.8,474.31,23.5,0
2020-11-20,4,APATZINGAN,492.56,471.19,21.37,0
2020-11-20,5,APATZINGAN,494.09,472.53,21.57,0
2020-11-20,6,APATZINGAN,546.52,520.48,26.04,0
2020-11-20,7,APATZINGAN,565.81,536.46,29.42,-.07
2020-11-20,8,APATZINGAN,586.19,552.32,34.02,-.16
2020-11-20,9,APATZINGAN,752.95,706.49,46.46,0
2020-11-20,10,APATZINGAN,642.61,572.46,40.08,30.07
2020-11-20,11,APATZINGAN,543.23,508.02,34.84,.36
2020-11-20,12,APATZINGAN,545.84,508.51,37.01,.32
2020-11-20,13,APATZINGAN,556.3,517.93,39.05,-.68
2020-11-20,14,APATZINGAN,568.54,527.19,40.75,.6
2020-11-20,15,APATZINGAN,523.94,488.18,36.15,-.39
2020-11-20,16,APATZINGAN,557.92,516.69,39.69,1.53
2020-11-20,17,APATZINGAN,784.57,716.26,59.01,9.3
2020-11-20,18,APATZINGAN,834.28,713.89,53.03,67.37
2020-11-20,19,APATZINGAN,790.74,642.05,47.06,101.63
2020-11-20,20,APATZINGAN,850.12,775.56,63.82,10.74
2020-11-20,21,APATZINGAN,812.8,745.22,58.34,9.25
2020-11-20,22,APATZINGAN,795.99,731.84,55.35,8.8
2020-11-20,23,APATZINGAN,802.95,738.53,55.11,9.31
2020-11-20,24,APATZINGAN,559.04,523.19,33.86,1.99
2020-11-20,1,CABORCA,509.4,558.19,-45.39,-3.4
2020-11-20,2,CABORCA,447.08,496.57,-46.84,-2.65
2020-11-20,3,CABORCA,422.31,474.31,-52,0
2020-11-20,4,CABORCA,416.15,471.19,-55.04,0
2020-11-20,5,CABORCA,411,472.53,-61.53,0
2020-11-20,6,CABORCA,450.3,520.48,-70.18,0
2020-11-20,7,CABORCA,467.21,536.46,-67.78,-1.47
2020-11-20,8,CABORCA,482.28,552.32,-66.55,-3.49
2020-11-20,9,CABORCA,576.04,706.49,-130.45,0
2020-11-20,10,CABORCA,254.08,572.46,-152.52,-165.86
2020-11-20,11,CABORCA,247.63,508.02,-144.1,-116.3
2020-11-20,12,CABORCA,252.52,508.51,-146.21,-109.78
2020-11-20,13,CABORCA,329.29,517.93,-146.42,-42.22
2020-11-20,14,CABORCA,258.63,527.19,-147.13,-121.43
2020-11-20,15,CABORCA,318.71,488.18,-145.53,-23.93
2020-11-20,16,CABORCA,321.79,516.69,-148.47,-46.43
2020-11-20,17,CABORCA,248.79,716.26,-197.73,-269.74
2020-11-20,18,CABORCA,490.7,713.89,-151.87,-71.31
2020-11-20,19,CABORCA,524.66,642.05,-93.13,-24.26
2020-11-20,20,CABORCA,540.38,775.56,-110.08,-125.09
2020-11-20,21,CABORCA,529.82,745.22,-107.73,-107.67
2020-11-20,22,CABORCA,526.52,731.84,-101.49,-103.84
2020-11-20,23,CABORCA,529.83,738.53,-99.04,-109.65
2020-11-20,24,CABORCA,426.96,523.19,-72.75,-23.47
2020-11-20,1,CAMARGO,509.31,558.19,-43.55,-5.33
2020-11-20,2,CAMARGO,451.26,496.57,-41.16,-4.16
2020-11-20,3,CAMARGO,430.86,474.31,-43.45,0
2020-11-20,4,CAMARGO,427.29,471.19,-43.91,0
2020-11-20,5,CAMARGO,425.33,472.53,-47.2,0
2020-11-20,6,CAMARGO,471.9,520.48,-48.58,0
2020-11-20,7,CAMARGO,488.61,536.46,-45.54,-2.31
2020-11-20,8,CAMARGO,502.61,552.32,-44.27,-5.43
2020-11-20,9,CAMARGO,615.21,706.48,-91.28,0
2020-11-20,10,CAMARGO,488.31,572.46,-85.6,1.46
2020-11-20,11,CAMARGO,410.54,508.02,-77.74,-19.75
2020-11-20,12,CAMARGO,411.56,508.51,-78.95,-18
2020-11-20,13,CAMARGO,459.02,517.93,-82.7,23.79
2020-11-20,14,CAMARGO,411.51,527.19,-85.79,-29.89
2020-11-20,15,CAMARGO,413.41,488.18,-91.24,16.48
2020-11-20,16,CAMARGO,406.35,516.69,-88.62,-21.73
2020-11-20,17,CAMARGO,405.74,716.26,-115.01,-195.51
2020-11-20,18,CAMARGO,465.62,713.89,-103.57,-144.7
2020-11-20,19,CAMARGO,472.37,642.05,-80.51,-89.17
2020-11-20,20,CAMARGO,477.23,775.56,-99.03,-199.3
2020-11-20,21,CAMARGO,474.06,745.22,-99.6,-171.55
2020-11-20,22,CAMARGO,471.01,731.84,-97.43,-163.4
2020-11-20,23,CAMARGO,466.38,738.53,-99.22,-172.92
2020-11-20,24,CAMARGO,409.97,523.19,-76.2,-37.02
2020-11-20,1,CAMPECHE,610.17,558.19,51.92,.07
2020-11-20,2,CAMPECHE,538.12,496.57,41.49,.05
2020-11-20,3,CAMPECHE,510.57,474.31,36.26,0
2020-11-20,4,CAMPECHE,507.51,471.19,36.31,0
2020-11-20,5,CAMPECHE,507.81,472.53,35.28,0
2020-11-20,6,CAMPECHE,566.82,520.48,46.34,0
2020-11-20,7,CAMPECHE,571.56,536.46,35.08,.03
2020-11-20,8,CAMPECHE,583.07,552.32,30.69,.07
2020-11-20,9,CAMPECHE,767.68,706.49,61.19,0
2020-11-20,10,CAMPECHE,895.26,572.46,57.69,265.12
2020-11-20,11,CAMPECHE,640.11,508.02,53.08,79.01
2020-11-20,12,CAMPECHE,643.41,508.51,55.96,78.94
2020-11-20,13,CAMPECHE,651.31,517.93,54.52,78.87
2020-11-20,14,CAMPECHE,661.58,527.19,56.29,78.1
2020-11-20,15,CAMPECHE,544.32,488.18,56.05,.09
2020-11-20,16,CAMPECHE,575.24,516.69,60.72,-2.17
2020-11-20,17,CAMPECHE,788.13,716.26,81.47,-9.6
2020-11-20,18,CAMPECHE,1138.61,713.89,86.26,338.46
2020-11-20,19,CAMPECHE,1280.35,642.05,80.36,557.94
2020-11-20,20,CAMPECHE,855.91,775.56,93.26,-12.91
2020-11-20,21,CAMPECHE,819.59,745.22,85.49,-11.11
2020-11-20,22,CAMPECHE,814.58,731.84,93.3,-10.56
2020-11-20,23,CAMPECHE,820.27,738.53,92.91,-11.17
2020-11-20,24,CAMPECHE,580.5,523.19,59.7,-2.39
2020-11-20,1,CANCUN,608.75,558.19,50.49,.07
2020-11-20,2,CANCUN,537.31,496.57,40.68,.05
2020-11-20,3,CANCUN,509.55,474.31,35.24,0
2020-11-20,4,CANCUN,506.58,471.19,35.39,0
2020-11-20,5,CANCUN,506.58,472.53,34.05,0
2020-11-20,6,CANCUN,566.1,520.48,45.62,0
2020-11-20,7,CANCUN,571.08,536.46,34.59,.03
2020-11-20,8,CANCUN,585.48,552.32,33.09,.07
2020-11-20,9,CANCUN,773.34,706.49,66.85,0
2020-11-20,10,CANCUN,2413.88,572.46,60.79,1780.64
2020-11-20,11,CANCUN,2394.69,508.02,60.72,1825.96
2020-11-20,12,CANCUN,2395.28,508.51,64.45,1822.32
2020-11-20,13,CANCUN,2395.84,517.93,62.15,1815.75
2020-11-20,14,CANCUN,2396.72,527.19,63.82,1805.71
2020-11-20,15,CANCUN,551.93,488.18,63.66,.09
2020-11-20,16,CANCUN,579.63,516.69,65.11,-2.17
2020-11-20,17,CANCUN,792.84,716.26,86.17,-9.6
2020-11-20,18,CANCUN,1142.34,713.89,89.99,338.46
2020-11-20,19,CANCUN,1273.89,642.05,73.9,557.94
2020-11-20,20,CANCUN,846.72,775.56,84.08,-12.91
2020-11-20,21,CANCUN,811.07,745.22,76.97,-11.11
2020-11-20,22,CANCUN,816.02,731.84,94.74,-10.56
2020-11-20,23,CANCUN,820.59,738.53,93.23,-11.17
2020-11-20,24,CANCUN,580.05,523.19,59.25,-2.39
2020-11-20,1,CARMEN,635.22,558.19,76.97,.07
2020-11-20,2,CARMEN,559.38,496.57,62.76,.05
2020-11-20,3,CARMEN,530.18,474.31,55.87,0
2020-11-20,4,CARMEN,526.34,471.19,55.14,0
2020-11-20,5,CARMEN,525.73,472.53,53.21,0
2020-11-20,6,CARMEN,585.73,520.48,65.25,0
2020-11-20,7,CARMEN,590.32,536.46,53.84,.03
2020-11-20,8,CARMEN,601.65,552.32,49.27,.07
2020-11-20,9,CARMEN,791.92,706.49,85.44,0
2020-11-20,10,CARMEN,897.47,572.46,77.02,247.99
2020-11-20,11,CARMEN,637.57,508.02,70.57,58.98
2020-11-20,12,CARMEN,641.06,508.51,73.68,58.87
2020-11-20,13,CARMEN,649.67,517.93,72.88,58.86
2020-11-20,14,CARMEN,661.01,527.19,75.57,58.26
2020-11-20,15,CARMEN,561.78,488.18,73.51,.09
2020-11-20,16,CARMEN,595,516.69,80.48,-2.17
2020-11-20,17,CARMEN,815.76,716.26,109.1,-9.6
2020-11-20,18,CARMEN,1167.9,713.89,115.55,338.46
2020-11-20,19,CARMEN,1310.38,642.05,110.39,557.94
2020-11-20,20,CARMEN,892.85,775.56,130.2,-12.91
2020-11-20,21,CARMEN,855.66,745.21,121.56,-11.11
2020-11-20,22,CARMEN,849.4,731.84,128.12,-10.56
2020-11-20,23,CARMEN,856.47,738.53,129.11,-11.17
2020-11-20,24,CARMEN,606.3,523.19,85.51,-2.39
2020-11-20,1,CASAS GRANDES,463.51,558.19,-89.13,-5.55
2020-11-20,2,CASAS GRANDES,408.62,496.57,-83.63,-4.33
2020-11-20,3,CASAS GRANDES,389.06,474.31,-85.25,0
2020-11-20,4,CASAS GRANDES,385.11,471.19,-86.08,0
2020-11-20,5,CASAS GRANDES,381.67,472.53,-90.86,0
2020-11-20,6,CASAS GRANDES,421.64,520.48,-98.84,0
2020-11-20,7,CASAS GRANDES,436.91,536.46,-97.14,-2.41
2020-11-20,8,CASAS GRANDES,450,552.32,-96.66,-5.66
2020-11-20,9,CASAS GRANDES,545.88,706.49,-160.61,0
2020-11-20,10,CASAS GRANDES,290.27,572.46,-144.64,-137.55
2020-11-20,11,CASAS GRANDES,283.74,508.02,-126.93,-97.35
2020-11-20,12,CASAS GRANDES,285.1,508.51,-130.51,-92.9
2020-11-20,13,CASAS GRANDES,308.92,517.93,-135.58,-73.43
2020-11-20,14,CASAS GRANDES,297.02,527.19,-138.43,-91.74
2020-11-20,15,CASAS GRANDES,306.56,488.18,-139.06,-42.56
2020-11-20,16,CASAS GRANDES,300.1,516.69,-142.07,-74.52
2020-11-20,17,CASAS GRANDES,293.58,716.26,-187.57,-235.1
2020-11-20,18,CASAS GRANDES,413.67,713.89,-178.22,-121.99
2020-11-20,19,CASAS GRANDES,430.38,642.05,-142.59,-69.08
2020-11-20,20,CASAS GRANDES,425.1,775.56,-174.05,-176.41
2020-11-20,21,CASAS GRANDES,423.55,745.22,-169.85,-151.82
2020-11-20,22,CASAS GRANDES,420.59,731.84,-166.08,-145.17
2020-11-20,23,CASAS GRANDES,417.67,738.53,-167.21,-153.65
2020-11-20,24,CASAS GRANDES,367.6,523.19,-122.69,-32.9
2020-11-20,1,CELAYA,566.99,558.19,8.85,-.04
2020-11-20,2,CELAYA,503.83,496.57,7.3,-.04
2020-11-20,3,CELAYA,481.05,474.31,6.74,0
2020-11-20,4,CELAYA,477.42,471.19,6.23,0
2020-11-20,5,CELAYA,478.78,472.53,6.25,0
2020-11-20,6,CELAYA,528.05,520.48,7.57,0
2020-11-20,7,CELAYA,544.07,536.46,7.63,-.02
2020-11-20,8,CELAYA,561.35,552.32,9.07,-.04
2020-11-20,9,CELAYA,716.4,706.49,9.91,0
2020-11-20,10,CELAYA,590.99,572.46,8.13,10.4
2020-11-20,11,CELAYA,515.01,508.02,6.93,.05
2020-11-20,12,CELAYA,514.91,508.51,6.36,.04
2020-11-20,13,CELAYA,524.79,517.93,6.97,-.11
2020-11-20,14,CELAYA,534.59,527.19,7.31,.09
2020-11-20,15,CELAYA,493.9,488.18,5.78,-.06
2020-11-20,16,CELAYA,524.13,516.69,6.08,1.36
2020-11-20,17,CELAYA,731.43,716.26,9.09,6.09
2020-11-20,18,CELAYA,752.07,713.89,11.53,26.65
2020-11-20,19,CELAYA,689.03,642.05,9.61,37.37
2020-11-20,20,CELAYA,794.43,775.56,11.02,7.85
2020-11-20,21,CELAYA,762.58,745.21,10.51,6.85
2020-11-20,22,CELAYA,749.1,731.84,10.63,6.63
2020-11-20,23,CELAYA,756.41,738.53,10.86,7.02
2020-11-20,24,CELAYA,531.83,523.19,7.14,1.5
2020-11-20,1,CENTRO ORIENTE,572.25,558.19,14.01,.05
2020-11-20,2,CENTRO ORIENTE,508.19,496.57,11.58,.04
2020-11-20,3,CENTRO ORIENTE,485.18,474.31,10.87,0
2020-11-20,4,CENTRO ORIENTE,482.07,471.19,10.88,0
2020-11-20,5,CENTRO ORIENTE,483.6,472.53,11.07,0
2020-11-20,6,CENTRO ORIENTE,533.25,520.48,12.77,0
2020-11-20,7,CENTRO ORIENTE,549.36,536.46,12.88,.02
2020-11-20,8,CENTRO ORIENTE,565.73,552.32,13.36,.05
2020-11-20,9,CENTRO ORIENTE,730.36,706.49,23.87,0
2020-11-20,10,CENTRO ORIENTE,582.95,572.46,20.68,-10.19
2020-11-20,11,CENTRO ORIENTE,527.11,508.02,19.14,-.05
2020-11-20,12,CENTRO ORIENTE,528.2,508.51,19.73,-.04
2020-11-20,13,CENTRO ORIENTE,537.29,517.93,19.25,.11
2020-11-20,14,CENTRO ORIENTE,547.03,527.19,19.93,-.09
2020-11-20,15,CENTRO ORIENTE,510.56,488.18,22.32,.06
2020-11-20,16,CENTRO ORIENTE,538.68,516.69,23.68,-1.69
2020-11-20,17,CENTRO ORIENTE,741.48,716.26,32.64,-7.41
2020-11-20,18,CENTRO ORIENTE,707.74,713.89,26.35,-32.49
2020-11-20,19,CENTRO ORIENTE,624.11,642.05,27.69,-45.64
2020-11-20,20,CENTRO ORIENTE,800.97,775.56,35.48,-10.07
2020-11-20,21,CENTRO ORIENTE,771.36,745.22,34.82,-8.67
2020-11-20,22,CENTRO ORIENTE,755.6,731.84,31.99,-8.23
2020-11-20,23,CENTRO ORIENTE,759.65,738.53,29.81,-8.69
2020-11-20,24,CENTRO ORIENTE,540.73,523.19,19.4,-1.85
2020-11-20,1,CENTRO SUR,585.31,558.19,27.11,.02
2020-11-20,2,CENTRO SUR,518.84,496.57,22.26,.01
2020-11-20,3,CENTRO SUR,494.84,474.31,20.53,0
2020-11-20,4,CENTRO SUR,491.25,471.19,20.06,0
2020-11-20,5,CENTRO SUR,493.13,472.53,20.61,0
2020-11-20,6,CENTRO SUR,544.67,520.48,24.19,0
2020-11-20,7,CENTRO SUR,561.29,536.46,24.83,.01
2020-11-20,8,CENTRO SUR,577.99,552.32,25.66,.02
2020-11-20,9,CENTRO SUR,746.19,706.49,39.7,0
2020-11-20,10,CENTRO SUR,683.54,572.46,34.51,76.57
2020-11-20,11,CENTRO SUR,538.42,508.02,30.37,.03
2020-11-20,12,CENTRO SUR,539.84,508.51,31.3,.03
2020-11-20,13,CENTRO SUR,549.33,517.93,31.44,-.05
2020-11-20,14,CENTRO SUR,559.72,527.19,32.48,.05
2020-11-20,15,CENTRO SUR,521.57,488.18,33.42,-.03
2020-11-20,16,CENTRO SUR,550.17,516.69,34.65,-1.17
2020-11-20,17,CENTRO SUR,761.5,716.26,49.83,-4.59
2020-11-20,18,CENTRO SUR,890.62,713.89,39.75,136.98
2020-11-20,19,CENTRO SUR,907.31,642.05,36.56,228.7
2020-11-20,20,CENTRO SUR,815.21,775.56,46.29,-6.64
2020-11-20,21,CENTRO SUR,784.13,745.21,44.64,-5.72
2020-11-20,22,CENTRO SUR,771.47,731.84,45.06,-5.42
2020-11-20,23,CENTRO SUR,777.14,738.53,44.34,-5.73
2020-11-20,24,CENTRO SUR,552.26,523.19,30.29,-1.22
2020-11-20,1,CHETUMAL,610.62,558.19,52.37,.07
2020-11-20,2,CHETUMAL,538.65,496.57,42.02,.05
2020-11-20,3,CHETUMAL,511.2,474.31,36.89,0
2020-11-20,4,CHETUMAL,508.19,471.19,37,0
2020-11-20,5,CHETUMAL,508.6,472.53,36.07,0
2020-11-20,6,CHETUMAL,568.04,520.48,47.56,0
2020-11-20,7,CHETUMAL,573.35,536.46,36.86,.03
2020-11-20,8,CHETUMAL,584.91,552.32,32.52,.07
2020-11-20,9,CHETUMAL,769.51,706.49,63.02,0
2020-11-20,10,CHETUMAL,881.28,572.46,57.24,251.59
2020-11-20,11,CHETUMAL,623.6,508.02,52.5,63.08
2020-11-20,12,CHETUMAL,626.5,508.51,55,62.99
2020-11-20,13,CHETUMAL,634.2,517.93,53.29,62.98
2020-11-20,14,CHETUMAL,644.97,527.19,55.53,62.25
2020-11-20,15,CHETUMAL,543.3,488.18,55.03,.09
2020-11-20,16,CHETUMAL,576.15,516.69,61.63,-2.17
2020-11-20,17,CHETUMAL,790.56,716.26,83.9,-9.6
2020-11-20,18,CHETUMAL,1142.7,713.89,90.35,338.46
2020-11-20,19,CHETUMAL,1280.33,642.05,80.33,557.94
2020-11-20,20,CHETUMAL,854.97,775.56,92.32,-12.91
2020-11-20,21,CHETUMAL,818.24,745.21,84.14,-11.11
2020-11-20,22,CHETUMAL,816.9,731.84,95.61,-10.56
2020-11-20,23,CHETUMAL,821.54,738.53,94.19,-11.17
2020-11-20,24,CHETUMAL,580.8,523.19,60,-2.39
2020-11-20,1,CHIHUAHUA,474.5,558.19,-77.39,-6.29
2020-11-20,2,CHIHUAHUA,420.2,496.57,-71.47,-4.91
2020-11-20,3,CHIHUAHUA,401.79,474.31,-72.52,0
2020-11-20,4,CHIHUAHUA,398.23,471.19,-72.97,0
2020-11-20,5,CHIHUAHUA,395.82,472.53,-76.71,0
2020-11-20,6,CHIHUAHUA,439.56,520.48,-80.92,0
2020-11-20,7,CHIHUAHUA,455.31,536.46,-78.42,-2.73
2020-11-20,8,CHIHUAHUA,468.11,552.32,-77.79,-6.42
2020-11-20,9,CHIHUAHUA,573.52,706.49,-132.96,0
2020-11-20,10,CHIHUAHUA,450.94,572.46,-118.3,-3.21
2020-11-20,11,CHIHUAHUA,380.91,508.02,-104.31,-22.8
2020-11-20,12,CHIHUAHUA,381.05,508.51,-106.68,-20.79
2020-11-20,13,CHIHUAHUA,434.27,517.93,-111.31,27.66
2020-11-20,14,CHIHUAHUA,378.39,527.19,-114.24,-34.56
2020-11-20,15,CHIHUAHUA,389.98,488.18,-117.28,19.09
2020-11-20,16,CHIHUAHUA,379.77,516.69,-118.47,-18.46
2020-11-20,17,CHIHUAHUA,352.8,716.26,-157.02,-206.44
2020-11-20,18,CHIHUAHUA,417.49,713.89,-152.74,-143.66
2020-11-20,19,CHIHUAHUA,430.03,642.05,-123.81,-88.22
2020-11-20,20,CHIHUAHUA,425.46,775.56,-151.79,-198.31
2020-11-20,21,CHIHUAHUA,425.23,745.21,-149.29,-170.7
2020-11-20,22,CHIHUAHUA,422.14,731.84,-146.99,-162.71
2020-11-20,23,CHIHUAHUA,417.13,738.53,-149.2,-172.19
2020-11-20,24,CHIHUAHUA,375.28,523.19,-111.05,-36.86
2020-11-20,1,CHILPANCINGO,616.47,558.19,58.27,.01
2020-11-20,2,CHILPANCINGO,544.95,496.57,48.37,.01
2020-11-20,3,CHILPANCINGO,519.23,474.31,44.92,0
2020-11-20,4,CHILPANCINGO,514.15,471.19,42.96,0
2020-11-20,5,CHILPANCINGO,516.24,472.53,43.71,0
2020-11-20,6,CHILPANCINGO,571.11,520.48,50.63,0
2020-11-20,7,CHILPANCINGO,587.88,536.46,51.42,.01
2020-11-20,8,CHILPANCINGO,604.16,552.32,51.83,.01
2020-11-20,9,CHILPANCINGO,781.49,706.49,75.01,0
2020-11-20,10,CHILPANCINGO,768.98,572.46,65.18,131.35
2020-11-20,11,CHILPANCINGO,561.85,508.02,53.79,.04
2020-11-20,12,CHILPANCINGO,562.1,508.51,53.55,.04
2020-11-20,13,CHILPANCINGO,571.97,517.93,54.1,-.05
2020-11-20,14,CHILPANCINGO,583.85,527.19,56.61,.06
2020-11-20,15,CHILPANCINGO,545.64,488.18,57.49,-.03
2020-11-20,16,CHILPANCINGO,574.79,516.69,59.46,-1.36
2020-11-20,17,CHILPANCINGO,802.75,716.26,91.83,-5.34
2020-11-20,18,CHILPANCINGO,1031.86,713.89,82.01,235.96
2020-11-20,19,CHILPANCINGO,1109.5,642.05,78.82,388.63
2020-11-20,20,CHILPANCINGO,870.71,775.56,102.82,-7.67
2020-11-20,21,CHILPANCINGO,836.36,745.21,97.75,-6.6
2020-11-20,22,CHILPANCINGO,819.05,731.84,93.48,-6.27
2020-11-20,23,CHILPANCINGO,824.09,738.53,92.2,-6.63
2020-11-20,24,CHILPANCINGO,583.61,523.19,61.85,-1.42
2020-11-20,1,CHONTALPA,577.09,558.19,18.83,.07
2020-11-20,2,CHONTALPA,509.47,496.57,12.84,.05
2020-11-20,3,CHONTALPA,484.84,474.31,10.53,0
2020-11-20,4,CHONTALPA,483,471.19,11.81,0
2020-11-20,5,CHONTALPA,483.75,472.53,11.22,0
2020-11-20,6,CHONTALPA,539.45,520.48,18.97,0
2020-11-20,7,CHONTALPA,544.44,536.46,7.95,.03
2020-11-20,8,CHONTALPA,552.36,552.32,-.03,.07
2020-11-20,9,CHONTALPA,723.28,706.49,16.8,0
2020-11-20,10,CHONTALPA,786.49,572.46,15.88,198.15
2020-11-20,11,CHONTALPA,524.36,508.02,14.83,1.51
2020-11-20,12,CHONTALPA,526.68,508.51,16.65,1.52
2020-11-20,13,CHONTALPA,534.76,517.93,15.1,1.73
2020-11-20,14,CHONTALPA,544.42,527.19,15.79,1.44
2020-11-20,15,CHONTALPA,507.32,488.18,19.05,.09
2020-11-20,16,CHONTALPA,537.15,516.69,22.63,-2.17
2020-11-20,17,CHONTALPA,736.64,716.26,29.97,-9.6
2020-11-20,18,CHONTALPA,1084.99,713.89,32.64,338.46
2020-11-20,19,CHONTALPA,1237.49,642.05,37.51,557.93
2020-11-20,20,CHONTALPA,806.29,775.56,43.64,-12.91
2020-11-20,21,CHONTALPA,773.4,745.22,39.3,-11.11
2020-11-20,22,CHONTALPA,762.13,731.84,40.84,-10.56
2020-11-20,23,CHONTALPA,768.52,738.53,41.17,-11.17
2020-11-20,24,CHONTALPA,545.8,523.19,25.01,-2.39
2020-11-20,1,CIENEGA,575.31,558.19,17.41,-.29
2020-11-20,2,CIENEGA,509.31,496.57,12.96,-.23
2020-11-20,3,CIENEGA,484.85,474.31,10.54,0
2020-11-20,4,CIENEGA,480.66,471.19,9.47,0
2020-11-20,5,CIENEGA,481.62,472.53,9.09,0
2020-11-20,6,CIENEGA,532.31,520.48,11.83,0
2020-11-20,7,CIENEGA,550.61,536.46,14.28,-.13
2020-11-20,8,CIENEGA,569.14,552.32,17.12,-.29
2020-11-20,9,CIENEGA,722.2,706.49,15.71,0
2020-11-20,10,CIENEGA,611.82,572.46,11.93,27.44
2020-11-20,11,CIENEGA,518.74,508.02,9.92,.79
2020-11-20,12,CIENEGA,520.3,508.51,11.09,.71
2020-11-20,13,CIENEGA,529.02,517.93,12.56,-1.48
2020-11-20,14,CIENEGA,541.69,527.19,13.19,1.31
2020-11-20,15,CIENEGA,494.17,488.18,6.84,-.85
2020-11-20,16,CIENEGA,528.74,516.69,10.76,1.29
2020-11-20,17,CIENEGA,747.55,716.26,19.42,11.87
2020-11-20,18,CIENEGA,801.15,713.89,20.94,66.33
2020-11-20,19,CIENEGA,754.42,642.05,13.11,99.26
2020-11-20,20,CIENEGA,804.96,775.56,17.72,11.69
2020-11-20,21,CIENEGA,770.93,745.22,15.67,10.04
2020-11-20,22,CIENEGA,758.77,731.84,17.36,9.57
2020-11-20,23,CIENEGA,771.78,738.53,23.14,10.11
2020-11-20,24,CIENEGA,538.39,523.19,13.03,2.17
2020-11-20,1,COATZACOALCOS,574.7,558.19,16.44,.07
2020-11-20,2,COATZACOALCOS,507.97,496.57,11.34,.05
2020-11-20,3,COATZACOALCOS,484.22,474.31,9.91,0
2020-11-20,4,COATZACOALCOS,482.64,471.19,11.45,0
2020-11-20,5,COATZACOALCOS,483.74,472.53,11.21,0
2020-11-20,6,COATZACOALCOS,539.09,520.48,18.61,0
2020-11-20,7,COATZACOALCOS,546,536.46,9.52,.03
2020-11-20,8,COATZACOALCOS,554.98,552.32,2.59,.07
2020-11-20,9,COATZACOALCOS,725.51,706.49,19.03,0
2020-11-20,10,COATZACOALCOS,787.29,572.46,18.22,196.62
2020-11-20,11,COATZACOALCOS,524.95,508.02,16.98,-.06
2020-11-20,12,COATZACOALCOS,526.77,508.51,18.3,-.05
2020-11-20,13,COATZACOALCOS,535.12,517.93,17.03,.17
2020-11-20,14,COATZACOALCOS,544.83,527.19,17.76,-.11
2020-11-20,15,COATZACOALCOS,508.78,488.18,20.52,.09
2020-11-20,16,COATZACOALCOS,537.89,516.69,23.37,-2.17
2020-11-20,17,COATZACOALCOS,737.69,716.26,31.03,-9.61
2020-11-20,18,COATZACOALCOS,1082.52,713.89,30.39,338.25
2020-11-20,19,COATZACOALCOS,1232.98,642.05,33.49,557.44
2020-11-20,20,COATZACOALCOS,801.63,775.56,39,-12.92
2020-11-20,21,COATZACOALCOS,768.9,745.22,34.81,-11.12
2020-11-20,22,COATZACOALCOS,755.81,731.84,34.54,-10.57
2020-11-20,23,COATZACOALCOS,762.2,738.53,34.85,-11.18
2020-11-20,24,COATZACOALCOS,542.29,523.19,21.5,-2.39
2020-11-20,1,COLIMA,575.63,558.19,17.73,-.28
2020-11-20,2,COLIMA,509.56,496.57,13.21,-.22
2020-11-20,3,COLIMA,485.07,474.31,10.76,0
2020-11-20,4,COLIMA,480.57,471.19,9.38,0
2020-11-20,5,COLIMA,481.48,472.53,8.95,0
2020-11-20,6,COLIMA,532.03,520.48,11.55,0
2020-11-20,7,COLIMA,549.7,536.46,13.36,-.12
2020-11-20,8,COLIMA,568.44,552.32,16.41,-.29
2020-11-20,9,COLIMA,722.74,706.49,16.25,0
2020-11-20,10,COLIMA,614.86,572.46,12.99,29.41
2020-11-20,11,COLIMA,520.02,508.02,11.2,.79
2020-11-20,12,COLIMA,521.41,508.51,12.2,.7
2020-11-20,13,COLIMA,529.49,517.93,13.03,-1.46
2020-11-20,14,COLIMA,542.35,527.19,13.87,1.3
2020-11-20,15,COLIMA,495.14,488.18,7.8,-.84
2020-11-20,16,COLIMA,528.76,516.69,11,1.07
2020-11-20,17,COLIMA,746.67,716.26,19.53,10.88
2020-11-20,18,COLIMA,801.63,713.89,18.9,68.84
2020-11-20,19,COLIMA,756.31,642.05,9.96,104.3
2020-11-20,20,COLIMA,799.81,775.56,13.94,10.31
2020-11-20,21,COLIMA,766.13,745.22,12.04,8.87
2020-11-20,22,COLIMA,754.51,731.84,14.21,8.46
2020-11-20,23,COLIMA,768.99,738.53,21.51,8.95
2020-11-20,24,COLIMA,537.95,523.19,12.85,1.92
2020-11-20,1,CORDOBA,567.53,558.19,9.28,.07
2020-11-20,2,CORDOBA,502.29,496.57,5.66,.06
2020-11-20,3,CORDOBA,479.38,474.31,5.07,0
2020-11-20,4,CORDOBA,477.24,471.19,6.05,0
2020-11-20,5,CORDOBA,478.61,472.53,6.09,0
2020-11-20,6,CORDOBA,530.26,520.48,9.78,0
2020-11-20,7,CORDOBA,542.81,536.46,6.33,.03
2020-11-20,8,CORDOBA,555.99,552.32,3.6,.08
2020-11-20,9,CORDOBA,722.23,706.49,15.74,0
2020-11-20,10,CORDOBA,774.65,572.46,15.36,186.84
2020-11-20,11,CORDOBA,523.05,508.02,15.11,-.08
2020-11-20,12,CORDOBA,524.32,508.51,15.88,-.07
2020-11-20,13,CORDOBA,532.86,517.93,14.75,.18
2020-11-20,14,CORDOBA,542.49,527.19,15.44,-.14
2020-11-20,15,CORDOBA,506.44,488.18,18.16,.1
2020-11-20,16,CORDOBA,534.39,516.69,20.01,-2.31
2020-11-20,17,CORDOBA,733.43,716.26,27.45,-10.28
2020-11-20,18,CORDOBA,1057.17,713.89,23.73,319.55
2020-11-20,19,CORDOBA,1197.61,642.05,25.58,529.98
2020-11-20,20,CORDOBA,794.43,775.56,32.58,-13.71
2020-11-20,21,CORDOBA,763.94,745.22,30.52,-11.8
2020-11-20,22,CORDOBA,748.25,731.84,27.62,-11.21
2020-11-20,23,CORDOBA,751.76,738.53,25.1,-11.87
2020-11-20,24,CORDOBA,536.16,523.19,15.51,-2.54
2020-11-20,1,CUAUHTEMOC,492.15,558.19,-59.7,-6.34
2020-11-20,2,CUAUHTEMOC,435.24,496.57,-56.39,-4.95
2020-11-20,3,CUAUHTEMOC,417.44,474.31,-56.87,0
2020-11-20,4,CUAUHTEMOC,413.77,471.19,-57.42,0
2020-11-20,5,CUAUHTEMOC,411.36,472.53,-61.16,0
2020-11-20,6,CUAUHTEMOC,457.14,520.48,-63.34,0
2020-11-20,7,CUAUHTEMOC,474.14,536.46,-59.57,-2.75
2020-11-20,8,CUAUHTEMOC,486.42,552.32,-59.43,-6.47
2020-11-20,9,CUAUHTEMOC,598.48,706.49,-108.01,0
2020-11-20,10,CUAUHTEMOC,472.32,572.46,-97.18,-2.95
2020-11-20,11,CUAUHTEMOC,399.64,508.02,-85.76,-22.62
2020-11-20,12,CUAUHTEMOC,399.1,508.51,-88.79,-20.62
2020-11-20,13,CUAUHTEMOC,452.63,517.93,-92.63,27.33
2020-11-20,14,CUAUHTEMOC,398.03,527.19,-94.89,-34.27
2020-11-20,15,CUAUHTEMOC,407.99,488.18,-99.08,18.9
2020-11-20,16,CUAUHTEMOC,399.28,516.69,-98.66,-18.75
2020-11-20,17,CUAUHTEMOC,381,716.26,-129.02,-206.24
2020-11-20,18,CUAUHTEMOC,442.56,713.89,-127.03,-144.3
2020-11-20,19,CUAUHTEMOC,450.9,642.05,-102.38,-88.78
2020-11-20,20,CUAUHTEMOC,449.22,775.56,-127.38,-198.96
2020-11-20,21,CUAUHTEMOC,448.11,745.21,-125.85,-171.26
2020-11-20,22,CUAUHTEMOC,444.24,731.84,-124.38,-163.23
2020-11-20,23,CUAUHTEMOC,439.48,738.53,-126.3,-172.74
2020-11-20,24,CUAUHTEMOC,391.75,523.19,-94.46,-36.98
2020-11-20,1,CUAUTLA,584.49,558.19,26.25,.05
2020-11-20,2,CUAUTLA,517.77,496.57,21.15,.04
2020-11-20,3,CUAUTLA,494.04,474.31,19.73,0
2020-11-20,4,CUAUTLA,490.85,471.19,19.66,0
2020-11-20,5,CUAUTLA,492.44,472.53,19.91,0
2020-11-20,6,CUAUTLA,544.35,520.48,23.87,0
2020-11-20,7,CUAUTLA,560.37,536.46,23.9,.02
2020-11-20,8,CUAUTLA,576.64,552.32,24.27,.05
2020-11-20,9,CUAUTLA,746.06,706.49,39.58,0
2020-11-20,10,CUAUTLA,768.3,572.46,35.32,160.53
2020-11-20,11,CUAUTLA,539.93,508.02,31.94,-.03
2020-11-20,12,CUAUTLA,541.34,508.51,32.86,-.03
2020-11-20,13,CUAUTLA,550.73,517.93,32.71,.09
2020-11-20,14,CUAUTLA,561.14,527.19,34.01,-.07
2020-11-20,15,CUAUTLA,523.7,488.18,35.47,.05
2020-11-20,16,CUAUTLA,552.38,516.69,37.49,-1.81
2020-11-20,17,CUAUTLA,761.55,716.26,53.09,-7.81
2020-11-20,18,CUAUTLA,1048.03,713.89,45.52,288.62
2020-11-20,19,CUAUTLA,1162.55,642.05,43.94,476.55
2020-11-20,20,CUAUTLA,820.69,775.56,55.79,-10.66
2020-11-20,21,CUAUTLA,789.57,745.21,53.53,-9.18
2020-11-20,22,CUAUTLA,773.59,731.84,50.46,-8.71
2020-11-20,23,CUAUTLA,777.16,738.53,47.86,-9.22
2020-11-20,24,CUAUTLA,552.6,523.19,31.38,-1.97
2020-11-20,1,CUERNAVACA,584.65,558.19,26.42,.04
2020-11-20,2,CUERNAVACA,517.71,496.57,21.1,.03
2020-11-20,3,CUERNAVACA,493.82,474.31,19.51,0
2020-11-20,4,CUERNAVACA,490.44,471.19,19.24,0
2020-11-20,5,CUERNAVACA,492.13,472.53,19.61,0
2020-11-20,6,CUERNAVACA,544.04,520.48,23.56,0
2020-11-20,7,CUERNAVACA,559.89,536.46,23.42,.02
2020-11-20,8,CUERNAVACA,576.03,552.32,23.67,.05
2020-11-20,9,CUERNAVACA,745.51,706.49,39.03,0
2020-11-20,10,CUERNAVACA,758.96,572.46,35.15,151.36
2020-11-20,11,CUERNAVACA,539.48,508.02,31.48,-.02
2020-11-20,12,CUERNAVACA,540.56,508.51,32.07,-.02
2020-11-20,13,CUERNAVACA,549.92,517.93,31.93,.07
2020-11-20,14,CUERNAVACA,560.38,527.19,33.24,-.05
2020-11-20,15,CUERNAVACA,523.25,488.18,35.03,.04
2020-11-20,16,CUERNAVACA,551.72,516.69,36.75,-1.73
2020-11-20,17,CUERNAVACA,761.83,716.26,52.95,-7.39
2020-11-20,18,CUERNAVACA,1030.02,713.89,45.09,271.04
2020-11-20,19,CUERNAVACA,1132.67,642.05,43.03,447.59
2020-11-20,20,CUERNAVACA,820.36,775.56,54.94,-10.14
2020-11-20,21,CUERNAVACA,789.24,745.21,52.76,-8.73
2020-11-20,22,CUERNAVACA,773.37,731.84,49.82,-8.29
2020-11-20,23,CUERNAVACA,777.84,738.53,48.09,-8.77
2020-11-20,24,CUERNAVACA,552.95,523.19,31.64,-1.88
2020-11-20,1,CULIACAN,529.1,558.19,-27.42,-1.67
2020-11-20,2,CULIACAN,464.99,496.57,-30.29,-1.3
2020-11-20,3,CULIACAN,439.52,474.31,-34.79,0
2020-11-20,4,CULIACAN,433.21,471.19,-37.98,0
2020-11-20,5,CULIACAN,430.32,472.53,-42.21,0
2020-11-20,6,CULIACAN,473.33,520.48,-47.15,0
2020-11-20,7,CULIACAN,488.57,536.46,-47.16,-.72
2020-11-20,8,CULIACAN,501.67,552.32,-48.91,-1.74
2020-11-20,9,CULIACAN,619.39,706.49,-87.1,0
2020-11-20,10,CULIACAN,308.57,572.46,-74.38,-189.51
2020-11-20,11,CULIACAN,308.36,508.02,-67.51,-132.15
2020-11-20,12,CULIACAN,318.66,508.51,-65.82,-124.04
2020-11-20,13,CULIACAN,439.18,517.93,-62.96,-15.79
2020-11-20,14,CULIACAN,319.42,527.19,-62.99,-144.78
2020-11-20,15,CULIACAN,413.86,488.18,-65.03,-9.29
2020-11-20,16,CULIACAN,427.96,516.69,-64.33,-24.41
2020-11-20,17,CULIACAN,608.61,716.26,-80.51,-27.14
2020-11-20,18,CULIACAN,615.61,713.89,-66.76,-31.52
2020-11-20,19,CULIACAN,592.69,642.05,-60.27,10.9
2020-11-20,20,CULIACAN,617.62,775.56,-73.1,-84.83
2020-11-20,21,CULIACAN,601.69,745.22,-70.51,-73.02
2020-11-20,22,CULIACAN,598.48,731.84,-64.34,-69.03
2020-11-20,23,CULIACAN,608.23,738.53,-57.27,-73.03
2020-11-20,24,CULIACAN,462.85,523.19,-44.71,-15.63
2020-11-20,1,DURANGO,536.8,558.19,-20.19,-1.2
2020-11-20,2,DURANGO,475.4,496.57,-20.24,-.93
2020-11-20,3,DURANGO,451.65,474.31,-22.66,0
2020-11-20,4,DURANGO,447.39,471.19,-23.81,0
2020-11-20,5,DURANGO,446.45,472.53,-26.08,0
2020-11-20,6,DURANGO,492.98,520.48,-27.5,0
2020-11-20,7,DURANGO,509.14,536.46,-26.8,-.52
2020-11-20,8,DURANGO,524.87,552.32,-26.24,-1.22
2020-11-20,9,DURANGO,643.64,706.49,-62.84,0
2020-11-20,10,DURANGO,538.24,572.46,-58.02,23.8
2020-11-20,11,DURANGO,456.32,508.02,-52.68,.98
2020-11-20,12,DURANGO,456.66,508.51,-52.69,.84
2020-11-20,13,DURANGO,463.68,517.93,-51.72,-2.53
2020-11-20,14,DURANGO,476.31,527.19,-52.65,1.77
2020-11-20,15,DURANGO,429.18,488.18,-57.69,-1.31
2020-11-20,16,DURANGO,437.52,516.69,-57.75,-21.43
2020-11-20,17,DURANGO,563.84,716.26,-72.34,-80.08
2020-11-20,18,DURANGO,598.45,713.89,-51.42,-64.02
2020-11-20,19,DURANGO,578.21,642.05,-44.59,-19.26
2020-11-20,20,DURANGO,607.17,775.56,-52.62,-115.77
2020-11-20,21,DURANGO,595.27,745.22,-50.3,-99.65
2020-11-20,22,DURANGO,591.38,731.84,-45.87,-94.59
2020-11-20,23,DURANGO,596.45,738.53,-41.99,-100.09
2020-11-20,24,DURANGO,466.87,523.19,-34.89,-21.43
2020-11-20,1,FRESNILLO,546.66,558.19,-11.23,-.29
2020-11-20,2,FRESNILLO,485.71,496.57,-10.64,-.23
2020-11-20,3,FRESNILLO,463.06,474.31,-11.25,0
2020-11-20,4,FRESNILLO,460.51,471.19,-10.69,0
2020-11-20,5,FRESNILLO,461.16,472.53,-11.37,0
2020-11-20,6,FRESNILLO,510.29,520.48,-10.19,0
2020-11-20,7,FRESNILLO,527.07,536.46,-9.26,-.13
2020-11-20,8,FRESNILLO,543.46,552.32,-8.56,-.3
2020-11-20,9,FRESNILLO,679.83,706.49,-26.66,0
2020-11-20,10,FRESNILLO,565.31,572.46,-26.1,18.95
2020-11-20,11,FRESNILLO,483.95,508.02,-23.18,-.89
2020-11-20,12,FRESNILLO,484.9,508.51,-22.82,-.79
2020-11-20,13,FRESNILLO,496.26,517.93,-22.85,1.18
2020-11-20,14,FRESNILLO,502.81,527.19,-23.15,-1.24
2020-11-20,15,FRESNILLO,460.12,488.18,-28.81,.75
2020-11-20,16,FRESNILLO,453.27,516.69,-30.55,-32.88
2020-11-20,17,FRESNILLO,539.01,716.26,-39.25,-138
2020-11-20,18,FRESNILLO,883.36,713.89,-25.1,194.58
2020-11-20,19,FRESNILLO,815.33,642.05,-22.7,195.98
2020-11-20,20,FRESNILLO,902.87,775.56,-28.13,155.44
2020-11-20,21,FRESNILLO,851.31,745.22,-29.19,135.28
2020-11-20,22,FRESNILLO,834.25,731.84,-29.45,131.86
2020-11-20,23,FRESNILLO,854.14,738.53,-28.43,144.04
2020-11-20,24,FRESNILLO,532.34,523.19,-22.48,31.63
2020-11-20,1,GUADALAJARA,570.94,558.19,13.08,-.32
2020-11-20,2,GUADALAJARA,505.41,496.57,9.09,-.25
2020-11-20,3,GUADALAJARA,481.16,474.31,6.85,0
2020-11-20,4,GUADALAJARA,476.94,471.19,5.75,0
2020-11-20,5,GUADALAJARA,477.69,472.53,5.16,0
2020-11-20,6,GUADALAJARA,527.76,520.48,7.28,0
2020-11-20,7,GUADALAJARA,545.81,536.46,9.49,-.14
2020-11-20,8,GUADALAJARA,564.01,552.32,12.01,-.32
2020-11-20,9,GUADALAJARA,713.98,706.49,7.49,0
2020-11-20,10,GUADALAJARA,604.47,572.46,4.93,27.08
2020-11-20,11,GUADALAJARA,513,508.02,4.07,.91
2020-11-20,12,GUADALAJARA,514.47,508.51,5.16,.81
2020-11-20,13,GUADALAJARA,522.83,517.93,6.58,-1.68
2020-11-20,14,GUADALAJARA,535.82,527.19,7.13,1.5
2020-11-20,15,GUADALAJARA,488.08,488.18,.88,-.97
2020-11-20,16,GUADALAJARA,522.39,516.69,4.75,.94
2020-11-20,17,GUADALAJARA,738.54,716.26,10.93,11.35
2020-11-20,18,GUADALAJARA,791.96,713.89,13.55,64.53
2020-11-20,19,GUADALAJARA,745.19,642.05,5.82,97.31
2020-11-20,20,GUADALAJARA,794.15,775.56,8.34,10.26
2020-11-20,21,GUADALAJARA,760.96,745.22,6.89,8.85
2020-11-20,22,GUADALAJARA,749.71,731.84,9.43,8.44
2020-11-20,23,GUADALAJARA,763.53,738.53,16.06,8.94
2020-11-20,24,GUADALAJARA,533.21,523.19,8.1,1.92
2020-11-20,1,GUASAVE,516.69,558.19,-39.58,-1.92
2020-11-20,2,GUASAVE,453.1,496.57,-41.98,-1.5
2020-11-20,3,GUASAVE,427.51,474.31,-46.8,0
2020-11-20,4,GUASAVE,420.81,471.19,-50.39,0
2020-11-20,5,GUASAVE,417.12,472.53,-55.41,0
2020-11-20,6,GUASAVE,458.12,520.48,-62.36,0
2020-11-20,7,GUASAVE,473.24,536.46,-62.39,-.83
2020-11-20,8,GUASAVE,486.31,552.32,-64.02,-1.99
2020-11-20,9,GUASAVE,597,706.49,-109.49,0
2020-11-20,10,GUASAVE,292.32,572.46,-94,-186.14
2020-11-20,11,GUASAVE,291.87,508.02,-86.25,-129.9
2020-11-20,12,GUASAVE,301.19,508.51,-85.31,-122.02
2020-11-20,13,GUASAVE,416.06,517.93,-82.32,-19.54
2020-11-20,14,GUASAVE,302.81,527.19,-83.15,-141.23
2020-11-20,15,GUASAVE,392.69,488.18,-83.99,-11.5
2020-11-20,16,GUASAVE,405.47,516.69,-83.5,-27.73
2020-11-20,17,GUASAVE,585.48,716.26,-107.75,-23.03
2020-11-20,18,GUASAVE,583.23,713.89,-93.12,-37.54
2020-11-20,19,GUASAVE,567.25,642.05,-80.38,5.58
2020-11-20,20,GUASAVE,587.71,775.56,-96.92,-90.92
2020-11-20,21,GUASAVE,574.58,745.22,-92.38,-78.26
2020-11-20,22,GUASAVE,571.54,731.84,-86.37,-73.93
2020-11-20,23,GUASAVE,580.14,738.53,-80.18,-78.21
2020-11-20,24,GUASAVE,445.16,523.19,-61.29,-16.74
2020-11-20,1,GUAYMAS,494.51,558.19,-60.86,-2.81
2020-11-20,2,GUAYMAS,433.52,496.57,-60.86,-2.2
2020-11-20,3,GUAYMAS,409.11,474.31,-65.2,0
2020-11-20,4,GUAYMAS,402.64,471.19,-68.56,0
2020-11-20,5,GUAYMAS,398.21,472.53,-74.32,0
2020-11-20,6,GUAYMAS,436.81,520.48,-83.67,0
2020-11-20,7,GUAYMAS,452.01,536.46,-83.22,-1.22
2020-11-20,8,GUAYMAS,465.7,552.32,-83.72,-2.9
2020-11-20,9,GUAYMAS,564.58,706.49,-141.9,0
2020-11-20,10,GUAYMAS,265.15,572.46,-133.14,-174.17
2020-11-20,11,GUAYMAS,265.05,508.02,-121.1,-121.87
2020-11-20,12,GUAYMAS,272.35,508.51,-121.33,-114.83
2020-11-20,13,GUAYMAS,365.68,517.93,-119.39,-32.86
2020-11-20,14,GUAYMAS,276.69,527.19,-120.94,-129.57
2020-11-20,15,GUAYMAS,349.99,488.18,-119.36,-18.83
2020-11-20,16,GUAYMAS,356.77,516.69,-121.18,-38.75
2020-11-20,17,GUAYMAS,275.69,716.26,-161.38,-279.19
2020-11-20,18,GUAYMAS,516.98,713.89,-139.41,-57.49
2020-11-20,19,GUAYMAS,520.32,642.05,-109.67,-12.06
2020-11-20,20,GUAYMAS,530.32,775.56,-134.1,-111.14
2020-11-20,21,GUAYMAS,520.74,745.21,-128.81,-95.67
2020-11-20,22,GUAYMAS,518.84,731.84,-121.41,-91.59
2020-11-20,23,GUAYMAS,524.61,738.53,-117.02,-96.9
2020-11-20,24,GUAYMAS,415.63,523.19,-86.81,-20.74
2020-11-20,1,HERMOSILLO,484.16,558.19,-70.91,-3.12
2020-11-20,2,HERMOSILLO,424.56,496.57,-69.58,-2.44
2020-11-20,3,HERMOSILLO,400.85,474.31,-73.46,0
2020-11-20,4,HERMOSILLO,394.7,471.19,-76.5,0
2020-11-20,5,HERMOSILLO,389.79,472.53,-82.74,0
2020-11-20,6,HERMOSILLO,427.33,520.48,-93.15,0
2020-11-20,7,HERMOSILLO,442.46,536.46,-92.64,-1.35
2020-11-20,8,HERMOSILLO,455.89,552.32,-93.22,-3.21
2020-11-20,9,HERMOSILLO,551.42,706.49,-155.07,0
2020-11-20,10,HERMOSILLO,256.31,572.46,-146.18,-169.97
2020-11-20,11,HERMOSILLO,256.61,508.02,-132.36,-119.06
2020-11-20,12,HERMOSILLO,261.81,508.51,-134.38,-112.31
2020-11-20,13,HERMOSILLO,346.54,517.93,-133.87,-37.52
2020-11-20,14,HERMOSILLO,266.46,527.19,-134.86,-125.87
2020-11-20,15,HERMOSILLO,334.44,488.18,-132.59,-21.15
2020-11-20,16,HERMOSILLO,338.77,516.69,-135.69,-42.23
2020-11-20,17,HERMOSILLO,260.84,716.26,-180.51,-274.91
2020-11-20,18,HERMOSILLO,493.9,713.89,-156.23,-63.75
2020-11-20,19,HERMOSILLO,500.55,642.05,-123.92,-17.59
2020-11-20,20,HERMOSILLO,506.84,775.56,-151.26,-117.46
2020-11-20,21,HERMOSILLO,497.94,745.22,-146.17,-101.11
2020-11-20,22,HERMOSILLO,498.36,731.84,-135.79,-97.7
2020-11-20,23,HERMOSILLO,502.67,738.53,-132.51,-103.35
2020-11-20,24,HERMOSILLO,404.17,523.19,-96.9,-22.12
2020-11-20,1,HUAJUAPAN,604.03,558.19,45.78,.07
2020-11-20,2,HUAJUAPAN,533.34,496.57,36.71,.05
2020-11-20,3,HUAJUAPAN,508.39,474.31,34.08,0
2020-11-20,4,HUAJUAPAN,505.85,471.19,34.66,0
2020-11-20,5,HUAJUAPAN,507.67,472.53,35.14,0
2020-11-20,6,HUAJUAPAN,564.58,520.48,44.1,0
2020-11-20,7,HUAJUAPAN,580.3,536.46,43.82,.03
2020-11-20,8,HUAJUAPAN,594.17,552.32,41.78,.07
2020-11-20,9,HUAJUAPAN,772.26,706.49,65.78,0
2020-11-20,10,HUAJUAPAN,829.93,572.46,55.74,201.73
2020-11-20,11,HUAJUAPAN,558.48,508.02,50.52,-.07
2020-11-20,12,HUAJUAPAN,560.2,508.51,51.74,-.06
2020-11-20,13,HUAJUAPAN,569.94,517.93,51.85,.15
2020-11-20,14,HUAJUAPAN,580.61,527.19,53.54,-.12
2020-11-20,15,HUAJUAPAN,541.61,488.18,53.35,.09
2020-11-20,16,HUAJUAPAN,572.12,516.69,57.59,-2.16
2020-11-20,17,HUAJUAPAN,786.76,716.26,80.02,-9.52
2020-11-20,18,HUAJUAPAN,1137.22,713.89,77.81,345.52
2020-11-20,19,HUAJUAPAN,1296.82,642.05,84.2,570.57
2020-11-20,20,HUAJUAPAN,868.26,775.56,105.51,-12.8
2020-11-20,21,HUAJUAPAN,832.37,745.22,98.17,-11.01
2020-11-20,22,HUAJUAPAN,810.43,731.84,89.05,-10.46
2020-11-20,23,HUAJUAPAN,810.49,738.53,83.04,-11.07
2020-11-20,24,HUAJUAPAN,573.65,523.19,52.83,-2.37
2020-11-20,1,HUASTECA,536.55,558.19,-21.89,.26
2020-11-20,2,HUASTECA,479.62,496.57,-17.16,.2
2020-11-20,3,HUASTECA,458.49,474.31,-15.82,0
2020-11-20,4,HUASTECA,456.46,471.19,-14.74,0
2020-11-20,5,HUASTECA,457.32,472.53,-15.21,0
2020-11-20,6,HUASTECA,502.05,520.48,-18.43,0
2020-11-20,7,HUASTECA,517.75,536.46,-18.82,.11
2020-11-20,8,HUASTECA,531.94,552.32,-20.64,.26
2020-11-20,9,HUASTECA,676.42,706.49,-30.07,0
2020-11-20,10,HUASTECA,568.36,572.46,-25.53,21.43
2020-11-20,11,HUASTECA,487.65,508.02,-19.93,-.44
2020-11-20,12,HUASTECA,488.13,508.51,-20,-.38
2020-11-20,13,HUASTECA,498.32,517.93,-20.5,.89
2020-11-20,14,HUASTECA,504.72,527.19,-21.72,-.76
2020-11-20,15,HUASTECA,467.99,488.18,-20.7,.5
2020-11-20,16,HUASTECA,488.17,516.69,-22.35,-6.17
2020-11-20,17,HUASTECA,652.98,716.26,-34.06,-29.23
2020-11-20,18,HUASTECA,696.54,713.89,-27.41,10.07
2020-11-20,19,HUASTECA,665.27,642.05,-20.76,43.98
2020-11-20,20,HUASTECA,714.83,775.56,-23.21,-37.52
2020-11-20,21,HUASTECA,689.17,745.22,-23.72,-32.33
2020-11-20,22,HUASTECA,675.19,731.84,-25.9,-30.75
2020-11-20,23,HUASTECA,677.97,738.53,-27.98,-32.57
2020-11-20,24,HUASTECA,496.89,523.19,-19.32,-6.98
2020-11-20,1,HUATULCO,641.85,558.19,83.62,.04
2020-11-20,2,HUATULCO,564.48,496.57,67.88,.03
2020-11-20,3,HUATULCO,537.48,474.31,63.18,0
2020-11-20,4,HUATULCO,534.09,471.19,62.9,0
2020-11-20,5,HUATULCO,535.77,472.53,63.24,0
2020-11-20,6,HUATULCO,599.06,520.48,78.58,0
2020-11-20,7,HUATULCO,611.53,536.46,75.05,.02
2020-11-20,8,HUATULCO,621,552.32,68.64,.04
2020-11-20,9,HUATULCO,809.64,706.49,103.15,0
2020-11-20,10,HUATULCO,829.02,572.46,88.12,168.44
2020-11-20,11,HUATULCO,586.7,508.02,78.71,-.03
2020-11-20,12,HUATULCO,589.95,508.51,81.46,-.02
2020-11-20,13,HUATULCO,600.99,517.93,82.99,.07
2020-11-20,14,HUATULCO,613.54,527.19,86.4,-.05
2020-11-20,15,HUATULCO,572.55,488.18,84.33,.04
2020-11-20,16,HUATULCO,603.99,516.69,89.15,-1.86
2020-11-20,17,HUATULCO,831.33,716.26,122.99,-7.92
2020-11-20,18,HUATULCO,1127.33,713.89,120.15,293.29
2020-11-20,19,HUATULCO,1260.71,642.05,136.33,482.33
2020-11-20,20,HUATULCO,941.7,775.56,176.93,-10.78
2020-11-20,21,HUATULCO,903.17,745.21,167.24,-9.29
2020-11-20,22,HUATULCO,877.28,731.84,154.27,-8.83
2020-11-20,23,HUATULCO,875.11,738.53,145.95,-9.36
2020-11-20,24,HUATULCO,615.96,523.19,94.77,-2
2020-11-20,1,HUEJUTLA,532.99,558.19,-25.48,.28
2020-11-20,2,HUEJUTLA,474.91,496.57,-21.88,.22
2020-11-20,3,HUEJUTLA,454.83,474.31,-19.48,0
2020-11-20,4,HUEJUTLA,452.23,471.19,-18.97,0
2020-11-20,5,HUEJUTLA,453.46,472.53,-19.06,0
2020-11-20,6,HUEJUTLA,498.1,520.48,-22.38,0
2020-11-20,7,HUEJUTLA,515.46,536.46,-21.12,.12
2020-11-20,8,HUEJUTLA,529.25,552.32,-23.35,.28
2020-11-20,9,HUEJUTLA,676.19,706.49,-30.29,0
2020-11-20,10,HUEJUTLA,568.48,572.46,-28.19,24.21
2020-11-20,11,HUEJUTLA,486.32,508.02,-21.26,-.44
2020-11-20,12,HUEJUTLA,487.87,508.51,-20.25,-.4
2020-11-20,13,HUEJUTLA,498.02,517.93,-20.85,.94
2020-11-20,14,HUEJUTLA,506.3,527.19,-20.11,-.79
2020-11-20,15,HUEJUTLA,470.29,488.18,-18.41,.52
2020-11-20,16,HUEJUTLA,489.9,516.69,-19.49,-7.3
2020-11-20,17,HUEJUTLA,649.26,716.26,-33.02,-33.98
2020-11-20,18,HUEJUTLA,692.1,713.89,-31.52,9.73
2020-11-20,19,HUEJUTLA,668,642.05,-22.99,48.94
2020-11-20,20,HUEJUTLA,706.14,775.56,-25.35,-44.07
2020-11-20,21,HUEJUTLA,678.66,745.21,-28.62,-37.93
2020-11-20,22,HUEJUTLA,665.14,731.84,-30.66,-36.04
2020-11-20,23,HUEJUTLA,668.17,738.53,-32.22,-38.14
2020-11-20,24,HUEJUTLA,493.26,523.19,-21.76,-8.16
2020-11-20,1,IGUALA,612.69,558.19,54.49,.02
2020-11-20,2,IGUALA,541.69,496.57,45.11,.01
2020-11-20,3,IGUALA,515.96,474.31,41.65,0
2020-11-20,4,IGUALA,511.18,471.19,39.98,0
2020-11-20,5,IGUALA,513.29,472.53,40.77,0
2020-11-20,6,IGUALA,567.51,520.48,47.03,0
2020-11-20,7,IGUALA,584.03,536.46,47.57,.01
2020-11-20,8,IGUALA,600.99,552.32,48.65,.02
2020-11-20,9,IGUALA,777.43,706.49,70.95,0
2020-11-20,10,IGUALA,767.74,572.46,61.97,133.32
2020-11-20,11,IGUALA,558.77,508.02,50.71,.03
2020-11-20,12,IGUALA,558.64,508.51,50.1,.03
2020-11-20,13,IGUALA,568.49,517.93,50.6,-.04
2020-11-20,14,IGUALA,580.04,527.19,52.81,.04
2020-11-20,15,IGUALA,543.04,488.18,54.89,-.02
2020-11-20,16,IGUALA,571.29,516.69,55.99,-1.4
2020-11-20,17,IGUALA,798.65,716.26,87.97,-5.58
2020-11-20,18,IGUALA,1031.1,713.89,77.45,239.76
2020-11-20,19,IGUALA,1109.85,642.05,72.61,395.19
2020-11-20,20,IGUALA,861.02,775.56,93.43,-7.96
2020-11-20,21,IGUALA,827.65,745.21,89.29,-6.86
2020-11-20,22,IGUALA,811.88,731.84,86.55,-6.51
2020-11-20,23,IGUALA,817.61,738.53,85.98,-6.89
2020-11-20,24,IGUALA,579.47,523.19,57.76,-1.47
2020-11-20,1,IRAPUATO,574.49,558.19,16.41,-.11
2020-11-20,2,IRAPUATO,510.02,496.57,13.52,-.08
2020-11-20,3,IRAPUATO,486.54,474.31,12.24,0
2020-11-20,4,IRAPUATO,482.86,471.19,11.67,0
2020-11-20,5,IRAPUATO,484.16,472.53,11.63,0
2020-11-20,6,IRAPUATO,534.07,520.48,13.59,0
2020-11-20,7,IRAPUATO,551.47,536.46,15.06,-.05
2020-11-20,8,IRAPUATO,568.76,552.32,16.55,-.11
2020-11-20,9,IRAPUATO,724.25,706.49,17.77,0
2020-11-20,10,IRAPUATO,601.83,572.46,13.79,15.58
2020-11-20,11,IRAPUATO,520.17,508.02,12.01,.14
2020-11-20,12,IRAPUATO,521.04,508.51,12.41,.12
2020-11-20,13,IRAPUATO,531.15,517.93,13.51,-.29
2020-11-20,14,IRAPUATO,541.25,527.19,13.82,.24
2020-11-20,15,IRAPUATO,498.5,488.18,10.48,-.16
2020-11-20,16,IRAPUATO,531.7,516.69,11.9,3.11
2020-11-20,17,IRAPUATO,748.76,716.26,18.48,14.02
2020-11-20,18,IRAPUATO,781.24,713.89,20.92,46.43
2020-11-20,19,IRAPUATO,721.56,642.05,17.55,61.95
2020-11-20,20,IRAPUATO,815.8,775.56,21.71,18.54
2020-11-20,21,IRAPUATO,781.09,745.22,19.94,15.94
2020-11-20,22,IRAPUATO,766.62,731.84,19.63,15.15
2020-11-20,23,IRAPUATO,775.07,738.53,20.54,16.01
2020-11-20,24,IRAPUATO,540.19,523.19,13.57,3.43
2020-11-20,1,IXMIQUILPAN,585.49,558.19,27.28,.02
2020-11-20,2,IXMIQUILPAN,521.86,496.57,25.27,.02
2020-11-20,3,IXMIQUILPAN,498.06,474.31,23.75,0
2020-11-20,4,IXMIQUILPAN,494.88,471.19,23.69,0
2020-11-20,5,IXMIQUILPAN,496.96,472.53,24.44,0
2020-11-20,6,IXMIQUILPAN,548.32,520.48,27.84,0
2020-11-20,7,IXMIQUILPAN,565.99,536.46,29.53,.01
2020-11-20,8,IXMIQUILPAN,584.79,552.32,32.45,.02
2020-11-20,9,IXMIQUILPAN,749.82,706.49,43.33,0
2020-11-20,10,IXMIQUILPAN,617.53,572.46,36.13,8.95
2020-11-20,11,IXMIQUILPAN,539.99,508.02,31.99,-.02
2020-11-20,12,IXMIQUILPAN,539.16,508.51,30.66,-.02
2020-11-20,13,IXMIQUILPAN,547.55,517.93,29.58,.04
2020-11-20,14,IXMIQUILPAN,558.01,527.19,30.86,-.04
2020-11-20,15,IXMIQUILPAN,519.68,488.18,31.47,.03
2020-11-20,16,IXMIQUILPAN,546.5,516.69,30.34,-.53
2020-11-20,17,IXMIQUILPAN,749.48,716.26,35.64,-2.42
2020-11-20,18,IXMIQUILPAN,754.13,713.89,29.83,10.41
2020-11-20,19,IXMIQUILPAN,700.89,642.05,38.27,20.57
2020-11-20,20,IXMIQUILPAN,796.16,775.56,23.64,-3.04
2020-11-20,21,IXMIQUILPAN,765.59,745.22,23,-2.63
2020-11-20,22,IXMIQUILPAN,758.95,731.84,29.65,-2.53
2020-11-20,23,IXMIQUILPAN,758.98,738.53,23.16,-2.7
2020-11-20,24,IXMIQUILPAN,551.52,523.19,28.93,-.6
2020-11-20,1,IZUCAR,590.76,558.19,32.5,.06
2020-11-20,2,IZUCAR,522.82,496.57,26.19,.05
2020-11-20,3,IZUCAR,498.78,474.31,24.47,0
2020-11-20,4,IZUCAR,495.83,471.19,24.63,0
2020-11-20,5,IZUCAR,497.56,472.53,25.03,0
2020-11-20,6,IZUCAR,551.35,520.48,30.87,0
2020-11-20,7,IZUCAR,566.51,536.46,30.03,.03
2020-11-20,8,IZUCAR,581.8,552.32,29.42,.07
2020-11-20,9,IZUCAR,753.56,706.49,47.07,0
2020-11-20,10,IZUCAR,831.94,572.46,40.55,218.94
2020-11-20,11,IZUCAR,544.97,508.02,37.01,-.06
2020-11-20,12,IZUCAR,546.54,508.51,38.09,-.05
2020-11-20,13,IZUCAR,555.77,517.93,37.7,.15
2020-11-20,14,IZUCAR,566.13,527.19,39.06,-.12
2020-11-20,15,IZUCAR,528.47,488.18,40.21,.08
2020-11-20,16,IZUCAR,557.88,516.69,43.28,-2.09
2020-11-20,17,IZUCAR,767.11,716.26,60.07,-9.23
2020-11-20,18,IZUCAR,1142.67,713.89,54.76,374.02
2020-11-20,19,IZUCAR,1314.01,642.05,55.79,616.17
2020-11-20,20,IZUCAR,833.69,775.56,70.58,-12.44
2020-11-20,21,IZUCAR,801.25,745.21,66.75,-10.71
2020-11-20,22,IZUCAR,783.91,731.84,62.25,-10.18
2020-11-20,23,IZUCAR,786.15,738.53,58.39,-10.77
2020-11-20,24,IZUCAR,559.02,523.19,38.14,-2.3
2020-11-20,1,JIQUILPAN,573.56,558.19,15.57,-.2
2020-11-20,2,JIQUILPAN,507.7,496.57,11.28,-.16
2020-11-20,3,JIQUILPAN,483.58,474.31,9.27,0
2020-11-20,4,JIQUILPAN,478.95,471.19,7.75,0
2020-11-20,5,JIQUILPAN,480.44,472.53,7.91,0
2020-11-20,6,JIQUILPAN,531.12,520.48,10.64,0
2020-11-20,7,JIQUILPAN,548.91,536.46,12.54,-.09
2020-11-20,8,JIQUILPAN,567.09,552.32,14.97,-.21
2020-11-20,9,JIQUILPAN,723.14,706.49,16.65,0
2020-11-20,10,JIQUILPAN,617.16,572.46,14.2,30.51
2020-11-20,11,JIQUILPAN,520.06,508.02,11.53,.51
2020-11-20,12,JIQUILPAN,521.58,508.51,12.62,.45
2020-11-20,13,JIQUILPAN,530.61,517.93,13.63,-.96
2020-11-20,14,JIQUILPAN,542.68,527.19,14.65,.84
2020-11-20,15,JIQUILPAN,497.51,488.18,9.88,-.55
2020-11-20,16,JIQUILPAN,530.55,516.69,12.28,1.57
2020-11-20,17,JIQUILPAN,748.49,716.26,21.54,10.69
2020-11-20,18,JIQUILPAN,802.05,713.89,17.88,70.28
2020-11-20,19,JIQUILPAN,758.23,642.05,10.54,105.63
2020-11-20,20,JIQUILPAN,803.12,775.56,15.86,11.7
2020-11-20,21,JIQUILPAN,769.69,745.21,14.4,10.07
2020-11-20,22,JIQUILPAN,757.75,731.84,16.33,9.58
2020-11-20,23,JIQUILPAN,769.99,738.53,21.33,10.14
2020-11-20,24,JIQUILPAN,537.69,523.19,12.33,2.17
2020-11-20,1,JUAREZ,427.73,558.19,-124.47,-5.98
2020-11-20,2,JUAREZ,375.06,496.57,-116.85,-4.67
2020-11-20,3,JUAREZ,356.24,474.31,-118.07,0
2020-11-20,4,JUAREZ,352.76,471.19,-118.43,0
2020-11-20,5,JUAREZ,349.5,472.53,-123.02,0
2020-11-20,6,JUAREZ,388.33,520.48,-132.15,0
2020-11-20,7,JUAREZ,402.93,536.46,-130.93,-2.59
2020-11-20,8,JUAREZ,416.64,552.32,-129.58,-6.1
2020-11-20,9,JUAREZ,505.28,706.49,-201.21,0
2020-11-20,10,JUAREZ,274.49,572.46,-166.39,-131.58
2020-11-20,11,JUAREZ,273.78,508.02,-140.93,-93.31
2020-11-20,12,JUAREZ,273.94,508.51,-145.26,-89.32
2020-11-20,13,JUAREZ,283.2,517.93,-154.59,-80.15
2020-11-20,14,JUAREZ,283.36,527.19,-158.47,-85.37
2020-11-20,15,JUAREZ,282.99,488.18,-158.64,-46.55
2020-11-20,16,JUAREZ,274.27,516.69,-161.96,-80.47
2020-11-20,17,JUAREZ,276.57,716.26,-211.85,-227.84
2020-11-20,18,JUAREZ,313.27,713.89,-217.08,-183.53
2020-11-20,19,JUAREZ,321.26,642.05,-178.94,-141.85
2020-11-20,20,JUAREZ,323.91,775.56,-218.1,-233.54
2020-11-20,21,JUAREZ,319.62,745.22,-212.6,-213
2020-11-20,22,JUAREZ,368.04,731.84,-210.03,-153.77
2020-11-20,23,JUAREZ,362.19,738.53,-213.6,-162.74
2020-11-20,24,JUAREZ,330.51,523.19,-157.85,-34.83
2020-11-20,1,LAGUNA,526.94,558.19,-29.59,-1.66
2020-11-20,2,LAGUNA,468.15,496.57,-27.13,-1.3
2020-11-20,3,LAGUNA,446.43,474.31,-27.88,0
2020-11-20,4,LAGUNA,443.12,471.19,-28.07,0
2020-11-20,5,LAGUNA,442.74,472.53,-29.79,0
2020-11-20,6,LAGUNA,490.61,520.48,-29.87,0
2020-11-20,7,LAGUNA,506.93,536.46,-28.81,-.72
2020-11-20,8,LAGUNA,521.45,552.32,-29.18,-1.69
2020-11-20,9,LAGUNA,633.68,706.49,-72.81,0
2020-11-20,10,LAGUNA,523.48,572.46,-66.1,17.12
2020-11-20,11,LAGUNA,446.53,508.02,-58.39,-3.1
2020-11-20,12,LAGUNA,447.66,508.51,-58.01,-2.85
2020-11-20,13,LAGUNA,463.12,517.93,-58.23,3.42
2020-11-20,14,LAGUNA,463.42,527.19,-59.26,-4.51
2020-11-20,15,LAGUNA,426.12,488.18,-64.5,2.44
2020-11-20,16,LAGUNA,414.58,516.69,-69.73,-32.38
2020-11-20,17,LAGUNA,467.33,716.26,-91.65,-157.28
2020-11-20,18,LAGUNA,502.52,713.89,-65.05,-146.32
2020-11-20,19,LAGUNA,496.83,642.05,-54.47,-90.76
2020-11-20,20,LAGUNA,508.42,775.56,-66.39,-200.74
2020-11-20,21,LAGUNA,506.67,745.22,-65.76,-172.79
2020-11-20,22,LAGUNA,504.5,731.84,-63.15,-164.19
2020-11-20,23,LAGUNA,504.63,738.53,-60.15,-173.74
2020-11-20,24,LAGUNA,440.06,523.19,-45.94,-37.19
2020-11-20,1,LAZARO CARDENAS,584.94,558.19,26.84,-.08
2020-11-20,2,LAZARO CARDENAS,517.18,496.57,20.67,-.06
2020-11-20,3,LAZARO CARDENAS,493.08,474.31,18.77,0
2020-11-20,4,LAZARO CARDENAS,485.96,471.19,14.77,0
2020-11-20,5,LAZARO CARDENAS,489.45,472.53,16.92,0
2020-11-20,6,LAZARO CARDENAS,542.14,520.48,21.66,0
2020-11-20,7,LAZARO CARDENAS,557.98,536.46,21.56,-.04
2020-11-20,8,LAZARO CARDENAS,573.81,552.32,21.57,-.08
2020-11-20,9,LAZARO CARDENAS,738.43,706.49,31.95,0
2020-11-20,10,LAZARO CARDENAS,674.15,572.46,30.48,71.22
2020-11-20,11,LAZARO CARDENAS,531.34,508.02,23.11,.21
2020-11-20,12,LAZARO CARDENAS,534.45,508.51,25.75,.19
2020-11-20,13,LAZARO CARDENAS,541.68,517.93,24.13,-.38
2020-11-20,14,LAZARO CARDENAS,554.22,527.19,26.69,.34
2020-11-20,15,LAZARO CARDENAS,513.11,488.18,25.15,-.22
2020-11-20,16,LAZARO CARDENAS,542.19,516.69,25.79,-.29
2020-11-20,17,LAZARO CARDENAS,759.47,716.26,42.72,.49
2020-11-20,18,LAZARO CARDENAS,870.66,713.89,23.84,132.93
2020-11-20,19,LAZARO CARDENAS,868.15,642.05,9.7,216.4
2020-11-20,20,LAZARO CARDENAS,795.56,775.56,20.63,-.63
2020-11-20,21,LAZARO CARDENAS,764.99,745.22,20.32,-.54
2020-11-20,22,LAZARO CARDENAS,758.42,731.84,27.08,-.51
2020-11-20,23,LAZARO CARDENAS,772.32,738.53,34.33,-.53
2020-11-20,24,LAZARO CARDENAS,546.82,523.19,23.74,-.11
2020-11-20,1,LEON,574.38,558.19,16.31,-.12
2020-11-20,2,LEON,509.65,496.57,13.17,-.09
2020-11-20,3,LEON,486.11,474.31,11.8,0
2020-11-20,4,LEON,482.75,471.19,11.55,0
2020-11-20,5,LEON,483.93,472.53,11.4,0
2020-11-20,6,LEON,534.38,520.48,13.9,0
2020-11-20,7,LEON,552.2,536.46,15.8,-.05
2020-11-20,8,LEON,570.07,552.32,17.88,-.12
2020-11-20,9,LEON,725.47,706.49,18.99,0
2020-11-20,10,LEON,602.58,572.46,14.35,15.78
2020-11-20,11,LEON,521.01,508.02,12.91,.09
2020-11-20,12,LEON,521.76,508.51,13.18,.07
2020-11-20,13,LEON,532.25,517.93,14.55,-.22
2020-11-20,14,LEON,542.22,527.19,14.86,.17
2020-11-20,15,LEON,498.46,488.18,10.4,-.12
2020-11-20,16,LEON,533.72,516.69,12.41,4.62
2020-11-20,17,LEON,755.49,716.26,19.35,19.88
2020-11-20,18,LEON,793.54,713.89,24.21,55.45
2020-11-20,19,LEON,732.6,642.05,20.02,70.52
2020-11-20,20,LEON,826.14,775.56,23.82,26.77
2020-11-20,21,LEON,789.51,745.22,21.26,23.04
2020-11-20,22,LEON,774.13,731.84,20.4,21.89
2020-11-20,23,LEON,783.44,738.53,21.77,23.15
2020-11-20,24,LEON,541.83,523.19,13.69,4.96
2020-11-20,1,LOS ALTOS,575.94,558.19,17.94,-.19
2020-11-20,2,LOS ALTOS,511.07,496.57,14.64,-.14
2020-11-20,3,LOS ALTOS,487.06,474.31,12.75,0
2020-11-20,4,LOS ALTOS,483.73,471.19,12.53,0
2020-11-20,5,LOS ALTOS,485.15,472.53,12.62,0
2020-11-20,6,LOS ALTOS,536.27,520.48,15.79,0
2020-11-20,7,LOS ALTOS,555.3,536.46,18.93,-.08
2020-11-20,8,LOS ALTOS,573.36,552.32,21.23,-.19
2020-11-20,9,LOS ALTOS,725.03,706.49,18.55,0
2020-11-20,10,LOS ALTOS,608.57,572.46,13.26,22.85
2020-11-20,11,LOS ALTOS,519.62,508.02,11.4,.2
2020-11-20,12,LOS ALTOS,520.64,508.51,11.96,.17
2020-11-20,13,LOS ALTOS,530.77,517.93,13.3,-.46
2020-11-20,14,LOS ALTOS,541.27,527.19,13.71,.37
2020-11-20,15,LOS ALTOS,494.74,488.18,6.81,-.25
2020-11-20,16,LOS ALTOS,532.45,516.69,9.85,5.91
2020-11-20,17,LOS ALTOS,761.14,716.26,18.79,26.09
2020-11-20,18,LOS ALTOS,817.88,713.89,25.45,78.54
2020-11-20,19,LOS ALTOS,763.96,642.05,19.86,102.04
2020-11-20,20,LOS ALTOS,835.32,775.56,24.79,34.98
2020-11-20,21,LOS ALTOS,796.13,745.22,20.84,30.08
2020-11-20,22,LOS ALTOS,780.25,731.84,19.87,28.54
2020-11-20,23,LOS ALTOS,791.09,738.53,22.3,30.26
2020-11-20,24,LOS ALTOS,543.08,523.19,13.39,6.51
2020-11-20,1,LOS MOCHIS,503.03,558.19,-53.12,-2.04
2020-11-20,2,LOS MOCHIS,441.14,496.57,-53.84,-1.59
2020-11-20,3,LOS MOCHIS,416.36,474.31,-57.95,0
2020-11-20,4,LOS MOCHIS,409.96,471.19,-61.23,0
2020-11-20,5,LOS MOCHIS,406.3,472.53,-66.23,0
2020-11-20,6,LOS MOCHIS,446.31,520.48,-74.17,0
2020-11-20,7,LOS MOCHIS,461.31,536.46,-74.26,-.89
2020-11-20,8,LOS MOCHIS,474.37,552.32,-75.83,-2.12
2020-11-20,9,LOS MOCHIS,581.17,706.49,-125.32,0
2020-11-20,10,LOS MOCHIS,281.14,572.46,-106.83,-184.49
2020-11-20,11,LOS MOCHIS,280.78,508.02,-98.45,-128.79
2020-11-20,12,LOS MOCHIS,289.84,508.51,-97.64,-121.03
2020-11-20,13,LOS MOCHIS,401.57,517.93,-94.99,-21.37
2020-11-20,14,LOS MOCHIS,290.96,527.19,-96.72,-139.5
2020-11-20,15,LOS MOCHIS,378.93,488.18,-96.66,-12.59
2020-11-20,16,LOS MOCHIS,390.26,516.69,-97.07,-29.36
2020-11-20,17,LOS MOCHIS,297.51,716.26,-127.98,-290.77
2020-11-20,18,LOS MOCHIS,559.05,713.89,-114.3,-40.54
2020-11-20,19,LOS MOCHIS,546.8,642.05,-98.18,2.93
2020-11-20,20,LOS MOCHIS,562.24,775.56,-119.34,-93.98
2020-11-20,21,LOS MOCHIS,550.22,745.22,-114.09,-80.91
2020-11-20,22,LOS MOCHIS,547.59,731.84,-107.83,-76.41
2020-11-20,23,LOS MOCHIS,555.75,738.53,-101.94,-80.84
2020-11-20,24,LOS MOCHIS,429.4,523.19,-76.49,-17.3
2020-11-20,1,LOS RIOS,587.87,558.19,29.61,.07
2020-11-20,2,LOS RIOS,518.82,496.57,22.19,.05
2020-11-20,3,LOS RIOS,493.34,474.31,19.03,0
2020-11-20,4,LOS RIOS,491.25,471.19,20.06,0
2020-11-20,5,LOS RIOS,491.94,472.53,19.42,0
2020-11-20,6,LOS RIOS,549.09,520.48,28.61,0
2020-11-20,7,LOS RIOS,554.2,536.46,17.71,.03
2020-11-20,8,LOS RIOS,562.93,552.32,10.54,.07
2020-11-20,9,LOS RIOS,737.65,706.49,31.17,0
2020-11-20,10,LOS RIOS,811.53,572.46,30.51,208.56
2020-11-20,11,LOS RIOS,549.37,508.02,27.9,13.45
2020-11-20,12,LOS RIOS,551.7,508.51,29.82,13.37
2020-11-20,13,LOS RIOS,559.79,517.93,28.3,13.56
2020-11-20,14,LOS RIOS,569.72,527.19,29.33,13.2
2020-11-20,15,LOS RIOS,518.16,488.18,29.9,.09
2020-11-20,16,LOS RIOS,548.59,516.69,34.07,-2.17
2020-11-20,17,LOS RIOS,752.17,716.26,45.5,-9.6
2020-11-20,18,LOS RIOS,1101.9,713.89,49.56,338.46
2020-11-20,19,LOS RIOS,1251.63,642.05,51.64,557.94
2020-11-20,20,LOS RIOS,822.52,775.56,59.88,-12.91
2020-11-20,21,LOS RIOS,787.92,745.21,53.81,-11.11
2020-11-20,22,LOS RIOS,777.29,731.84,56.01,-10.56
2020-11-20,23,LOS RIOS,783.33,738.53,55.98,-11.17
2020-11-20,24,LOS RIOS,555.83,523.19,35.04,-2.39
2020-11-20,1,LOS TUXTLAS,571.65,558.19,13.4,.07
2020-11-20,2,LOS TUXTLAS,505.03,496.57,8.4,.05
2020-11-20,3,LOS TUXTLAS,481.08,474.31,6.77,0
2020-11-20,4,LOS TUXTLAS,478.83,471.19,7.64,0
2020-11-20,5,LOS TUXTLAS,479.91,472.53,7.39,0
2020-11-20,6,LOS TUXTLAS,533.74,520.48,13.26,0
2020-11-20,7,LOS TUXTLAS,544.01,536.46,7.53,.03
2020-11-20,8,LOS TUXTLAS,555.25,552.32,2.86,.07
2020-11-20,9,LOS TUXTLAS,724.31,706.48,17.83,0
2020-11-20,10,LOS TUXTLAS,783.26,572.46,17.61,193.19
2020-11-20,11,LOS TUXTLAS,524.8,508.02,16.84,-.07
2020-11-20,12,LOS TUXTLAS,526.85,508.51,18.39,-.05
2020-11-20,13,LOS TUXTLAS,535.06,517.93,16.97,.17
2020-11-20,14,LOS TUXTLAS,544.67,527.19,17.61,-.12
2020-11-20,15,LOS TUXTLAS,514.22,488.18,25.95,.09
2020-11-20,16,LOS TUXTLAS,544.56,516.69,30.06,-2.2
2020-11-20,17,LOS TUXTLAS,746.16,716.26,39.6,-9.7
2020-11-20,18,LOS TUXTLAS,1086.14,713.89,38.11,334.14
2020-11-20,19,LOS TUXTLAS,1245.84,642.05,56.34,547.45
2020-11-20,20,LOS TUXTLAS,832.36,775.56,69.91,-13.11
2020-11-20,21,LOS TUXTLAS,787.92,745.21,53.99,-11.28
2020-11-20,22,LOS TUXTLAS,767.36,731.84,46.24,-10.72
2020-11-20,23,LOS TUXTLAS,770.32,738.53,43.14,-11.34
2020-11-20,24,LOS TUXTLAS,546.92,523.19,26.16,-2.43
2020-11-20,1,MANZANILLO,564.75,558.19,6.84,-.28
2020-11-20,2,MANZANILLO,499.88,496.57,3.52,-.22
2020-11-20,3,MANZANILLO,475.97,474.31,1.66,0
2020-11-20,4,MANZANILLO,471.59,471.19,.4,0
2020-11-20,5,MANZANILLO,472.61,472.53,.08,0
2020-11-20,6,MANZANILLO,522.11,520.48,1.63,0
2020-11-20,7,MANZANILLO,539.39,536.46,3.06,-.12
2020-11-20,8,MANZANILLO,557.06,552.32,5.03,-.29
2020-11-20,9,MANZANILLO,706.88,706.49,.39,0
2020-11-20,10,MANZANILLO,601.89,572.46,-.1,29.53
2020-11-20,11,MANZANILLO,508.61,508.02,-.2,.78
2020-11-20,12,MANZANILLO,510.11,508.51,.9,.69
2020-11-20,13,MANZANILLO,518.46,517.93,1.98,-1.45
2020-11-20,14,MANZANILLO,531.22,527.19,2.75,1.29
2020-11-20,15,MANZANILLO,484.95,488.18,-2.4,-.84
2020-11-20,16,MANZANILLO,518.08,516.69,.32,1.07
2020-11-20,17,MANZANILLO,732.22,716.26,5.1,10.85
2020-11-20,18,MANZANILLO,788.44,713.89,5.53,69.02
2020-11-20,19,MANZANILLO,745.63,642.05,-1.05,104.63
2020-11-20,20,MANZANILLO,786.98,775.56,1.13,10.29
2020-11-20,21,MANZANILLO,753.51,745.21,-.57,8.86
2020-11-20,22,MANZANILLO,742.23,731.84,1.94,8.45
2020-11-20,23,MANZANILLO,755.36,738.53,7.89,8.94
2020-11-20,24,MANZANILLO,527.62,523.19,2.51,1.92
2020-11-20,1,MATAMOROS,256.21,558.19,-67.76,-234.21
2020-11-20,2,MATAMOROS,255.96,496.57,-57.89,-182.72
2020-11-20,3,MATAMOROS,419.39,474.31,-54.92,0
2020-11-20,4,MATAMOROS,419.47,471.19,-51.72,0
2020-11-20,5,MATAMOROS,420.74,472.53,-51.79,0
2020-11-20,6,MATAMOROS,468.97,520.48,-51.51,0
2020-11-20,7,MATAMOROS,372.86,536.46,-62.11,-101.49
2020-11-20,8,MATAMOROS,251.03,552.32,-62.74,-238.54
2020-11-20,9,MATAMOROS,608.95,706.48,-97.54,0
2020-11-20,10,MATAMOROS,509.75,572.46,-79.62,16.92
2020-11-20,11,MATAMOROS,341.78,508.02,-76.47,-89.77
2020-11-20,12,MATAMOROS,342.19,508.51,-76.5,-89.82
2020-11-20,13,MATAMOROS,343.17,517.93,-67.63,-107.13
2020-11-20,14,MATAMOROS,348.74,527.19,-68.02,-110.43
2020-11-20,15,MATAMOROS,405.61,488.18,-85.32,2.74
2020-11-20,16,MATAMOROS,377.2,516.69,-95.14,-44.36
2020-11-20,17,MATAMOROS,371.25,716.26,-141.73,-203.28
2020-11-20,18,MATAMOROS,369.77,713.89,-133.59,-210.53
2020-11-20,19,MATAMOROS,377.38,642.05,-117.96,-146.71
2020-11-20,20,MATAMOROS,368.4,775.56,-141.66,-265.5
2020-11-20,21,MATAMOROS,381.12,745.21,-135.56,-228.53
2020-11-20,22,MATAMOROS,382.36,731.84,-132.36,-217.12
2020-11-20,23,MATAMOROS,380.46,738.53,-128.32,-229.75
2020-11-20,24,MATAMOROS,383.14,523.19,-90.87,-49.18
2020-11-20,1,MATEHUALA,568.99,558.19,10.83,-.02
2020-11-20,2,MATEHUALA,508.61,496.57,12.05,-.02
2020-11-20,3,MATEHUALA,486.55,474.31,12.24,0
2020-11-20,4,MATEHUALA,484.2,471.19,13.01,0
2020-11-20,5,MATEHUALA,486.52,472.53,13.99,0
2020-11-20,6,MATEHUALA,537.95,520.48,17.47,0
2020-11-20,7,MATEHUALA,555.33,536.46,18.88,-.01
2020-11-20,8,MATEHUALA,572.59,552.32,20.29,-.02
2020-11-20,9,MATEHUALA,722.43,706.49,15.94,0
2020-11-20,10,MATEHUALA,599.46,572.46,8.64,18.36
2020-11-20,11,MATEHUALA,517.77,508.02,9.9,-.16
2020-11-20,12,MATEHUALA,514.81,508.51,6.44,-.14
2020-11-20,13,MATEHUALA,523.31,517.93,5.14,.24
2020-11-20,14,MATEHUALA,529.26,527.19,2.3,-.23
2020-11-20,15,MATEHUALA,486.87,488.18,-1.45,.14
2020-11-20,16,MATEHUALA,516.51,516.69,-4.08,3.9
2020-11-20,17,MATEHUALA,725.39,716.26,-5.79,14.91
2020-11-20,18,MATEHUALA,775.02,713.89,3.28,57.85
2020-11-20,19,MATEHUALA,717.07,642.05,-3.49,78.51
2020-11-20,20,MATEHUALA,795.17,775.56,-1.59,21.2
2020-11-20,21,MATEHUALA,757.11,745.21,-6.35,18.25
2020-11-20,22,MATEHUALA,742.02,731.84,-7.15,17.33
2020-11-20,23,MATEHUALA,762.1,738.53,5.23,18.34
2020-11-20,24,MATEHUALA,532.23,523.19,5.12,3.93
2020-11-20,1,MAZATLAN,546.67,558.19,-10.26,-1.26
2020-11-20,2,MAZATLAN,481.86,496.57,-13.74,-.98
2020-11-20,3,MAZATLAN,456.56,474.31,-17.75,0
2020-11-20,4,MAZATLAN,450.96,471.19,-20.24,0
2020-11-20,5,MAZATLAN,449.24,472.53,-23.29,0
2020-11-20,6,MAZATLAN,495.06,520.48,-25.42,0
2020-11-20,7,MAZATLAN,511.29,536.46,-24.62,-.54
2020-11-20,8,MAZATLAN,526.55,552.32,-24.51,-1.26
2020-11-20,9,MAZATLAN,653.62,706.49,-52.87,0
2020-11-20,10,MAZATLAN,557.2,572.46,-46.22,30.96
2020-11-20,11,MAZATLAN,471.33,508.02,-41.48,4.79
2020-11-20,12,MAZATLAN,472.81,508.51,-39.96,4.26
2020-11-20,13,MAZATLAN,471.53,517.93,-37.87,-8.53
2020-11-20,14,MAZATLAN,496.97,527.19,-37.93,7.71
2020-11-20,15,MAZATLAN,440.78,488.18,-42.44,-4.96
2020-11-20,16,MAZATLAN,458.41,516.69,-40.11,-18.17
2020-11-20,17,MAZATLAN,630.23,716.26,-49.68,-36.35
2020-11-20,18,MAZATLAN,653.1,713.89,-38.08,-22.71
2020-11-20,19,MAZATLAN,623.53,642.05,-37.19,18.66
2020-11-20,20,MAZATLAN,655.61,775.56,-44.08,-75.87
2020-11-20,21,MAZATLAN,636.64,745.22,-43.28,-65.3
2020-11-20,22,MAZATLAN,633.27,731.84,-36.75,-61.82
2020-11-20,23,MAZATLAN,644.47,738.53,-28.65,-65.4
2020-11-20,24,MAZATLAN,484.59,523.19,-24.6,-14
2020-11-20,1,MERIDA,594.03,558.19,35.78,.07
2020-11-20,2,MERIDA,524.68,496.57,28.05,.05
2020-11-20,3,MERIDA,497.43,474.31,23.12,0
2020-11-20,4,MERIDA,494.2,471.19,23.01,0
2020-11-20,5,MERIDA,495,472.53,22.47,0
2020-11-20,6,MERIDA,553.62,520.48,33.14,0
2020-11-20,7,MERIDA,557.44,536.46,20.96,.03
2020-11-20,8,MERIDA,569.54,552.32,17.15,.07
2020-11-20,9,MERIDA,751.72,706.49,45.24,0
2020-11-20,10,MERIDA,1102.29,572.46,43.71,486.13
2020-11-20,11,MERIDA,882.05,508.02,40.47,333.55
2020-11-20,12,MERIDA,885.86,508.51,43.81,333.54
2020-11-20,13,MERIDA,891.47,517.93,40.99,332.56
2020-11-20,14,MERIDA,899.48,527.19,41.57,330.73
2020-11-20,15,MERIDA,531.6,488.18,43.34,.09
2020-11-20,16,MERIDA,563.18,516.69,48.65,-2.17
2020-11-20,17,MERIDA,770.62,716.26,63.95,-9.6
2020-11-20,18,MERIDA,1119.26,713.89,66.91,338.46
2020-11-20,19,MERIDA,1259.2,642.05,59.21,557.94
2020-11-20,20,MERIDA,829.38,775.56,66.74,-12.91
2020-11-20,21,MERIDA,794.02,745.22,59.92,-11.11
2020-11-20,22,MERIDA,792.47,731.84,71.19,-10.56
2020-11-20,23,MERIDA,797.79,738.53,70.44,-11.17
2020-11-20,24,MERIDA,563.67,523.19,42.87,-2.39
2020-11-20,1,MINAS,598.62,558.19,40.78,-.35
2020-11-20,2,MINAS,528.04,496.57,31.74,-.27
2020-11-20,3,MINAS,501.06,474.31,26.75,0
2020-11-20,4,MINAS,496.14,471.19,24.94,0
2020-11-20,5,MINAS,497.09,472.53,24.56,0
2020-11-20,6,MINAS,548.84,520.48,28.36,0
2020-11-20,7,MINAS,569.11,536.46,32.81,-.15
2020-11-20,8,MINAS,590.54,552.32,38.58,-.36
2020-11-20,9,MINAS,748.22,706.49,41.74,0
2020-11-20,10,MINAS,633.49,572.46,33.06,27.97
2020-11-20,11,MINAS,543.64,508.02,34.55,1.06
2020-11-20,12,MINAS,545.5,508.51,36.05,.94
2020-11-20,13,MINAS,550.85,517.93,34.87,-1.95
2020-11-20,14,MINAS,565.7,527.19,36.77,1.74
2020-11-20,15,MINAS,511.24,488.18,24.18,-1.12
2020-11-20,16,MINAS,545.75,516.69,28.94,.12
2020-11-20,17,MINAS,773.14,716.26,47.72,9.16
2020-11-20,18,MINAS,830.49,713.89,54.33,62.28
2020-11-20,19,MINAS,787.13,642.05,48.73,96.34
2020-11-20,20,MINAS,840.52,775.56,58.39,6.57
2020-11-20,21,MINAS,803.92,745.21,53.07,5.65
2020-11-20,22,MINAS,790.67,731.84,53.4,5.43
2020-11-20,23,MINAS,806.54,738.53,62.2,5.81
2020-11-20,24,MINAS,558.69,523.19,34.28,1.22
2020-11-20,1,MONCLOVA,489.63,558.19,-61.97,-6.58
2020-11-20,2,MONCLOVA,438.16,496.57,-53.28,-5.13
2020-11-20,3,MONCLOVA,423.81,474.31,-50.5,0
2020-11-20,4,MONCLOVA,422.37,471.19,-48.83,0
2020-11-20,5,MONCLOVA,421.71,472.53,-50.82,0
2020-11-20,6,MONCLOVA,470.01,520.48,-50.47,0
2020-11-20,7,MONCLOVA,481.84,536.46,-51.77,-2.85
2020-11-20,8,MONCLOVA,494.28,552.32,-51.34,-6.7
2020-11-20,9,MONCLOVA,620.81,706.49,-85.67,0
2020-11-20,10,MONCLOVA,514.29,572.46,-73.8,15.63
2020-11-20,11,MONCLOVA,434.62,508.02,-66.91,-6.5
2020-11-20,12,MONCLOVA,434.03,508.51,-68.37,-6.11
2020-11-20,13,MONCLOVA,451.33,517.93,-69.78,3.18
2020-11-20,14,MONCLOVA,446.23,527.19,-71.82,-9.14
2020-11-20,15,MONCLOVA,413.74,488.18,-78.25,3.81
2020-11-20,16,MONCLOVA,387.82,516.69,-85.17,-43.71
2020-11-20,17,MONCLOVA,390.17,716.26,-118.2,-207.9
2020-11-20,18,MONCLOVA,394.72,713.89,-107.25,-211.91
2020-11-20,19,MONCLOVA,395.92,642.05,-97.82,-148.32
2020-11-20,20,MONCLOVA,388.07,775.56,-119.81,-267.69
2020-11-20,21,MONCLOVA,398.7,745.22,-116.1,-230.42
2020-11-20,22,MONCLOVA,399.79,731.84,-113.1,-218.95
2020-11-20,23,MONCLOVA,394.89,738.53,-111.95,-231.68
2020-11-20,24,MONCLOVA,393.11,523.19,-80.49,-49.59
2020-11-20,1,MONTEMORELOS,512.41,558.19,-46.75,.97
2020-11-20,2,MONTEMORELOS,458.03,496.57,-39.31,.76
2020-11-20,3,MONTEMORELOS,437.14,474.31,-37.17,0
2020-11-20,4,MONTEMORELOS,435.66,471.19,-35.53,0
2020-11-20,5,MONTEMORELOS,435.7,472.53,-36.83,0
2020-11-20,6,MONTEMORELOS,483.12,520.48,-37.36,0
2020-11-20,7,MONTEMORELOS,498.11,536.46,-38.77,.42
2020-11-20,8,MONTEMORELOS,514.76,552.32,-38.56,1
2020-11-20,9,MONTEMORELOS,641.89,706.49,-64.6,0
2020-11-20,10,MONTEMORELOS,534.7,572.46,-55.39,17.64
2020-11-20,11,MONTEMORELOS,456.35,508.02,-49.6,-2.08
2020-11-20,12,MONTEMORELOS,456.87,508.51,-49.82,-1.83
2020-11-20,13,MONTEMORELOS,472.36,517.93,-49.58,4.01
2020-11-20,14,MONTEMORELOS,472.6,527.19,-51.07,-3.52
2020-11-20,15,MONTEMORELOS,433.7,488.18,-56.8,2.31
2020-11-20,16,MONTEMORELOS,414.46,516.69,-62.96,-39.27
2020-11-20,17,MONTEMORELOS,445.6,716.26,-91.4,-179.26
2020-11-20,18,MONTEMORELOS,451.27,713.89,-81.54,-181.08
2020-11-20,19,MONTEMORELOS,442.46,642.05,-75.72,-123.88
2020-11-20,20,MONTEMORELOS,445.17,775.56,-92.5,-237.9
2020-11-20,21,MONTEMORELOS,450.46,745.22,-90.18,-204.57
2020-11-20,22,MONTEMORELOS,449.68,731.84,-88.04,-194.12
2020-11-20,23,MONTEMORELOS,447.4,738.53,-86.5,-204.62
2020-11-20,24,MONTEMORELOS,417.66,523.19,-61.72,-43.81
2020-11-20,1,MONTERREY,505.07,558.19,-53.47,.35
2020-11-20,2,MONTERREY,451.59,496.57,-45.26,.27
2020-11-20,3,MONTERREY,431.4,474.31,-42.91,0
2020-11-20,4,MONTERREY,429.92,471.19,-41.28,0
2020-11-20,5,MONTERREY,429.85,472.53,-42.67,0
2020-11-20,6,MONTERREY,477.45,520.48,-43.03,0
2020-11-20,7,MONTERREY,491.99,536.46,-44.62,.16
2020-11-20,8,MONTERREY,508.47,552.32,-44.22,.38
2020-11-20,9,MONTERREY,631.66,706.49,-74.83,0
2020-11-20,10,MONTERREY,525,572.46,-64.6,17.14
2020-11-20,11,MONTERREY,446.97,508.02,-58.41,-2.64
2020-11-20,12,MONTERREY,447.33,508.51,-58.82,-2.36
2020-11-20,13,MONTERREY,463.15,517.93,-59.04,4.26
2020-11-20,14,MONTERREY,462.31,527.19,-60.61,-4.27
2020-11-20,15,MONTERREY,423.56,488.18,-67.23,2.61
2020-11-20,16,MONTERREY,398.2,516.69,-74.15,-44.35
2020-11-20,17,MONTERREY,407.5,716.26,-106.42,-202.34
2020-11-20,18,MONTERREY,408.4,713.89,-95.67,-209.82
2020-11-20,19,MONTERREY,405.77,642.05,-89.62,-146.66
2020-11-20,20,MONTERREY,400.84,775.56,-109.27,-265.45
2020-11-20,21,MONTERREY,411.14,745.22,-105.62,-228.46
2020-11-20,22,MONTERREY,412.31,731.84,-102.49,-217.04
2020-11-20,23,MONTERREY,408.96,738.53,-99.92,-229.64
2020-11-20,24,MONTERREY,402.82,523.19,-71.22,-49.16
2020-11-20,1,MORELIA,580.73,558.19,22.64,-.11
2020-11-20,2,MORELIA,513.71,496.57,17.22,-.08
2020-11-20,3,MORELIA,489.21,474.31,14.9,0
2020-11-20,4,MORELIA,484.62,471.19,13.43,0
2020-11-20,5,MORELIA,486.43,472.53,13.91,0
2020-11-20,6,MORELIA,537.82,520.48,17.34,0
2020-11-20,7,MORELIA,556.34,536.46,19.93,-.05
2020-11-20,8,MORELIA,575.27,552.32,23.06,-.1
2020-11-20,9,MORELIA,737.65,706.49,31.16,0
2020-11-20,10,MORELIA,636.7,572.46,27,37.24
2020-11-20,11,MORELIA,531.54,508.02,23.27,.25
2020-11-20,12,MORELIA,533.17,508.51,24.44,.22
2020-11-20,13,MORELIA,543.22,517.93,25.75,-.46
2020-11-20,14,MORELIA,554.55,527.19,26.95,.41
2020-11-20,15,MORELIA,511.09,488.18,23.17,-.27
2020-11-20,16,MORELIA,543.65,516.69,25.88,1.08
2020-11-20,17,MORELIA,762.19,716.26,39.45,6.47
2020-11-20,18,MORELIA,825.21,713.89,34.2,77.12
2020-11-20,19,MORELIA,792.93,642.05,29.74,121.14
2020-11-20,20,MORELIA,823.79,775.56,40.94,7.29
2020-11-20,21,MORELIA,789.11,745.22,37.52,6.38
2020-11-20,22,MORELIA,774.44,731.84,36.48,6.12
2020-11-20,23,MORELIA,782.71,738.53,37.68,6.5
2020-11-20,24,MORELIA,547.3,523.19,22.7,1.41
2020-11-20,1,MORELOS,582.99,558.19,24.75,.05
2020-11-20,2,MORELOS,516.29,496.57,19.68,.04
2020-11-20,3,MORELOS,492.48,474.31,18.17,0
2020-11-20,4,MORELOS,489.15,471.19,17.96,0
2020-11-20,5,MORELOS,490.87,472.53,18.35,0
2020-11-20,6,MORELOS,542.66,520.48,22.18,0
2020-11-20,7,MORELOS,558.43,536.46,21.96,.02
2020-11-20,8,MORELOS,574.44,552.32,22.08,.05
2020-11-20,9,MORELOS,743.28,706.49,36.79,0
2020-11-20,10,MORELOS,759.76,572.46,33.06,154.24
2020-11-20,11,MORELOS,537.54,508.02,29.55,-.03
2020-11-20,12,MORELOS,538.66,508.51,30.17,-.02
2020-11-20,13,MORELOS,547.95,517.93,29.95,.07
2020-11-20,14,MORELOS,558.29,527.19,31.16,-.05
2020-11-20,15,MORELOS,521.31,488.18,33.09,.04
2020-11-20,16,MORELOS,549.64,516.69,34.7,-1.75
2020-11-20,17,MORELOS,758.6,716.26,49.85,-7.51
2020-11-20,18,MORELOS,1032.21,713.89,42.11,276.21
2020-11-20,19,MORELOS,1138.32,642.05,40.53,455.74
2020-11-20,20,MORELOS,817.4,775.56,52.14,-10.29
2020-11-20,21,MORELOS,786.52,745.22,50.16,-8.86
2020-11-20,22,MORELOS,770.84,731.84,47.41,-8.41
2020-11-20,23,MORELOS,775.42,738.53,45.79,-8.9
2020-11-20,24,MORELOS,551.27,523.19,29.99,-1.91
2020-11-20,1,MOTUL TIZIMIN,578.76,558.19,20.51,.07
2020-11-20,2,MOTUL TIZIMIN,512.04,496.57,15.41,.05
2020-11-20,3,MOTUL TIZIMIN,486.98,474.31,12.67,0
2020-11-20,4,MOTUL TIZIMIN,484.72,471.19,13.53,0
2020-11-20,5,MOTUL TIZIMIN,483.94,472.53,11.41,0
2020-11-20,6,MOTUL TIZIMIN,542.12,520.48,21.64,0
2020-11-20,7,MOTUL TIZIMIN,544.3,536.46,7.82,.03
2020-11-20,8,MOTUL TIZIMIN,557.36,552.32,4.97,.07
2020-11-20,9,MOTUL TIZIMIN,736.2,706.49,29.72,0
2020-11-20,10,MOTUL TIZIMIN,1638.36,572.46,29.4,1036.5
2020-11-20,11,MOTUL TIZIMIN,1503.4,508.02,29.43,965.96
2020-11-20,12,MOTUL TIZIMIN,1507,508.51,34.35,964.14
2020-11-20,13,MOTUL TIZIMIN,1507.83,517.93,30.39,959.51
2020-11-20,14,MOTUL TIZIMIN,1517.91,527.19,31.21,959.51
2020-11-20,15,MOTUL TIZIMIN,522.3,488.18,34.04,.09
2020-11-20,16,MOTUL TIZIMIN,551.64,516.69,37.12,-2.17
2020-11-20,17,MOTUL TIZIMIN,754.55,716.26,47.89,-9.6
2020-11-20,18,MOTUL TIZIMIN,1104.66,713.89,52.31,338.46
2020-11-20,19,MOTUL TIZIMIN,1245.29,642.05,45.3,557.94
2020-11-20,20,MOTUL TIZIMIN,808.86,775.56,46.21,-12.91
2020-11-20,21,MOTUL TIZIMIN,775.51,745.21,41.41,-11.11
2020-11-20,22,MOTUL TIZIMIN,777.3,731.84,56.02,-10.56
2020-11-20,23,MOTUL TIZIMIN,779.45,738.53,52.1,-11.17
2020-11-20,24,MOTUL TIZIMIN,551.46,523.19,30.67,-2.39
2020-11-20,1,NAVOJOA,502.71,558.19,-53.15,-2.33
2020-11-20,2,NAVOJOA,440.79,496.57,-53.97,-1.82
2020-11-20,3,NAVOJOA,415.97,474.31,-58.34,0
2020-11-20,4,NAVOJOA,409.59,471.19,-61.61,0
2020-11-20,5,NAVOJOA,405.63,472.53,-66.9,0
2020-11-20,6,NAVOJOA,445.2,520.48,-75.28,0
2020-11-20,7,NAVOJOA,460.3,536.46,-75.15,-1.01
2020-11-20,8,NAVOJOA,473.52,552.32,-76.39,-2.4
2020-11-20,9,NAVOJOA,576.25,706.49,-130.23,0
2020-11-20,10,NAVOJOA,273.9,572.46,-117.88,-180.68
2020-11-20,11,NAVOJOA,273.76,508.02,-108.03,-126.24
2020-11-20,12,NAVOJOA,282.23,508.51,-107.53,-118.74
2020-11-20,13,NAVOJOA,387.32,517.93,-105.01,-25.6
2020-11-20,14,NAVOJOA,284.66,527.19,-106.98,-135.56
2020-11-20,15,NAVOJOA,366.86,488.18,-106.24,-15.08
2020-11-20,16,NAVOJOA,376.37,516.69,-107.22,-33.11
2020-11-20,17,NAVOJOA,282.4,716.26,-147.72,-286.14
2020-11-20,18,NAVOJOA,533.24,713.89,-133.34,-47.31
2020-11-20,19,NAVOJOA,526.96,642.05,-112.04,-3.05
2020-11-20,20,NAVOJOA,537.67,775.56,-137.06,-100.83
2020-11-20,21,NAVOJOA,529.61,745.21,-128.82,-86.79
2020-11-20,22,NAVOJOA,526.3,731.84,-123.51,-82.03
2020-11-20,23,NAVOJOA,534.27,738.53,-117.48,-86.78
2020-11-20,24,NAVOJOA,417.21,523.19,-87.41,-18.57
2020-11-20,1,NOGALES,474.81,558.19,-79.65,-3.73
2020-11-20,2,NOGALES,417.53,496.57,-76.13,-2.91
2020-11-20,3,NOGALES,395.16,474.31,-79.15,0
2020-11-20,4,NOGALES,390.21,471.19,-80.98,0
2020-11-20,5,NOGALES,384.92,472.53,-87.61,0
2020-11-20,6,NOGALES,421.36,520.48,-99.12,0
2020-11-20,7,NOGALES,436.95,536.46,-97.9,-1.62
2020-11-20,8,NOGALES,450.09,552.32,-98.41,-3.82
2020-11-20,9,NOGALES,542.99,706.49,-163.49,0
2020-11-20,10,NOGALES,254.69,572.46,-155.66,-162.11
2020-11-20,11,NOGALES,254.69,508.02,-139.52,-113.81
2020-11-20,12,NOGALES,255.06,508.51,-145.78,-107.67
2020-11-20,13,NOGALES,323.23,517.93,-148.59,-46.11
2020-11-20,14,NOGALES,259.59,527.19,-149.87,-117.74
2020-11-20,15,NOGALES,314.1,488.18,-147.83,-26.25
2020-11-20,16,NOGALES,314.81,516.69,-151.98,-49.91
2020-11-20,17,NOGALES,249.08,716.26,-201.74,-265.44
2020-11-20,18,NOGALES,456.61,713.89,-179.63,-77.65
2020-11-20,19,NOGALES,477,642.05,-135.19,-29.86
2020-11-20,20,NOGALES,481.34,775.56,-162.78,-131.43
2020-11-20,21,NOGALES,473.67,745.22,-158.35,-113.19
2020-11-20,22,NOGALES,470.89,731.84,-151.91,-109.04
2020-11-20,23,NOGALES,472.78,738.53,-150.26,-115.49
2020-11-20,24,NOGALES,391.35,523.19,-107.11,-24.73
2020-11-20,1,NUEVO LAREDO,439.6,558.19,-68.82,-49.76
2020-11-20,2,NUEVO LAREDO,397.65,496.57,-60.22,-38.71
2020-11-20,3,NUEVO LAREDO,416.4,474.31,-57.91,0
2020-11-20,4,NUEVO LAREDO,414.7,471.19,-56.49,0
2020-11-20,5,NUEVO LAREDO,414.48,472.53,-58.05,0
2020-11-20,6,NUEVO LAREDO,462.46,520.48,-58.02,0
2020-11-20,7,NUEVO LAREDO,456.19,536.46,-58.91,-21.36
2020-11-20,8,NUEVO LAREDO,443.71,552.32,-58.31,-50.3
2020-11-20,9,NUEVO LAREDO,611.53,706.49,-94.95,0
2020-11-20,10,NUEVO LAREDO,506.22,572.46,-80.88,14.64
2020-11-20,11,NUEVO LAREDO,412.04,508.02,-72.69,-23.3
2020-11-20,12,NUEVO LAREDO,412.92,508.51,-73.37,-22.23
2020-11-20,13,NUEVO LAREDO,427.77,517.93,-74.91,-15.25
2020-11-20,14,NUEVO LAREDO,421,527.19,-77.15,-29.04
2020-11-20,15,NUEVO LAREDO,409.3,488.18,-83.51,4.63
2020-11-20,16,NUEVO LAREDO,384.67,516.69,-90.06,-41.96
2020-11-20,17,NUEVO LAREDO,387.52,716.26,-122.61,-206.13
2020-11-20,18,NUEVO LAREDO,395.33,713.89,-112.43,-206.13
2020-11-20,19,NUEVO LAREDO,397.95,642.05,-100.92,-143.18
2020-11-20,20,NUEVO LAREDO,389.68,775.56,-124.23,-261.65
2020-11-20,21,NUEVO LAREDO,399.32,745.21,-120.67,-225.23
2020-11-20,22,NUEVO LAREDO,399.65,731.84,-118.15,-214.05
2020-11-20,23,NUEVO LAREDO,394.7,738.53,-117.33,-226.5
2020-11-20,24,NUEVO LAREDO,389.77,523.19,-84.94,-48.48
2020-11-20,1,OAXACA,584.23,558.19,25.98,.07
2020-11-20,2,OAXACA,515.67,496.57,19.05,.05
2020-11-20,3,OAXACA,491.77,474.31,17.46,0
2020-11-20,4,OAXACA,489.87,471.19,18.68,0
2020-11-20,5,OAXACA,491.35,472.53,18.83,0
2020-11-20,6,OAXACA,548.07,520.48,27.59,0
2020-11-20,7,OAXACA,559.82,536.46,23.34,.03
2020-11-20,8,OAXACA,571.89,552.32,19.5,.07
2020-11-20,9,OAXACA,746.51,706.48,40.02,0
2020-11-20,10,OAXACA,796.4,572.46,34.82,189.13
2020-11-20,11,OAXACA,540.19,508.02,32.24,-.07
2020-11-20,12,OAXACA,542.16,508.51,33.71,-.06
2020-11-20,13,OAXACA,551.33,517.93,33.24,.16
2020-11-20,14,OAXACA,561.42,527.19,34.36,-.13
2020-11-20,15,OAXACA,523.9,488.18,35.63,.09
2020-11-20,16,OAXACA,553.55,516.69,39.06,-2.2
2020-11-20,17,OAXACA,760.07,716.26,53.54,-9.73
2020-11-20,18,OAXACA,1092,713.89,52.88,325.23
2020-11-20,19,OAXACA,1237.4,642.05,58.6,536.75
2020-11-20,20,OAXACA,834.72,775.56,72.24,-13.07
2020-11-20,21,OAXACA,800.78,745.22,66.81,-11.25
2020-11-20,22,OAXACA,782.15,731.84,61,-10.69
2020-11-20,23,OAXACA,783.62,738.53,56.4,-11.31
2020-11-20,24,OAXACA,555.46,523.19,34.69,-2.42
2020-11-20,1,OBREGON,490.28,558.19,-65.46,-2.45
2020-11-20,2,OBREGON,429.87,496.57,-64.79,-1.91
2020-11-20,3,OBREGON,405.63,474.31,-68.68,0
2020-11-20,4,OBREGON,399.38,471.19,-71.81,0
2020-11-20,5,OBREGON,395.28,472.53,-77.25,0
2020-11-20,6,OBREGON,433.67,520.48,-86.82,0
2020-11-20,7,OBREGON,448.49,536.46,-86.9,-1.06
2020-11-20,8,OBREGON,461.55,552.32,-88.23,-2.53
2020-11-20,9,OBREGON,561.52,706.49,-144.97,0
2020-11-20,10,OBREGON,264.51,572.46,-128.95,-179
2020-11-20,11,OBREGON,265.27,508.02,-117.64,-125.11
2020-11-20,12,OBREGON,272.94,508.51,-117.83,-117.73
2020-11-20,13,OBREGON,374.52,517.93,-115.93,-27.48
2020-11-20,14,OBREGON,274.86,527.19,-118.51,-133.82
2020-11-20,15,OBREGON,354.95,488.18,-117.06,-16.16
2020-11-20,16,OBREGON,363.18,516.69,-118.78,-34.74
2020-11-20,17,OBREGON,273.06,716.26,-159.07,-284.13
2020-11-20,18,OBREGON,522.16,713.89,-141.48,-50.24
2020-11-20,19,OBREGON,519.42,642.05,-116.99,-5.65
2020-11-20,20,OBREGON,528.62,775.56,-143.15,-103.79
2020-11-20,21,OBREGON,519.12,745.22,-136.77,-89.34
2020-11-20,22,OBREGON,517.21,731.84,-130.15,-84.47
2020-11-20,23,OBREGON,524.25,738.53,-124.91,-89.36
2020-11-20,24,OBREGON,411.7,523.19,-92.37,-19.13
2020-11-20,1,ORIZABA,569.04,558.19,10.78,.07
2020-11-20,2,ORIZABA,503.44,496.57,6.81,.05
2020-11-20,3,ORIZABA,480.45,474.31,6.14,0
2020-11-20,4,ORIZABA,478.31,471.19,7.12,0
2020-11-20,5,ORIZABA,479.7,472.53,7.17,0
2020-11-20,6,ORIZABA,532.21,520.48,11.73,0
2020-11-20,7,ORIZABA,544.11,536.46,7.63,.03
2020-11-20,8,ORIZABA,556.97,552.32,4.58,.07
2020-11-20,9,ORIZABA,724.25,706.49,17.76,0
2020-11-20,10,ORIZABA,789.03,572.46,16.73,199.85
2020-11-20,11,ORIZABA,523.96,508.02,16.01,-.07
2020-11-20,12,ORIZABA,525.26,508.51,16.81,-.06
2020-11-20,13,ORIZABA,533.84,517.93,15.74,.16
2020-11-20,14,ORIZABA,543.53,527.19,16.47,-.13
2020-11-20,15,ORIZABA,507.39,488.18,19.12,.09
2020-11-20,16,ORIZABA,535.77,516.69,21.29,-2.22
2020-11-20,17,ORIZABA,735.51,716.26,29.07,-9.82
2020-11-20,18,ORIZABA,1079.76,713.89,24.86,341.01
2020-11-20,19,ORIZABA,1222.63,642.05,26.17,554.41
2020-11-20,20,ORIZABA,795.33,775.56,33.11,-13.34
2020-11-20,21,ORIZABA,764.89,745.22,31.16,-11.48
2020-11-20,22,ORIZABA,749.33,731.84,28.37,-10.89
2020-11-20,23,ORIZABA,753.73,738.53,26.68,-11.47
2020-11-20,24,ORIZABA,537.75,523.19,17.01,-2.44
2020-11-20,1,PIEDRAS NEGRAS,465.83,558.19,-77.05,-15.31
2020-11-20,2,PIEDRAS NEGRAS,417.22,496.57,-67.41,-11.95
2020-11-20,3,PIEDRAS NEGRAS,409.66,474.31,-64.65,0
2020-11-20,4,PIEDRAS NEGRAS,408.29,471.19,-62.9,0
2020-11-20,5,PIEDRAS NEGRAS,409.33,472.53,-63.2,0
2020-11-20,6,PIEDRAS NEGRAS,458.09,520.48,-62.39,0
2020-11-20,7,PIEDRAS NEGRAS,468.14,536.46,-61.68,-6.64
2020-11-20,8,PIEDRAS NEGRAS,476.12,552.32,-60.61,-15.6
2020-11-20,9,PIEDRAS NEGRAS,609.46,706.48,-97.03,0
2020-11-20,10,PIEDRAS NEGRAS,504.26,572.46,-82.37,14.17
2020-11-20,11,PIEDRAS NEGRAS,422.53,508.02,-74.5,-10.99
2020-11-20,12,PIEDRAS NEGRAS,422.56,508.51,-75.47,-10.49
2020-11-20,13,PIEDRAS NEGRAS,439.94,517.93,-78.85,.86
2020-11-20,14,PIEDRAS NEGRAS,430.43,527.19,-81.69,-15.07
2020-11-20,15,PIEDRAS NEGRAS,403.72,488.18,-89.45,4.99
2020-11-20,16,PIEDRAS NEGRAS,377.54,516.69,-97.61,-41.54
2020-11-20,17,PIEDRAS NEGRAS,374.78,716.26,-134.6,-206.88
2020-11-20,18,PIEDRAS NEGRAS,384.58,713.89,-123.85,-205.45
2020-11-20,19,PIEDRAS NEGRAS,386.79,642.05,-112.63,-142.64
2020-11-20,20,PIEDRAS NEGRAS,375.6,775.56,-138.89,-261.06
2020-11-20,21,PIEDRAS NEGRAS,386.41,745.22,-134.09,-224.71
2020-11-20,22,PIEDRAS NEGRAS,387.33,731.84,-130.95,-213.57
2020-11-20,23,PIEDRAS NEGRAS,381.67,738.53,-130.87,-225.99
2020-11-20,24,PIEDRAS NEGRAS,380.53,523.19,-94.28,-48.38
2020-11-20,1,POZA RICA,548.89,558.19,-9.43,.14
2020-11-20,2,POZA RICA,488.67,496.57,-8.01,.11
2020-11-20,3,POZA RICA,467.31,474.31,-7,0
2020-11-20,4,POZA RICA,465.02,471.19,-6.17,0
2020-11-20,5,POZA RICA,466.03,472.53,-6.5,0
2020-11-20,6,POZA RICA,512.2,520.48,-8.29,0
2020-11-20,7,POZA RICA,526.81,536.46,-9.7,.06
2020-11-20,8,POZA RICA,541.67,552.32,-10.8,.14
2020-11-20,9,POZA RICA,698.18,706.49,-8.31,0
2020-11-20,10,POZA RICA,615.71,572.46,-6.76,50.01
2020-11-20,11,POZA RICA,504.82,508.02,-3,-.2
2020-11-20,12,POZA RICA,503.56,508.51,-4.79,-.17
2020-11-20,13,POZA RICA,512.01,517.93,-6.33,.41
2020-11-20,14,POZA RICA,519.93,527.19,-6.92,-.34
2020-11-20,15,POZA RICA,487.89,488.18,-.53,.24
2020-11-20,16,POZA RICA,511.49,516.69,-1.27,-3.93
2020-11-20,17,POZA RICA,696.71,716.26,-1.63,-17.93
2020-11-20,18,POZA RICA,783.69,713.89,-4.99,74.78
2020-11-20,19,POZA RICA,777.1,642.05,-2.61,137.66
2020-11-20,20,POZA RICA,751.92,775.56,-.3,-23.35
2020-11-20,21,POZA RICA,725.69,745.22,.59,-20.12
2020-11-20,22,POZA RICA,710.68,731.84,-2.1,-19.06
2020-11-20,23,POZA RICA,714.82,738.53,-3.61,-20.1
2020-11-20,24,POZA RICA,516.14,523.19,-2.8,-4.24
2020-11-20,1,PUEBLA,573.36,558.19,15.11,.07
2020-11-20,2,PUEBLA,507.64,496.57,11.01,.05
2020-11-20,3,PUEBLA,484.63,474.31,10.32,0
2020-11-20,4,PUEBLA,481.88,471.19,10.69,0
2020-11-20,5,PUEBLA,483.38,472.53,10.85,0
2020-11-20,6,PUEBLA,534.84,520.48,14.36,0
2020-11-20,7,PUEBLA,548.73,536.46,12.24,.03
2020-11-20,8,PUEBLA,563.47,552.32,11.08,.07
2020-11-20,9,PUEBLA,730.2,706.49,23.72,0
2020-11-20,10,PUEBLA,815.04,572.46,21.75,220.83
2020-11-20,11,PUEBLA,528.37,508.02,20.41,-.07
2020-11-20,12,PUEBLA,529.69,508.51,21.24,-.06
2020-11-20,13,PUEBLA,538.34,517.93,20.27,.15
2020-11-20,14,PUEBLA,548.5,527.19,21.43,-.12
2020-11-20,15,PUEBLA,511.98,488.18,23.72,.08
2020-11-20,16,PUEBLA,540.61,516.69,26.01,-2.1
2020-11-20,17,PUEBLA,743.2,716.26,36.19,-9.24
2020-11-20,18,PUEBLA,1120.53,713.89,29.88,376.77
2020-11-20,19,PUEBLA,1298.43,642.05,29.44,626.93
2020-11-20,20,PUEBLA,800.84,775.56,37.7,-12.42
2020-11-20,21,PUEBLA,770.68,745.22,36.15,-10.69
2020-11-20,22,PUEBLA,755.11,731.84,33.43,-10.15
2020-11-20,23,PUEBLA,759.39,738.53,31.61,-10.75
2020-11-20,24,PUEBLA,541.75,523.19,20.87,-2.31
2020-11-20,1,QUERETARO,566.88,558.19,8.7,-.01
2020-11-20,2,QUERETARO,504.84,496.57,8.28,-.01
2020-11-20,3,QUERETARO,481.81,474.31,7.5,0
2020-11-20,4,QUERETARO,478.74,471.19,7.54,0
2020-11-20,5,QUERETARO,480.24,472.53,7.71,0
2020-11-20,6,QUERETARO,529.17,520.48,8.69,0
2020-11-20,7,QUERETARO,545.95,536.46,9.5,-.01
2020-11-20,8,QUERETARO,563.06,552.32,10.75,-.01
2020-11-20,9,QUERETARO,721.03,706.49,14.55,0
2020-11-20,10,QUERETARO,595.99,572.46,11.54,11.98
2020-11-20,11,QUERETARO,517.61,508.02,9.59,-.01
2020-11-20,12,QUERETARO,515.77,508.51,7.26,-.01
2020-11-20,13,QUERETARO,524.42,517.93,6.49,0
2020-11-20,14,QUERETARO,533.67,527.19,6.49,-.01
2020-11-20,15,QUERETARO,494.3,488.18,6.11,0
2020-11-20,16,QUERETARO,523.41,516.69,5.9,.81
2020-11-20,17,QUERETARO,726.62,716.26,7.03,3.33
2020-11-20,18,QUERETARO,749.87,713.89,10.24,25.75
2020-11-20,19,QUERETARO,691.85,642.05,11.4,38.4
2020-11-20,20,QUERETARO,791.98,775.56,11.87,4.55
2020-11-20,21,QUERETARO,760.1,745.22,10.98,3.91
2020-11-20,22,QUERETARO,746.05,731.84,10.5,3.71
2020-11-20,23,QUERETARO,751.46,738.53,8.99,3.94
2020-11-20,24,QUERETARO,531.26,523.19,7.22,.85
2020-11-20,1,REYNOSA,259.92,558.19,-69.41,-228.85
2020-11-20,2,REYNOSA,258.42,496.57,-59.32,-178.83
2020-11-20,3,REYNOSA,418.04,474.31,-56.27,0
2020-11-20,4,REYNOSA,418.19,471.19,-53,0
2020-11-20,5,REYNOSA,419.48,472.53,-53.05,0
2020-11-20,6,REYNOSA,467.6,520.48,-52.88,0
2020-11-20,7,REYNOSA,374.37,536.46,-62.73,-99.36
2020-11-20,8,REYNOSA,255.71,552.32,-63.38,-233.23
2020-11-20,9,REYNOSA,608.04,706.49,-98.44,0
2020-11-20,10,REYNOSA,508.89,572.46,-80.43,16.87
2020-11-20,11,REYNOSA,344.65,508.02,-75.51,-87.87
2020-11-20,12,REYNOSA,344.78,508.51,-75.86,-87.87
2020-11-20,13,REYNOSA,346.16,517.93,-67.33,-104.45
2020-11-20,14,REYNOSA,350.13,527.19,-69.06,-108.01
2020-11-20,15,REYNOSA,408.12,488.18,-82.85,2.79
2020-11-20,16,REYNOSA,380.11,516.69,-92.29,-44.29
2020-11-20,17,REYNOSA,375.29,716.26,-137.66,-203.32
2020-11-20,18,REYNOSA,373.34,713.89,-130.18,-210.37
2020-11-20,19,REYNOSA,380.91,642.05,-114.55,-146.59
2020-11-20,20,REYNOSA,372.53,775.56,-137.66,-265.36
2020-11-20,21,REYNOSA,385.85,745.22,-130.95,-228.42
2020-11-20,22,REYNOSA,387.3,731.84,-127.53,-217.02
2020-11-20,23,REYNOSA,385.69,738.53,-123.19,-229.64
2020-11-20,24,REYNOSA,386.89,523.19,-87.14,-49.16
2020-11-20,1,RIVIERA MAYA,610.03,558.19,51.78,.07
2020-11-20,2,RIVIERA MAYA,538.79,496.57,42.16,.05
2020-11-20,3,RIVIERA MAYA,510.99,474.31,36.68,0
2020-11-20,4,RIVIERA MAYA,508.04,471.19,36.84,0
2020-11-20,5,RIVIERA MAYA,508.23,472.53,35.7,0
2020-11-20,6,RIVIERA MAYA,567.77,520.48,47.29,0
2020-11-20,7,RIVIERA MAYA,573.03,536.46,36.54,.03
2020-11-20,8,RIVIERA MAYA,587.16,552.32,34.77,.07
2020-11-20,9,RIVIERA MAYA,774.57,706.49,68.08,0
2020-11-20,10,RIVIERA MAYA,2520.22,572.46,62.05,1885.71
2020-11-20,11,RIVIERA MAYA,2517.6,508.02,62.1,1947.48
2020-11-20,12,RIVIERA MAYA,2517.73,508.51,65.59,1943.63
2020-11-20,13,RIVIERA MAYA,2517.38,517.93,63.36,1936.09
2020-11-20,14,RIVIERA MAYA,2517.85,527.19,65.09,1925.57
2020-11-20,15,RIVIERA MAYA,552.94,488.18,64.67,.09
2020-11-20,16,RIVIERA MAYA,580.41,516.69,65.89,-2.17
2020-11-20,17,RIVIERA MAYA,794.03,716.26,87.36,-9.6
2020-11-20,18,RIVIERA MAYA,1143.5,713.89,91.15,338.46
2020-11-20,19,RIVIERA MAYA,1276.89,642.05,76.9,557.94
2020-11-20,20,RIVIERA MAYA,850.71,775.56,88.06,-12.91
2020-11-20,21,RIVIERA MAYA,814.42,745.22,80.32,-11.11
2020-11-20,22,RIVIERA MAYA,816.76,731.84,95.47,-10.56
2020-11-20,23,RIVIERA MAYA,821.4,738.53,94.04,-11.17
2020-11-20,24,RIVIERA MAYA,580.62,523.19,59.82,-2.39
2020-11-20,1,SABINAS,474.76,558.19,-70.59,-12.84
2020-11-20,2,SABINAS,425.12,496.57,-61.44,-10.01
2020-11-20,3,SABINAS,415.58,474.31,-58.73,0
2020-11-20,4,SABINAS,413.96,471.19,-57.24,0
2020-11-20,5,SABINAS,413.68,472.53,-58.85,0
2020-11-20,6,SABINAS,461.7,520.48,-58.78,0
2020-11-20,7,SABINAS,471.59,536.46,-59.31,-5.56
2020-11-20,8,SABINAS,480.57,552.32,-58.67,-13.08
2020-11-20,9,SABINAS,610.95,706.49,-95.53,0
2020-11-20,10,SABINAS,505.22,572.46,-81.83,14.59
2020-11-20,11,SABINAS,424.48,508.02,-73.83,-9.71
2020-11-20,12,SABINAS,424.26,508.51,-75.02,-9.24
2020-11-20,13,SABINAS,442.12,517.93,-77.33,1.51
2020-11-20,14,SABINAS,434.02,527.19,-79.79,-13.38
2020-11-20,15,SABINAS,406.67,488.18,-86.16,4.65
2020-11-20,16,SABINAS,381.35,516.69,-93.19,-42.16
2020-11-20,17,SABINAS,381.72,716.26,-127.41,-207.13
2020-11-20,18,SABINAS,389.87,713.89,-116.76,-207.26
2020-11-20,19,SABINAS,392.4,642.05,-105.43,-144.22
2020-11-20,20,SABINAS,383.28,775.56,-129.36,-262.91
2020-11-20,21,SABINAS,393.35,745.21,-125.56,-226.31
2020-11-20,22,SABINAS,394.07,731.84,-122.7,-215.07
2020-11-20,23,SABINAS,388.66,738.53,-122.29,-227.58
2020-11-20,24,SABINAS,386.21,523.19,-88.26,-48.72
2020-11-20,1,SALTILLO,511.12,558.19,-46.8,-.27
2020-11-20,2,SALTILLO,456.88,496.57,-39.48,-.21
2020-11-20,3,SALTILLO,436.69,474.31,-37.62,0
2020-11-20,4,SALTILLO,434.91,471.19,-36.29,0
2020-11-20,5,SALTILLO,434.92,472.53,-37.61,0
2020-11-20,6,SALTILLO,483.02,520.48,-37.47,0
2020-11-20,7,SALTILLO,498.11,536.46,-38.23,-.12
2020-11-20,8,SALTILLO,514.17,552.32,-37.88,-.27
2020-11-20,9,SALTILLO,637.89,706.49,-68.6,0
2020-11-20,10,SALTILLO,528.82,572.46,-60.94,17.31
2020-11-20,11,SALTILLO,449.54,508.02,-55.84,-2.64
2020-11-20,12,SALTILLO,449.64,508.51,-56.48,-2.39
2020-11-20,13,SALTILLO,464.58,517.93,-57.32,3.97
2020-11-20,14,SALTILLO,464.16,527.19,-59.12,-3.91
2020-11-20,15,SALTILLO,424.86,488.18,-65.73,2.41
2020-11-20,16,SALTILLO,395.98,516.69,-71.71,-49
2020-11-20,17,SALTILLO,394.81,716.26,-101.01,-220.44
2020-11-20,18,SALTILLO,391.35,713.89,-88.13,-234.41
2020-11-20,19,SALTILLO,392.29,642.05,-81.73,-168.04
2020-11-20,20,SALTILLO,384.71,775.56,-99.48,-291.36
2020-11-20,21,SALTILLO,397.98,745.22,-96.37,-250.87
2020-11-20,22,SALTILLO,400.41,731.84,-93.11,-238.33
2020-11-20,23,SALTILLO,396.26,738.53,-90.33,-251.94
2020-11-20,24,SALTILLO,404.37,523.19,-64.94,-53.88
2020-11-20,1,SALVATIERRA,573.66,558.19,15.55,-.08
2020-11-20,2,SALVATIERRA,508.3,496.57,11.79,-.06
2020-11-20,3,SALVATIERRA,484.71,474.31,10.41,0
2020-11-20,4,SALVATIERRA,480.66,471.19,9.47,0
2020-11-20,5,SALVATIERRA,482.16,472.53,9.64,0
2020-11-20,6,SALVATIERRA,532.81,520.48,12.33,0
2020-11-20,7,SALVATIERRA,551.19,536.46,14.77,-.03
2020-11-20,8,SALVATIERRA,569.84,552.32,17.6,-.08
2020-11-20,9,SALVATIERRA,729.63,706.49,23.15,0
2020-11-20,10,SALVATIERRA,613.18,572.46,19.58,21.14
2020-11-20,11,SALVATIERRA,524.76,508.02,16.59,.15
2020-11-20,12,SALVATIERRA,525.89,508.51,17.25,.13
2020-11-20,13,SALVATIERRA,538.03,517.93,20.38,-.29
2020-11-20,14,SALVATIERRA,547.03,527.19,19.59,.25
2020-11-20,15,SALVATIERRA,504.46,488.18,16.45,-.16
2020-11-20,16,SALVATIERRA,536.26,516.69,18.05,1.51
2020-11-20,17,SALVATIERRA,751.43,716.26,27.72,7.45
2020-11-20,18,SALVATIERRA,789.33,713.89,26.95,48.49
2020-11-20,19,SALVATIERRA,736.61,642.05,23.58,70.98
2020-11-20,20,SALVATIERRA,816.93,775.56,31.75,9.62
2020-11-20,21,SALVATIERRA,782.55,745.22,29.09,8.24
2020-11-20,22,SALVATIERRA,767.28,731.84,27.61,7.83
2020-11-20,23,SALVATIERRA,773.89,738.53,27.07,8.3
2020-11-20,24,SALVATIERRA,541.12,523.19,16.16,1.76
2020-11-20,1,SAN CRISTOBAL,601.36,558.19,43.11,.07
2020-11-20,2,SAN CRISTOBAL,531.42,496.57,34.79,.05
2020-11-20,3,SAN CRISTOBAL,505.92,474.31,31.61,0
2020-11-20,4,SAN CRISTOBAL,504.48,471.19,33.29,0
2020-11-20,5,SAN CRISTOBAL,506.05,472.53,33.52,0
2020-11-20,6,SAN CRISTOBAL,566.02,520.48,45.54,0
2020-11-20,7,SAN CRISTOBAL,573.46,536.46,36.98,.03
2020-11-20,8,SAN CRISTOBAL,580.5,552.32,28.11,.07
2020-11-20,9,SAN CRISTOBAL,757.67,706.49,51.18,0
2020-11-20,10,SAN CRISTOBAL,812.41,572.46,43.18,196.78
2020-11-20,11,SAN CRISTOBAL,547.05,508.02,39.1,-.07
2020-11-20,12,SAN CRISTOBAL,548.82,508.51,40.37,-.06
2020-11-20,13,SAN CRISTOBAL,556.98,517.93,38.9,.15
2020-11-20,14,SAN CRISTOBAL,567.18,527.19,40.12,-.13
2020-11-20,15,SAN CRISTOBAL,530.02,488.18,41.75,.09
2020-11-20,16,SAN CRISTOBAL,562.32,516.69,47.8,-2.17
2020-11-20,17,SAN CRISTOBAL,771.89,716.26,65.23,-9.59
2020-11-20,18,SAN CRISTOBAL,1129.06,713.89,76.73,338.44
2020-11-20,19,SAN CRISTOBAL,1286.47,642.05,86.51,557.91
2020-11-20,20,SAN CRISTOBAL,864.7,775.56,102.06,-12.91
2020-11-20,21,SAN CRISTOBAL,824.2,745.21,90.1,-11.11
2020-11-20,22,SAN CRISTOBAL,803.93,731.84,82.65,-10.55
2020-11-20,23,SAN CRISTOBAL,806.62,738.53,79.26,-11.17
2020-11-20,24,SAN CRISTOBAL,570.36,523.19,49.57,-2.39
2020-11-20,1,SAN JUAN DEL RIO,575.2,558.19,17.01,.01
2020-11-20,2,SAN JUAN DEL RIO,515.06,496.57,18.48,0
2020-11-20,3,SAN JUAN DEL RIO,491.57,474.31,17.26,0
2020-11-20,4,SAN JUAN DEL RIO,488.42,471.19,17.23,0
2020-11-20,5,SAN JUAN DEL RIO,490.21,472.53,17.68,0
2020-11-20,6,SAN JUAN DEL RIO,540.42,520.48,19.94,0
2020-11-20,7,SAN JUAN DEL RIO,557.57,536.46,21.11,0
2020-11-20,8,SAN JUAN DEL RIO,574.8,552.32,22.48,.01
2020-11-20,9,SAN JUAN DEL RIO,738.21,706.49,31.72,0
2020-11-20,10,SAN JUAN DEL RIO,615.4,572.46,26.54,16.4
2020-11-20,11,SAN JUAN DEL RIO,531.52,508.02,23.51,-.01
2020-11-20,12,SAN JUAN DEL RIO,529.78,508.51,21.28,-.01
2020-11-20,13,SAN JUAN DEL RIO,536.92,517.93,18.97,.02
2020-11-20,14,SAN JUAN DEL RIO,547.08,527.19,19.91,-.02
2020-11-20,15,SAN JUAN DEL RIO,508.88,488.18,20.68,.01
2020-11-20,16,SAN JUAN DEL RIO,537,516.69,20.3,.01
2020-11-20,17,SAN JUAN DEL RIO,741.37,716.26,25.17,-.06
2020-11-20,18,SAN JUAN DEL RIO,764.06,713.89,22.2,27.97
2020-11-20,19,SAN JUAN DEL RIO,711.54,642.05,23.91,45.57
2020-11-20,20,SAN JUAN DEL RIO,796.57,775.56,21.08,-.07
2020-11-20,21,SAN JUAN DEL RIO,765.51,745.21,20.34,-.04
2020-11-20,22,SAN JUAN DEL RIO,753.15,731.84,21.37,-.05
2020-11-20,23,SAN JUAN DEL RIO,756.71,738.53,18.24,-.06
2020-11-20,24,SAN JUAN DEL RIO,541.05,523.19,17.88,-.01
2020-11-20,1,SAN LUIS POTOSI,554.29,558.19,-3.87,-.03
2020-11-20,2,SAN LUIS POTOSI,493.57,496.57,-2.99,-.02
2020-11-20,3,SAN LUIS POTOSI,470.75,474.31,-3.56,0
2020-11-20,4,SAN LUIS POTOSI,468.5,471.19,-2.7,0
2020-11-20,5,SAN LUIS POTOSI,469.69,472.53,-2.83,0
2020-11-20,6,SAN LUIS POTOSI,518.2,520.48,-2.28,0
2020-11-20,7,SAN LUIS POTOSI,534.23,536.46,-2.22,-.01
2020-11-20,8,SAN LUIS POTOSI,549.85,552.32,-2.44,-.03
2020-11-20,9,SAN LUIS POTOSI,696.44,706.49,-10.04,0
2020-11-20,10,SAN LUIS POTOSI,577.88,572.46,-12.14,17.57
2020-11-20,11,SAN LUIS POTOSI,497.61,508.02,-10.28,-.13
2020-11-20,12,SAN LUIS POTOSI,496.98,508.51,-11.41,-.12
2020-11-20,13,SAN LUIS POTOSI,506.63,517.93,-11.49,.19
2020-11-20,14,SAN LUIS POTOSI,513.51,527.19,-13.49,-.19
2020-11-20,15,SAN LUIS POTOSI,472.83,488.18,-15.47,.12
2020-11-20,16,SAN LUIS POTOSI,502.92,516.69,-17.56,3.78
2020-11-20,17,SAN LUIS POTOSI,703.97,716.26,-26.91,14.62
2020-11-20,18,SAN LUIS POTOSI,752.93,713.89,-16.38,55.43
2020-11-20,19,SAN LUIS POTOSI,699.29,642.05,-17.8,75.04
2020-11-20,20,SAN LUIS POTOSI,773.49,775.56,-22.77,20.7
2020-11-20,21,SAN LUIS POTOSI,739.92,745.22,-23.12,17.82
2020-11-20,22,SAN LUIS POTOSI,725.91,731.84,-22.85,16.92
2020-11-20,23,SAN LUIS POTOSI,735.4,738.53,-21.02,17.89
2020-11-20,24,SAN LUIS POTOSI,514.9,523.19,-12.11,3.83
2020-11-20,1,SAN MARTIN,572.95,558.19,14.7,.06
2020-11-20,2,SAN MARTIN,507.53,496.57,10.91,.05
2020-11-20,3,SAN MARTIN,484.51,474.31,10.2,0
2020-11-20,4,SAN MARTIN,481.76,471.19,10.57,0
2020-11-20,5,SAN MARTIN,483.29,472.53,10.76,0
2020-11-20,6,SAN MARTIN,534.06,520.48,13.58,0
2020-11-20,7,SAN MARTIN,548.77,536.46,12.28,.03
2020-11-20,8,SAN MARTIN,563.85,552.32,11.47,.07
2020-11-20,9,SAN MARTIN,730.25,706.49,23.77,0
2020-11-20,10,SAN MARTIN,833.07,572.46,21.57,239.05
2020-11-20,11,SAN MARTIN,528.1,508.02,20.14,-.06
2020-11-20,12,SAN MARTIN,529.38,508.51,20.93,-.05
2020-11-20,13,SAN MARTIN,538.25,517.93,20.18,.15
2020-11-20,14,SAN MARTIN,548.11,527.19,21.04,-.12
2020-11-20,15,SAN MARTIN,511.81,488.18,23.55,.08
2020-11-20,16,SAN MARTIN,540.38,516.69,25.76,-2.07
2020-11-20,17,SAN MARTIN,742.9,716.26,35.76,-9.13
2020-11-20,18,SAN MARTIN,1148.48,713.89,28.68,405.92
2020-11-20,19,SAN MARTIN,1338.49,642.05,28.28,668.16
2020-11-20,20,SAN MARTIN,799.58,775.56,36.35,-12.33
2020-11-20,21,SAN MARTIN,769.8,745.22,35.19,-10.61
2020-11-20,22,SAN MARTIN,754.21,731.84,32.45,-10.08
2020-11-20,23,SAN MARTIN,758.84,738.53,30.98,-10.66
2020-11-20,24,SAN MARTIN,541.14,523.19,20.24,-2.28
2020-11-20,1,TAMPICO,519.07,558.19,-39.41,.29
2020-11-20,2,TAMPICO,464.68,496.57,-32.12,.23
2020-11-20,3,TAMPICO,445.34,474.31,-28.97,0
2020-11-20,4,TAMPICO,443.75,471.19,-27.45,0
2020-11-20,5,TAMPICO,444.5,472.53,-28.02,0
2020-11-20,6,TAMPICO,486.4,520.48,-34.08,0
2020-11-20,7,TAMPICO,500.57,536.46,-36.01,.12
2020-11-20,8,TAMPICO,513.83,552.32,-38.78,.29
2020-11-20,9,TAMPICO,655.51,706.49,-50.98,0
2020-11-20,10,TAMPICO,554.51,572.46,-42.43,24.48
2020-11-20,11,TAMPICO,473.73,508.02,-33.84,-.45
2020-11-20,12,TAMPICO,474.18,508.51,-33.93,-.4
2020-11-20,13,TAMPICO,483.96,517.93,-34.92,.94
2020-11-20,14,TAMPICO,489.51,527.19,-36.89,-.8
2020-11-20,15,TAMPICO,454.95,488.18,-33.75,.52
2020-11-20,16,TAMPICO,472.76,516.69,-36.55,-7.39
2020-11-20,17,TAMPICO,627.56,716.26,-54.42,-34.28
2020-11-20,18,TAMPICO,672.07,713.89,-51.58,9.76
2020-11-20,19,TAMPICO,639.97,642.05,-49.37,47.29
2020-11-20,20,TAMPICO,671.06,775.56,-59.63,-44.87
2020-11-20,21,TAMPICO,648.98,745.22,-57.56,-38.67
2020-11-20,22,TAMPICO,637.78,731.84,-57.32,-36.75
2020-11-20,23,TAMPICO,643.33,738.53,-56.46,-38.74
2020-11-20,24,TAMPICO,479.09,523.19,-35.85,-8.25
2020-11-20,1,TAPACHULA,576.29,558.19,18.03,.07
2020-11-20,2,TAPACHULA,511.4,496.57,14.77,.05
2020-11-20,3,TAPACHULA,486.46,474.31,12.15,0
2020-11-20,4,TAPACHULA,485.76,471.19,14.56,0
2020-11-20,5,TAPACHULA,487.24,472.53,14.71,0
2020-11-20,6,TAPACHULA,544.47,520.48,23.99,0
2020-11-20,7,TAPACHULA,550.39,536.46,13.9,.03
2020-11-20,8,TAPACHULA,557.31,552.32,4.92,.07
2020-11-20,9,TAPACHULA,730.39,706.49,23.91,0
2020-11-20,10,TAPACHULA,785.92,572.46,16.91,196.55
2020-11-20,11,TAPACHULA,523.67,508.02,15.74,-.1
2020-11-20,12,TAPACHULA,525.44,508.51,17.02,-.09
2020-11-20,13,TAPACHULA,534.43,517.93,16.37,.13
2020-11-20,14,TAPACHULA,543.5,527.19,16.46,-.15
2020-11-20,15,TAPACHULA,506.46,488.18,18.19,.09
2020-11-20,16,TAPACHULA,542.38,516.69,27.86,-2.17
2020-11-20,17,TAPACHULA,742.36,716.26,35.69,-9.59
2020-11-20,18,TAPACHULA,1094.75,713.89,42.48,338.38
2020-11-20,19,TAPACHULA,1248.59,642.05,48.73,557.81
2020-11-20,20,TAPACHULA,816.97,775.56,54.32,-12.91
2020-11-20,21,TAPACHULA,782.13,745.21,48.02,-11.11
2020-11-20,22,TAPACHULA,764.12,731.84,42.83,-10.55
2020-11-20,23,TAPACHULA,769.92,738.53,42.56,-11.16
2020-11-20,24,TAPACHULA,547.5,523.19,26.71,-2.39
2020-11-20,1,TECAMACHALCO,572.27,558.19,14.01,.07
2020-11-20,2,TECAMACHALCO,506.65,496.57,10.03,.05
2020-11-20,3,TECAMACHALCO,483.55,474.31,9.24,0
2020-11-20,4,TECAMACHALCO,480.96,471.19,9.77,0
2020-11-20,5,TECAMACHALCO,482.56,472.53,10.03,0
2020-11-20,6,TECAMACHALCO,534.24,520.48,13.76,0
2020-11-20,7,TECAMACHALCO,548.01,536.46,11.53,.03
2020-11-20,8,TECAMACHALCO,562.96,552.32,10.57,.07
2020-11-20,9,TECAMACHALCO,730.81,706.49,24.32,0
2020-11-20,10,TECAMACHALCO,789.31,572.46,22.35,194.51
2020-11-20,11,TECAMACHALCO,529.72,508.02,21.77,-.07
2020-11-20,12,TECAMACHALCO,530.5,508.51,22.05,-.06
2020-11-20,13,TECAMACHALCO,539.22,517.93,21.13,.16
2020-11-20,14,TECAMACHALCO,549.08,527.19,22.02,-.13
2020-11-20,15,TECAMACHALCO,512.9,488.18,24.63,.09
2020-11-20,16,TECAMACHALCO,540.95,516.69,26.46,-2.2
2020-11-20,17,TECAMACHALCO,743.52,716.26,37.01,-9.75
2020-11-20,18,TECAMACHALCO,1080.11,713.89,31.66,334.57
2020-11-20,19,TECAMACHALCO,1225.5,642.05,31.45,552
2020-11-20,20,TECAMACHALCO,802.28,775.56,39.84,-13.12
2020-11-20,21,TECAMACHALCO,771.36,745.21,37.42,-11.28
2020-11-20,22,TECAMACHALCO,754.51,731.84,33.37,-10.7
2020-11-20,23,TECAMACHALCO,758.53,738.53,31.34,-11.34
2020-11-20,24,TECAMACHALCO,540.63,523.19,19.86,-2.42
2020-11-20,1,TEHUACAN,583.77,558.19,25.52,.07
2020-11-20,2,TEHUACAN,515.79,496.57,19.16,.05
2020-11-20,3,TEHUACAN,491.9,474.31,17.6,0
2020-11-20,4,TEHUACAN,489.42,471.19,18.22,0
2020-11-20,5,TEHUACAN,490.81,472.53,18.28,0
2020-11-20,6,TEHUACAN,544.48,520.48,24,0
2020-11-20,7,TEHUACAN,557.98,536.46,21.5,.03
2020-11-20,8,TEHUACAN,572.59,552.32,20.2,.07
2020-11-20,9,TEHUACAN,744.86,706.49,38.38,0
2020-11-20,10,TEHUACAN,811.87,572.46,34.3,205.12
2020-11-20,11,TEHUACAN,540.01,508.02,32.06,-.07
2020-11-20,12,TEHUACAN,540.69,508.51,32.24,-.06
2020-11-20,13,TEHUACAN,549.81,517.93,31.72,.16
2020-11-20,14,TEHUACAN,559.83,527.19,32.77,-.13
2020-11-20,15,TEHUACAN,522.38,488.18,34.11,.09
2020-11-20,16,TEHUACAN,551.87,516.69,37.35,-2.17
2020-11-20,17,TEHUACAN,758.04,716.26,51.36,-9.58
2020-11-20,18,TEHUACAN,1112.07,713.89,47.2,350.99
2020-11-20,19,TEHUACAN,1267.6,642.05,46.01,579.53
2020-11-20,20,TEHUACAN,819.79,775.56,57.1,-12.87
2020-11-20,21,TEHUACAN,787.85,745.22,53.71,-11.08
2020-11-20,22,TEHUACAN,770.04,731.84,48.72,-10.52
2020-11-20,23,TEHUACAN,773.59,738.53,46.2,-11.13
2020-11-20,24,TEHUACAN,551.13,523.19,30.32,-2.38
2020-11-20,1,TEHUANTEPEC,538.92,558.19,-19.33,.07
2020-11-20,2,TEHUANTEPEC,473.68,496.57,-22.95,.05
2020-11-20,3,TEHUANTEPEC,453.28,474.31,-21.03,0
2020-11-20,4,TEHUANTEPEC,454.66,471.19,-16.53,0
2020-11-20,5,TEHUANTEPEC,456.23,472.53,-16.3,0
2020-11-20,6,TEHUANTEPEC,515.57,520.48,-4.91,0
2020-11-20,7,TEHUANTEPEC,519.86,536.46,-16.63,.03
2020-11-20,8,TEHUANTEPEC,525.4,552.32,-26.99,.07
2020-11-20,9,TEHUANTEPEC,691.1,706.49,-15.39,0
2020-11-20,10,TEHUANTEPEC,755.17,572.46,-12.78,195.5
2020-11-20,11,TEHUANTEPEC,497.35,508.02,-10.61,-.07
2020-11-20,12,TEHUANTEPEC,499.58,508.51,-8.87,-.06
2020-11-20,13,TEHUANTEPEC,507.01,517.93,-11.07,.15
2020-11-20,14,TEHUANTEPEC,515.33,527.19,-11.74,-.13
2020-11-20,15,TEHUANTEPEC,479.25,488.18,-9.01,.09
2020-11-20,16,TEHUANTEPEC,508.9,516.69,-5.63,-2.16
2020-11-20,17,TEHUANTEPEC,693.83,716.26,-12.88,-9.55
2020-11-20,18,TEHUANTEPEC,1039.99,713.89,-10.57,336.68
2020-11-20,19,TEHUANTEPEC,1202.02,642.05,5.08,554.89
2020-11-20,20,TEHUANTEPEC,772.52,775.56,9.81,-12.85
2020-11-20,21,TEHUANTEPEC,745.21,745.21,11.05,-11.06
2020-11-20,22,TEHUANTEPEC,728.2,731.84,6.86,-10.51
2020-11-20,23,TEHUANTEPEC,733.33,738.53,5.92,-11.12
2020-11-20,24,TEHUANTEPEC,522.28,523.19,1.47,-2.38
2020-11-20,1,TEPIC VALLARTA,575.71,558.19,18.17,-.65
2020-11-20,2,TEPIC VALLARTA,508.44,496.57,12.37,-.51
2020-11-20,3,TEPIC VALLARTA,482.64,474.31,8.33,0
2020-11-20,4,TEPIC VALLARTA,477.46,471.19,6.27,0
2020-11-20,5,TEPIC VALLARTA,476.97,472.53,4.45,0
2020-11-20,6,TEPIC VALLARTA,526.1,520.48,5.62,0
2020-11-20,7,TEPIC VALLARTA,543.58,536.46,7.4,-.28
2020-11-20,8,TEPIC VALLARTA,560.46,552.32,8.81,-.67
2020-11-20,9,TEPIC VALLARTA,704.67,706.49,-1.82,0
2020-11-20,10,TEPIC VALLARTA,598.19,572.46,-2.62,28.36
2020-11-20,11,TEPIC VALLARTA,508.23,508.02,-2.1,2.31
2020-11-20,12,TEPIC VALLARTA,510.24,508.51,-.33,2.05
2020-11-20,13,TEPIC VALLARTA,515.6,517.93,1.83,-4.16
2020-11-20,14,TEPIC VALLARTA,533.7,527.19,2.77,3.74
2020-11-20,15,TEPIC VALLARTA,480.29,488.18,-5.48,-2.41
2020-11-20,16,TEPIC VALLARTA,510.92,516.69,.03,-5.8
2020-11-20,17,TEPIC VALLARTA,717.08,716.26,6.04,-5.22
2020-11-20,18,TEPIC VALLARTA,760.73,713.89,13.06,33.79
2020-11-20,19,TEPIC VALLARTA,713.24,642.05,1.93,69.26
2020-11-20,20,TEPIC VALLARTA,757.58,775.56,1.78,-19.76
2020-11-20,21,TEPIC VALLARTA,728.7,745.21,.51,-17.02
2020-11-20,22,TEPIC VALLARTA,723,731.84,7.26,-16.1
2020-11-20,23,TEPIC VALLARTA,740.48,738.53,19.01,-17.06
2020-11-20,24,TEPIC VALLARTA,528.5,523.19,8.98,-3.67
2020-11-20,1,TEZIUTLAN,557.67,558.19,-.63,.11
2020-11-20,2,TEZIUTLAN,497.98,496.57,1.32,.08
2020-11-20,3,TEZIUTLAN,475.96,474.31,1.65,0
2020-11-20,4,TEZIUTLAN,473.32,471.19,2.13,0
2020-11-20,5,TEZIUTLAN,474.67,472.53,2.15,0
2020-11-20,6,TEZIUTLAN,521.21,520.48,.73,0
2020-11-20,7,TEZIUTLAN,535.16,536.46,-1.35,.05
2020-11-20,8,TEZIUTLAN,550.18,552.32,-2.25,.11
2020-11-20,9,TEZIUTLAN,710.08,706.48,3.6,0
2020-11-20,10,TEZIUTLAN,675.17,572.46,3.47,99.25
2020-11-20,11,TEZIUTLAN,516.18,508.02,8.3,-.14
2020-11-20,12,TEZIUTLAN,515.62,508.51,7.23,-.12
2020-11-20,13,TEZIUTLAN,522.96,517.93,4.73,.3
2020-11-20,14,TEZIUTLAN,532.17,527.19,5.22,-.25
2020-11-20,15,TEZIUTLAN,499.8,488.18,11.45,.17
2020-11-20,16,TEZIUTLAN,523.13,516.69,9.56,-3.12
2020-11-20,17,TEZIUTLAN,718.08,716.26,15.93,-14.1
2020-11-20,18,TEZIUTLAN,887.52,713.89,9.77,163.86
2020-11-20,19,TEZIUTLAN,930.24,642.05,10.51,277.67
2020-11-20,20,TEZIUTLAN,773.5,775.56,16.44,-18.5
2020-11-20,21,TEZIUTLAN,746.39,745.22,17.11,-15.94
2020-11-20,22,TEZIUTLAN,730.05,731.84,13.37,-15.17
2020-11-20,23,TEZIUTLAN,734.29,738.53,11.76,-16
2020-11-20,24,TEZIUTLAN,526.32,523.19,6.56,-3.43
2020-11-20,1,TICUL,601.19,558.19,42.93,.07
2020-11-20,2,TICUL,530.67,496.57,34.04,.05
2020-11-20,3,TICUL,503.58,474.31,29.27,0
2020-11-20,4,TICUL,500.68,471.19,29.48,0
2020-11-20,5,TICUL,501.19,472.53,28.66,0
2020-11-20,6,TICUL,559.9,520.48,39.42,0
2020-11-20,7,TICUL,564.46,536.46,27.98,.03
2020-11-20,8,TICUL,575.33,552.32,22.95,.07
2020-11-20,9,TICUL,756.5,706.49,50.01,0
2020-11-20,10,TICUL,901.51,572.46,49.35,279.7
2020-11-20,11,TICUL,648.35,508.02,44.74,95.58
2020-11-20,12,TICUL,650.77,508.51,46.8,95.46
2020-11-20,13,TICUL,658.15,517.93,44.97,95.26
2020-11-20,14,TICUL,668.65,527.19,47.09,94.37
2020-11-20,15,TICUL,536.03,488.18,47.76,.09
2020-11-20,16,TICUL,566.81,516.69,52.29,-2.17
2020-11-20,17,TICUL,779.36,716.26,72.69,-9.6
2020-11-20,18,TICUL,1129.89,713.89,77.54,338.46
2020-11-20,19,TICUL,1269.68,642.05,69.69,557.94
2020-11-20,20,TICUL,841.96,775.56,79.32,-12.91
2020-11-20,21,TICUL,805.87,745.22,71.77,-11.11
2020-11-20,22,TICUL,802.81,731.84,81.53,-10.56
2020-11-20,23,TICUL,807.73,738.53,80.37,-11.17
2020-11-20,24,TICUL,571.19,523.19,50.4,-2.39
2020-11-20,1,TLAXCALA,571.22,558.19,12.96,.07
2020-11-20,2,TLAXCALA,507.14,496.57,10.51,.06
2020-11-20,3,TLAXCALA,484.55,474.31,10.24,0
2020-11-20,4,TLAXCALA,481.52,471.19,10.33,0
2020-11-20,5,TLAXCALA,483.5,472.53,10.97,0
2020-11-20,6,TLAXCALA,533.39,520.48,12.91,0
2020-11-20,7,TLAXCALA,547.7,536.46,11.22,.03
2020-11-20,8,TLAXCALA,562.91,552.32,10.52,.07
2020-11-20,9,TLAXCALA,728.4,706.49,21.91,0
2020-11-20,10,TLAXCALA,787.45,572.46,20.05,194.95
2020-11-20,11,TLAXCALA,527.6,508.02,19.65,-.08
2020-11-20,12,TLAXCALA,528.46,508.51,20.02,-.06
2020-11-20,13,TLAXCALA,536.81,517.93,18.71,.17
2020-11-20,14,TLAXCALA,547.2,527.19,20.15,-.14
2020-11-20,15,TLAXCALA,511.69,488.18,23.41,.1
2020-11-20,16,TLAXCALA,539.13,516.69,24.67,-2.23
2020-11-20,17,TLAXCALA,741.73,716.26,35.36,-9.89
2020-11-20,18,TLAXCALA,1071.52,713.89,27.84,329.79
2020-11-20,19,TLAXCALA,1220.95,642.05,27.38,551.52
2020-11-20,20,TLAXCALA,797.9,775.56,35.55,-13.2
2020-11-20,21,TLAXCALA,768.12,745.21,34.27,-11.37
2020-11-20,22,TLAXCALA,752.12,731.84,31.07,-10.79
2020-11-20,23,TLAXCALA,756.39,738.53,29.3,-11.43
2020-11-20,24,TLAXCALA,540.03,523.19,19.29,-2.45
2020-11-20,1,TUXTLA,576.15,558.19,17.9,.07
2020-11-20,2,TUXTLA,509.27,496.57,12.64,.05
2020-11-20,3,TUXTLA,485.24,474.31,10.93,0
2020-11-20,4,TUXTLA,483.91,471.19,12.72,0
2020-11-20,5,TUXTLA,485.09,472.53,12.56,0
2020-11-20,6,TUXTLA,541.47,520.48,20.99,0
2020-11-20,7,TUXTLA,547.29,536.46,10.81,.03
2020-11-20,8,TUXTLA,555.07,552.32,2.68,.07
2020-11-20,9,TUXTLA,726.49,706.49,20.01,0
2020-11-20,10,TUXTLA,787.66,572.46,18.37,196.84
2020-11-20,11,TUXTLA,525.25,508.02,17.21,.02
2020-11-20,12,TUXTLA,527.3,508.51,18.77,.02
2020-11-20,13,TUXTLA,535.49,517.93,17.33,.23
2020-11-20,14,TUXTLA,545.11,527.19,17.97,-.05
2020-11-20,15,TUXTLA,508.78,488.18,20.51,.09
2020-11-20,16,TUXTLA,539.31,516.69,24.79,-2.17
2020-11-20,17,TUXTLA,738.94,716.26,32.27,-9.59
2020-11-20,18,TUXTLA,1087.29,713.89,35.01,338.39
2020-11-20,19,TUXTLA,1239.19,642.05,39.31,557.83
2020-11-20,20,TUXTLA,806.94,775.56,44.29,-12.91
2020-11-20,21,TUXTLA,773.09,745.21,38.98,-11.11
2020-11-20,22,TUXTLA,759.11,731.84,37.82,-10.55
2020-11-20,23,TUXTLA,766.22,738.53,38.87,-11.17
2020-11-20,24,TUXTLA,544.54,523.19,23.75,-2.39
2020-11-20,1,URUAPAN,580.98,558.19,22.95,-.15
2020-11-20,2,URUAPAN,513.83,496.57,17.38,-.12
2020-11-20,3,URUAPAN,489.15,474.31,14.84,0
2020-11-20,4,URUAPAN,484.25,471.19,13.05,0
2020-11-20,5,URUAPAN,485.87,472.53,13.34,0
2020-11-20,6,URUAPAN,537.18,520.48,16.7,0
2020-11-20,7,URUAPAN,555.64,536.46,19.25,-.07
2020-11-20,8,URUAPAN,574.91,552.32,22.75,-.16
2020-11-20,9,URUAPAN,736.52,706.49,30.03,0
2020-11-20,10,URUAPAN,628.54,572.46,26.17,29.92
2020-11-20,11,URUAPAN,531.26,508.02,22.88,.36
2020-11-20,12,URUAPAN,533.48,508.51,24.65,.32
2020-11-20,13,URUAPAN,543.4,517.93,26.16,-.69
2020-11-20,14,URUAPAN,555.38,527.19,27.59,.6
2020-11-20,15,URUAPAN,510.74,488.18,22.96,-.39
2020-11-20,16,URUAPAN,543.56,516.69,25.32,1.54
2020-11-20,17,URUAPAN,764.78,716.26,39.13,9.39
2020-11-20,18,URUAPAN,814.57,713.89,33.57,67.11
2020-11-20,19,URUAPAN,770.47,642.05,27.3,101.12
2020-11-20,20,URUAPAN,824.28,775.56,37.92,10.8
2020-11-20,21,URUAPAN,789.33,745.22,34.81,9.3
2020-11-20,22,URUAPAN,775.03,731.84,34.35,8.85
2020-11-20,23,URUAPAN,784.11,738.53,36.22,9.36
2020-11-20,24,URUAPAN,547.01,523.19,21.82,2
2020-11-20,1,VDM CENTRO,578.27,558.19,20.03,.05
2020-11-20,2,VDM CENTRO,512.41,496.57,15.8,.04
2020-11-20,3,VDM CENTRO,488.86,474.31,14.55,0
2020-11-20,4,VDM CENTRO,485.55,471.19,14.36,0
2020-11-20,5,VDM CENTRO,487.25,472.53,14.72,0
2020-11-20,6,VDM CENTRO,538.1,520.48,17.62,0
2020-11-20,7,VDM CENTRO,554.44,536.46,17.96,.02
2020-11-20,8,VDM CENTRO,570.97,552.32,18.6,.05
2020-11-20,9,VDM CENTRO,738.48,706.49,32,0
2020-11-20,10,VDM CENTRO,743.05,572.46,28.54,142.05
2020-11-20,11,VDM CENTRO,534.51,508.02,26.53,-.04
2020-11-20,12,VDM CENTRO,535.83,508.51,27.35,-.03
2020-11-20,13,VDM CENTRO,545.03,517.93,27,.09
2020-11-20,14,VDM CENTRO,555.04,527.19,27.93,-.07
2020-11-20,15,VDM CENTRO,518.11,488.18,29.88,.05
2020-11-20,16,VDM CENTRO,546.82,516.69,31.88,-1.75
2020-11-20,17,VDM CENTRO,753.24,716.26,44.56,-7.58
2020-11-20,18,VDM CENTRO,987.96,713.89,36.58,237.49
2020-11-20,19,VDM CENTRO,1072.54,642.05,35.16,395.33
2020-11-20,20,VDM CENTRO,810.49,775.56,45.31,-10.37
2020-11-20,21,VDM CENTRO,780.34,745.22,44.06,-8.93
2020-11-20,22,VDM CENTRO,764.6,731.84,41.25,-8.48
2020-11-20,23,VDM CENTRO,769.02,738.53,39.47,-8.98
2020-11-20,24,VDM CENTRO,547.15,523.19,25.89,-1.92
2020-11-20,1,VDM NORTE,577.59,558.19,19.35,.05
2020-11-20,2,VDM NORTE,512.15,496.57,15.54,.04
2020-11-20,3,VDM NORTE,488.67,474.31,14.37,0
2020-11-20,4,VDM NORTE,485.45,471.19,14.25,0
2020-11-20,5,VDM NORTE,487.15,472.53,14.63,0
2020-11-20,6,VDM NORTE,537.69,520.48,17.21,0
2020-11-20,7,VDM NORTE,553.97,536.46,17.49,.02
2020-11-20,8,VDM NORTE,570.26,552.32,17.89,.05
2020-11-20,9,VDM NORTE,737.06,706.49,30.57,0
2020-11-20,10,VDM NORTE,704.72,572.46,26.99,105.27
2020-11-20,11,VDM NORTE,532.66,508.02,24.68,-.04
2020-11-20,12,VDM NORTE,533.87,508.51,25.39,-.03
2020-11-20,13,VDM NORTE,543.03,517.93,25.01,.09
2020-11-20,14,VDM NORTE,552.9,527.19,25.78,-.07
2020-11-20,15,VDM NORTE,515.92,488.18,27.69,.05
2020-11-20,16,VDM NORTE,544.43,516.69,29.44,-1.71
2020-11-20,17,VDM NORTE,750.03,716.26,41.16,-7.39
2020-11-20,18,VDM NORTE,919.34,713.89,33.11,172.34
2020-11-20,19,VDM NORTE,958.67,642.05,31.65,284.96
2020-11-20,20,VDM NORTE,806.44,775.56,40.97,-10.09
2020-11-20,21,VDM NORTE,776.61,745.22,40.08,-8.69
2020-11-20,22,VDM NORTE,761.15,731.84,37.56,-8.25
2020-11-20,23,VDM NORTE,766.34,738.53,36.54,-8.73
2020-11-20,24,VDM NORTE,545.69,523.19,24.38,-1.87
2020-11-20,1,VDM SUR,582,558.19,23.77,.05
2020-11-20,2,VDM SUR,515.76,496.57,19.15,.04
2020-11-20,3,VDM SUR,492.08,474.31,17.77,0
2020-11-20,4,VDM SUR,488.7,471.19,17.51,0
2020-11-20,5,VDM SUR,490.45,472.53,17.93,0
2020-11-20,6,VDM SUR,541.68,520.48,21.2,0
2020-11-20,7,VDM SUR,558.02,536.46,21.55,.02
2020-11-20,8,VDM SUR,574.65,552.32,22.29,.05
2020-11-20,9,VDM SUR,743.08,706.49,36.59,0
2020-11-20,10,VDM SUR,744.35,572.46,32.43,139.46
2020-11-20,11,VDM SUR,537.67,508.02,29.68,-.03
2020-11-20,12,VDM SUR,538.97,508.51,30.48,-.02
2020-11-20,13,VDM SUR,548.28,517.93,30.28,.08
2020-11-20,14,VDM SUR,558.39,527.19,31.26,-.06
2020-11-20,15,VDM SUR,520.93,488.18,32.7,.04
2020-11-20,16,VDM SUR,549.65,516.69,34.65,-1.7
2020-11-20,17,VDM SUR,757.75,716.26,48.78,-7.29
2020-11-20,18,VDM SUR,994.63,713.89,40.44,240.3
2020-11-20,19,VDM SUR,1079.44,642.05,38.31,399.07
2020-11-20,20,VDM SUR,814.93,775.56,49.4,-10.02
2020-11-20,21,VDM SUR,784.46,745.22,47.87,-8.63
2020-11-20,22,VDM SUR,768.83,731.84,45.18,-8.19
2020-11-20,23,VDM SUR,773.6,738.53,43.73,-8.66
2020-11-20,24,VDM SUR,550.16,523.19,28.82,-1.85
2020-11-20,1,VERACRUZ,564.43,558.19,6.17,.08
2020-11-20,2,VERACRUZ,500.08,496.57,3.44,.06
2020-11-20,3,VERACRUZ,477.29,474.31,2.98,0
2020-11-20,4,VERACRUZ,474.96,471.19,3.76,0
2020-11-20,5,VERACRUZ,476.25,472.53,3.73,0
2020-11-20,6,VERACRUZ,526.21,520.48,5.73,0
2020-11-20,7,VERACRUZ,538.61,536.46,2.12,.04
2020-11-20,8,VERACRUZ,551.56,552.32,-.84,.08
2020-11-20,9,VERACRUZ,715.51,706.49,9.03,0
2020-11-20,10,VERACRUZ,744.46,572.46,9.92,162.09
2020-11-20,11,VERACRUZ,518.5,508.02,10.57,-.09
2020-11-20,12,VERACRUZ,519.68,508.51,11.25,-.08
2020-11-20,13,VERACRUZ,528.12,517.93,9.99,.21
2020-11-20,14,VERACRUZ,537.32,527.19,10.29,-.17
2020-11-20,15,VERACRUZ,502.03,488.18,13.74,.12
2020-11-20,16,VERACRUZ,529.17,516.69,14.98,-2.51
2020-11-20,17,VERACRUZ,725.79,716.26,20.7,-11.17
2020-11-20,18,VERACRUZ,1007.27,713.89,16.92,276.46
2020-11-20,19,VERACRUZ,1125.65,642.05,19.85,463.75
2020-11-20,20,VERACRUZ,786.54,775.56,25.71,-14.72
2020-11-20,21,VERACRUZ,756.5,745.22,23.98,-12.69
2020-11-20,22,VERACRUZ,741.09,731.84,21.32,-12.06
2020-11-20,23,VERACRUZ,745.14,738.53,19.37,-12.76
2020-11-20,24,VERACRUZ,532.72,523.19,12.27,-2.74
2020-11-20,1,VICTORIA,512.45,558.19,-46.57,.84
2020-11-20,2,VICTORIA,459.43,496.57,-37.8,.65
2020-11-20,3,VICTORIA,439.46,474.31,-34.85,0
2020-11-20,4,VICTORIA,438.68,471.19,-32.52,0
2020-11-20,5,VICTORIA,439.43,472.53,-33.1,0
2020-11-20,6,VICTORIA,483.84,520.48,-36.64,0
2020-11-20,7,VICTORIA,498.7,536.46,-38.12,.36
2020-11-20,8,VICTORIA,513.59,552.32,-39.58,.85
2020-11-20,9,VICTORIA,648.38,706.49,-58.11,0
2020-11-20,10,VICTORIA,542.31,572.46,-49.15,19
2020-11-20,11,VICTORIA,465.15,508.02,-41.65,-1.23
2020-11-20,12,VICTORIA,465.62,508.51,-41.82,-1.07
2020-11-20,13,VICTORIA,478.21,517.93,-42.31,2.59
2020-11-20,14,VICTORIA,481.1,527.19,-43.93,-2.16
2020-11-20,15,VICTORIA,445.52,488.18,-44.11,1.45
2020-11-20,16,VICTORIA,444.53,516.69,-48.45,-23.71
2020-11-20,17,VICTORIA,535.74,716.26,-71.96,-108.56
2020-11-20,18,VICTORIA,555.9,713.89,-66.29,-91.71
2020-11-20,19,VICTORIA,534.72,642.05,-62.42,-44.91
2020-11-20,20,VICTORIA,557.82,775.56,-75.55,-142.18
2020-11-20,21,VICTORIA,549.88,745.22,-72.96,-122.37
2020-11-20,22,VICTORIA,544.66,731.84,-70.92,-116.25
2020-11-20,23,VICTORIA,545.58,738.53,-69.95,-123
2020-11-20,24,VICTORIA,448.82,523.19,-48.04,-26.33
2020-11-20,1,VILLAHERMOSA,573.72,558.19,15.46,.07
2020-11-20,2,VILLAHERMOSA,506.35,496.57,9.72,.05
2020-11-20,3,VILLAHERMOSA,481.65,474.31,7.34,0
2020-11-20,4,VILLAHERMOSA,479.78,471.19,8.59,0
2020-11-20,5,VILLAHERMOSA,480.51,472.53,7.98,0
2020-11-20,6,VILLAHERMOSA,535.98,520.48,15.5,0
2020-11-20,7,VILLAHERMOSA,540.87,536.46,4.39,.03
2020-11-20,8,VILLAHERMOSA,549.01,552.32,-3.38,.07
2020-11-20,9,VILLAHERMOSA,719.52,706.49,13.03,0
2020-11-20,10,VILLAHERMOSA,784.39,572.46,13.21,198.72
2020-11-20,11,VILLAHERMOSA,522.84,508.02,12.65,2.17
2020-11-20,12,VILLAHERMOSA,525.28,508.51,14.59,2.18
2020-11-20,13,VILLAHERMOSA,533.32,517.93,13,2.39
2020-11-20,14,VILLAHERMOSA,543.05,527.19,13.77,2.09
2020-11-20,15,VILLAHERMOSA,505.57,488.18,17.31,.09
2020-11-20,16,VILLAHERMOSA,535.22,516.69,20.7,-2.17
2020-11-20,17,VILLAHERMOSA,733.53,716.26,26.86,-9.6
2020-11-20,18,VILLAHERMOSA,1081.93,713.89,29.58,338.46
2020-11-20,19,VILLAHERMOSA,1234.21,642.05,34.22,557.94
2020-11-20,20,VILLAHERMOSA,801.83,775.56,39.18,-12.91
2020-11-20,21,VILLAHERMOSA,768.62,745.21,34.52,-11.11
2020-11-20,22,VILLAHERMOSA,757.7,731.84,36.42,-10.56
2020-11-20,23,VILLAHERMOSA,764.24,738.53,36.89,-11.17
2020-11-20,24,VILLAHERMOSA,542.7,523.19,21.9,-2.39
2020-11-20,1,XALAPA,561.53,558.19,3.24,.1
2020-11-20,2,XALAPA,501.5,496.57,4.85,.08
2020-11-20,3,XALAPA,479.35,474.31,5.04,0
2020-11-20,4,XALAPA,476.55,471.19,5.35,0
2020-11-20,5,XALAPA,478.55,472.53,6.02,0
2020-11-20,6,XALAPA,525.94,520.48,5.46,0
2020-11-20,7,XALAPA,539.3,536.46,2.8,.04
2020-11-20,8,XALAPA,555.01,552.32,2.59,.1
2020-11-20,9,XALAPA,717.94,706.49,11.46,0
2020-11-20,10,XALAPA,699.2,572.46,11.34,115.41
2020-11-20,11,XALAPA,523.56,508.02,15.67,-.13
2020-11-20,12,XALAPA,523.03,508.51,14.63,-.11
2020-11-20,13,XALAPA,529.78,517.93,11.57,.28
2020-11-20,14,XALAPA,539.23,527.19,12.27,-.23
2020-11-20,15,XALAPA,506.78,488.18,18.45,.16
2020-11-20,16,XALAPA,530.75,516.69,17.02,-2.97
2020-11-20,17,XALAPA,730.37,716.26,27.51,-13.41
2020-11-20,18,XALAPA,923.68,713.89,19.01,190.78
2020-11-20,19,XALAPA,984.45,642.05,19.75,322.64
2020-11-20,20,XALAPA,784.8,775.56,26.88,-17.63
2020-11-20,21,XALAPA,755.61,745.22,25.58,-15.18
2020-11-20,22,XALAPA,738.64,731.84,21.21,-14.42
2020-11-20,23,XALAPA,743.28,738.53,19.99,-15.23
2020-11-20,24,XALAPA,532.49,523.19,12.56,-3.25
2020-11-20,1,ZACAPU,578.1,558.19,20.07,-.16
2020-11-20,2,ZACAPU,511.8,496.57,15.35,-.12
2020-11-20,3,ZACAPU,487.57,474.31,13.26,0
2020-11-20,4,ZACAPU,482.86,471.19,11.67,0
2020-11-20,5,ZACAPU,484.61,472.53,12.08,0
2020-11-20,6,ZACAPU,535.64,520.48,15.16,0
2020-11-20,7,ZACAPU,553.64,536.46,17.25,-.07
2020-11-20,8,ZACAPU,571.71,552.32,19.55,-.16
2020-11-20,9,ZACAPU,731.24,706.49,24.76,0
2020-11-20,10,ZACAPU,622.97,572.46,21.17,29.34
2020-11-20,11,ZACAPU,526.08,508.02,17.69,.37
2020-11-20,12,ZACAPU,528,508.51,19.16,.32
2020-11-20,13,ZACAPU,537.15,517.93,19.92,-.7
2020-11-20,14,ZACAPU,548.72,527.19,20.92,.61
2020-11-20,15,ZACAPU,504.77,488.18,16.99,-.4
2020-11-20,16,ZACAPU,536.66,516.69,18.36,1.6
2020-11-20,17,ZACAPU,756.05,716.26,30.12,9.66
2020-11-20,18,ZACAPU,805.42,713.89,25.16,66.38
2020-11-20,19,ZACAPU,761.2,642.05,19.46,99.69
2020-11-20,20,ZACAPU,814.76,775.56,28.06,11.14
2020-11-20,21,ZACAPU,781.35,745.21,26.54,9.59
2020-11-20,22,ZACAPU,768.33,731.84,27.37,9.13
2020-11-20,23,ZACAPU,777.98,738.53,29.8,9.66
2020-11-20,24,ZACAPU,543.44,523.19,18.19,2.07
2020-11-20,1,ZACATECAS,571.89,558.19,13.98,-.28
2020-11-20,2,ZACATECAS,507.49,496.57,11.13,-.22
2020-11-20,3,ZACATECAS,483.58,474.31,9.28,0
2020-11-20,4,ZACATECAS,480.71,471.19,9.52,0
2020-11-20,5,ZACATECAS,481.57,472.53,9.04,0
2020-11-20,6,ZACATECAS,532.44,520.48,11.96,0
2020-11-20,7,ZACATECAS,550.55,536.46,14.22,-.12
2020-11-20,8,ZACATECAS,566.84,552.32,14.8,-.28
2020-11-20,9,ZACATECAS,712.73,706.49,6.25,0
2020-11-20,10,ZACATECAS,593.65,572.46,1.56,19.63
2020-11-20,11,ZACATECAS,509.74,508.02,1.68,.04
2020-11-20,12,ZACATECAS,510.64,508.51,2.1,.03
2020-11-20,13,ZACATECAS,520.86,517.93,3.21,-.28
2020-11-20,14,ZACATECAS,530.83,527.19,3.5,.14
2020-11-20,15,ZACATECAS,486.16,488.18,-1.9,-.13
2020-11-20,16,ZACATECAS,522.57,516.69,-.53,6.41
2020-11-20,17,ZACATECAS,743.91,716.26,2.58,25.07
2020-11-20,18,ZACATECAS,805.73,713.89,15.6,76.24
2020-11-20,19,ZACATECAS,752.49,642.05,15.07,95.36
2020-11-20,20,ZACATECAS,831.83,775.56,18.7,37.57
2020-11-20,21,ZACATECAS,793.84,745.21,16.3,32.32
2020-11-20,22,ZACATECAS,777.62,731.84,15.45,30.33
2020-11-20,23,ZACATECAS,786.88,738.53,16.78,31.57
2020-11-20,24,ZACATECAS,538.68,523.19,8.57,6.92
2020-11-20,1,ZAMORA,581.55,558.19,23.54,-.18
2020-11-20,2,ZAMORA,514.72,496.57,18.29,-.14
2020-11-20,3,ZAMORA,490.19,474.31,15.88,0
2020-11-20,4,ZAMORA,485.61,471.19,14.42,0
2020-11-20,5,ZAMORA,487.15,472.53,14.62,0
2020-11-20,6,ZAMORA,538.55,520.48,18.07,0
2020-11-20,7,ZAMORA,557.39,536.46,21.01,-.08
2020-11-20,8,ZAMORA,576.45,552.32,24.32,-.19
2020-11-20,9,ZAMORA,736.25,706.49,29.77,0
2020-11-20,10,ZAMORA,626.68,572.46,25.1,29.13
2020-11-20,11,ZAMORA,529.68,508.02,21.22,.44
2020-11-20,12,ZAMORA,531.87,508.51,22.97,.39
2020-11-20,13,ZAMORA,541.27,517.93,24.17,-.83
2020-11-20,14,ZAMORA,553.1,527.19,25.17,.73
2020-11-20,15,ZAMORA,507.67,488.18,19.96,-.48
2020-11-20,16,ZAMORA,541.22,516.69,22.85,1.67
2020-11-20,17,ZAMORA,762.37,716.26,35.53,10.58
2020-11-20,18,ZAMORA,813.18,713.89,31.88,67.41
2020-11-20,19,ZAMORA,766.9,642.05,24.1,100.75
2020-11-20,20,ZAMORA,820.26,775.56,32.77,11.94
2020-11-20,21,ZAMORA,785.27,745.22,29.78,10.28
2020-11-20,22,ZAMORA,772.08,731.84,30.45,9.79
2020-11-20,23,ZAMORA,782.97,738.53,34.08,10.36
2020-11-20,24,ZAMORA,546.39,523.19,20.98,2.22
2020-11-20,1,ZAPOTLAN,576.7,558.19,18.82,-.31
2020-11-20,2,ZAPOTLAN,510.42,496.57,14.09,-.24
2020-11-20,3,ZAPOTLAN,485.99,474.31,11.68,0
2020-11-20,4,ZAPOTLAN,481.42,471.19,10.22,0
2020-11-20,5,ZAPOTLAN,482.19,472.53,9.67,0
2020-11-20,6,ZAPOTLAN,532.68,520.48,12.2,0
2020-11-20,7,ZAPOTLAN,550.95,536.46,14.62,-.13
2020-11-20,8,ZAPOTLAN,571.48,552.32,19.48,-.31
2020-11-20,9,ZAPOTLAN,727.91,706.49,21.43,0
2020-11-20,10,ZAPOTLAN,618.13,572.46,17.28,28.4
2020-11-20,11,ZAPOTLAN,524.13,508.02,15.24,.87
2020-11-20,12,ZAPOTLAN,525.43,508.51,16.15,.77
2020-11-20,13,ZAPOTLAN,533.98,517.93,17.66,-1.61
2020-11-20,14,ZAPOTLAN,547.19,527.19,18.58,1.43
2020-11-20,15,ZAPOTLAN,499,488.18,11.75,-.93
2020-11-20,16,ZAPOTLAN,532.14,516.69,14.55,.9
2020-11-20,17,ZAPOTLAN,750.79,716.26,23.7,10.83
2020-11-20,18,ZAPOTLAN,804.5,713.89,24.15,66.47
2020-11-20,19,ZAPOTLAN,758.33,642.05,15.46,100.82
2020-11-20,20,ZAPOTLAN,805.87,775.56,20.52,9.8
2020-11-20,21,ZAPOTLAN,771.05,745.22,17.4,8.44
2020-11-20,22,ZAPOTLAN,759.13,731.84,19.23,8.05
2020-11-20,23,ZAPOTLAN,772.03,738.53,24.98,8.53
2020-11-20,24,ZAPOTLAN,539.45,523.19,14.43,1.83
2020-11-20,1,ZIHUATANEJO,601.87,558.19,43.73,-.05
2020-11-20,2,ZIHUATANEJO,531.93,496.57,35.39,-.04
2020-11-20,3,ZIHUATANEJO,506.65,474.31,32.34,0
2020-11-20,4,ZIHUATANEJO,500.37,471.19,29.17,0
2020-11-20,5,ZIHUATANEJO,502.87,472.53,30.34,0
2020-11-20,6,ZIHUATANEJO,556.21,520.48,35.73,0
2020-11-20,7,ZIHUATANEJO,572.5,536.46,36.07,-.02
2020-11-20,8,ZIHUATANEJO,588.47,552.32,36.2,-.05
2020-11-20,9,ZIHUATANEJO,758.25,706.49,51.76,0
2020-11-20,10,ZIHUATANEJO,711.77,572.46,46.84,92.47
2020-11-20,11,ZIHUATANEJO,550.49,508.02,42.32,.15
2020-11-20,12,ZIHUATANEJO,552.63,508.51,43.99,.13
2020-11-20,13,ZIHUATANEJO,561.9,517.93,44.23,-.26
2020-11-20,14,ZIHUATANEJO,574.44,527.19,47.02,.24
2020-11-20,15,ZIHUATANEJO,534.03,488.18,46,-.15
2020-11-20,16,ZIHUATANEJO,559.04,516.69,43.02,-.67
2020-11-20,17,ZIHUATANEJO,781.86,716.26,67.16,-1.57
2020-11-20,18,ZIHUATANEJO,934.38,713.89,51.06,169.43
2020-11-20,19,ZIHUATANEJO,963.69,642.05,42.36,279.28
2020-11-20,20,ZIHUATANEJO,832.4,775.56,60.05,-3.21
2020-11-20,21,ZIHUATANEJO,800.46,745.21,57.99,-2.75
2020-11-20,22,ZIHUATANEJO,789.49,731.84,60.26,-2.61
2020-11-20,23,ZIHUATANEJO,800.15,738.53,64.41,-2.79
2020-11-20,24,ZIHUATANEJO,566.26,523.19,43.66,-.59
2020-11-21,1,ACAPULCO,529.42,474.39,55.03,0
2020-11-21,2,ACAPULCO,513.62,461.94,51.68,0
2020-11-21,3,ACAPULCO,495.07,447.34,47.73,0
2020-11-21,4,ACAPULCO,485.35,440.86,44.49,0
2020-11-21,5,ACAPULCO,483.05,439.99,43.06,0
2020-11-21,6,ACAPULCO,489.21,444.86,44.35,0
2020-11-21,7,ACAPULCO,504.65,458.1,46.55,0
2020-11-21,8,ACAPULCO,506.11,460.21,45.9,0
2020-11-21,9,ACAPULCO,504.07,456.24,47.83,0
2020-11-21,10,ACAPULCO,515.35,465.67,50.56,-.87
2020-11-21,11,ACAPULCO,524.56,472.45,53.29,-1.17
2020-11-21,12,ACAPULCO,533.58,479.88,55.34,-1.64
2020-11-21,13,ACAPULCO,551.03,495.84,57.19,-2
2020-11-21,14,ACAPULCO,523.86,472.27,52.79,-1.21
2020-11-21,15,ACAPULCO,526.86,473.59,54.69,-1.41
2020-11-21,16,ACAPULCO,518.74,465.99,54.01,-1.26
2020-11-21,17,ACAPULCO,527.1,473.95,54.24,-1.09
2020-11-21,18,ACAPULCO,539.87,485.69,54.18,0
2020-11-21,19,ACAPULCO,563.43,505.15,58.28,0
2020-11-21,20,ACAPULCO,564.27,502.87,61.41,0
2020-11-21,21,ACAPULCO,567.3,504.22,63.08,0
2020-11-21,22,ACAPULCO,571.32,508.51,62.81,0
2020-11-21,23,ACAPULCO,571.81,508.27,63.54,0
2020-11-21,24,ACAPULCO,549.47,489.65,59.82,0
2020-11-21,1,AGUASCALIENTES,473.23,474.39,-1.16,0
2020-11-21,2,AGUASCALIENTES,459.17,461.94,-2.77,0
2020-11-21,3,AGUASCALIENTES,445.15,447.34,-2.19,0
2020-11-21,4,AGUASCALIENTES,438.91,440.86,-1.96,0
2020-11-21,5,AGUASCALIENTES,438.62,439.99,-1.37,0
2020-11-21,6,AGUASCALIENTES,443.3,444.86,-1.56,0
2020-11-21,7,AGUASCALIENTES,457.43,458.1,-.66,0
2020-11-21,8,AGUASCALIENTES,458.95,460.21,-1.26,0
2020-11-21,9,AGUASCALIENTES,449.35,456.24,-6.89,0
2020-11-21,10,AGUASCALIENTES,466.71,465.67,-6.5,7.54
2020-11-21,11,AGUASCALIENTES,475.54,472.45,-7.02,10.12
2020-11-21,12,AGUASCALIENTES,488.32,479.88,-5.72,14.16
2020-11-21,13,AGUASCALIENTES,506.89,495.84,-6.16,17.21
2020-11-21,14,AGUASCALIENTES,476.3,472.27,-6.38,10.41
2020-11-21,15,AGUASCALIENTES,480.96,473.59,-4.82,12.19
2020-11-21,16,AGUASCALIENTES,471.43,465.99,-5.41,10.84
2020-11-21,17,AGUASCALIENTES,478.22,473.95,-4.62,8.89
2020-11-21,18,AGUASCALIENTES,483.65,485.69,-2.04,0
2020-11-21,19,AGUASCALIENTES,509.09,505.15,3.94,0
2020-11-21,20,AGUASCALIENTES,505.78,502.87,2.92,0
2020-11-21,21,AGUASCALIENTES,505.85,504.22,1.63,0
2020-11-21,22,AGUASCALIENTES,512,508.51,3.49,0
2020-11-21,23,AGUASCALIENTES,511.78,508.27,3.52,0
2020-11-21,24,AGUASCALIENTES,491.77,489.65,2.12,0
2020-11-21,1,APATZINGAN,502.08,474.39,27.69,0
2020-11-21,2,APATZINGAN,486.12,461.94,24.18,0
2020-11-21,3,APATZINGAN,468.62,447.34,21.29,0
2020-11-21,4,APATZINGAN,460.96,440.86,20.1,0
2020-11-21,5,APATZINGAN,459.39,439.99,19.4,0
2020-11-21,6,APATZINGAN,465.43,444.86,20.57,0
2020-11-21,7,APATZINGAN,481.99,458.1,23.9,0
2020-11-21,8,APATZINGAN,486.19,460.21,25.98,0
2020-11-21,9,APATZINGAN,483.89,456.24,27.65,0
2020-11-21,10,APATZINGAN,497.34,465.67,30,1.66
2020-11-21,11,APATZINGAN,506.71,472.45,32.04,2.22
2020-11-21,12,APATZINGAN,517.54,479.88,34.54,3.12
2020-11-21,13,APATZINGAN,534.95,495.84,35.32,3.79
2020-11-21,14,APATZINGAN,506.05,472.27,31.49,2.29
2020-11-21,15,APATZINGAN,509.33,473.59,33.07,2.67
2020-11-21,16,APATZINGAN,500.83,465.99,32.46,2.37
2020-11-21,17,APATZINGAN,509.28,473.95,33.39,1.94
2020-11-21,18,APATZINGAN,520.31,485.69,34.62,0
2020-11-21,19,APATZINGAN,542.56,505.15,37.41,0
2020-11-21,20,APATZINGAN,542.37,502.87,39.5,0
2020-11-21,21,APATZINGAN,541.83,504.22,37.61,0
2020-11-21,22,APATZINGAN,546.73,508.51,38.22,0
2020-11-21,23,APATZINGAN,545.49,508.27,37.23,0
2020-11-21,24,APATZINGAN,522.44,489.65,32.79,0
2020-11-21,1,CABORCA,423.44,474.39,-50.95,0
2020-11-21,2,CABORCA,402.63,461.94,-59.31,0
2020-11-21,3,CABORCA,396.18,447.34,-51.16,0
2020-11-21,4,CABORCA,388.67,440.86,-52.2,0
2020-11-21,5,CABORCA,402.03,439.99,-37.96,0
2020-11-21,6,CABORCA,402.84,444.86,-42.03,0
2020-11-21,7,CABORCA,402.2,458.1,-55.89,0
2020-11-21,8,CABORCA,402.14,460.21,-58.07,0
2020-11-21,9,CABORCA,383.48,456.24,-72.76,0
2020-11-21,10,CABORCA,329.54,465.67,-117.53,-18.61
2020-11-21,11,CABORCA,321.09,472.45,-126.77,-24.59
2020-11-21,12,CABORCA,327.1,479.88,-118.34,-34.45
2020-11-21,13,CABORCA,327.47,495.84,-126.53,-41.84
2020-11-21,14,CABORCA,329.49,472.27,-117.52,-25.26
2020-11-21,15,CABORCA,330.82,473.59,-113.17,-29.6
2020-11-21,16,CABORCA,324.22,465.99,-115.44,-26.32
2020-11-21,17,CABORCA,336.13,473.95,-116.22,-21.61
2020-11-21,18,CABORCA,401.35,485.69,-84.34,0
2020-11-21,19,CABORCA,467.71,505.15,-37.44,0
2020-11-21,20,CABORCA,460.05,502.87,-42.82,0
2020-11-21,21,CABORCA,460.58,504.22,-43.64,0
2020-11-21,22,CABORCA,469.33,508.51,-39.18,0
2020-11-21,23,CABORCA,465.57,508.27,-42.7,0
2020-11-21,24,CABORCA,444.56,489.65,-45.09,0
2020-11-21,1,CAMARGO,436.6,474.39,-37.79,0
2020-11-21,2,CAMARGO,423.27,461.94,-38.67,0
2020-11-21,3,CAMARGO,415.56,447.34,-31.78,0
2020-11-21,4,CAMARGO,406.84,440.86,-34.03,0
2020-11-21,5,CAMARGO,410.85,439.99,-29.14,0
2020-11-21,6,CAMARGO,411.95,444.86,-32.91,0
2020-11-21,7,CAMARGO,423.1,458.1,-34.99,0
2020-11-21,8,CAMARGO,423.9,460.21,-36.31,0
2020-11-21,9,CAMARGO,407.34,456.24,-48.9,0
2020-11-21,10,CAMARGO,378.03,465.67,-58.32,-29.32
2020-11-21,11,CAMARGO,377.84,472.45,-55.37,-39.24
2020-11-21,12,CAMARGO,378.82,479.88,-46.1,-54.97
2020-11-21,13,CAMARGO,376.5,495.84,-52.58,-66.76
2020-11-21,14,CAMARGO,380.93,472.27,-51.03,-40.31
2020-11-21,15,CAMARGO,376.43,473.59,-49.94,-47.22
2020-11-21,16,CAMARGO,374.85,465.99,-49.14,-42
2020-11-21,17,CAMARGO,387.9,473.95,-51.59,-34.47
2020-11-21,18,CAMARGO,445.74,485.69,-39.95,0
2020-11-21,19,CAMARGO,495.58,505.15,-9.57,0
2020-11-21,20,CAMARGO,482.42,502.87,-20.45,0
2020-11-21,21,CAMARGO,486.12,504.22,-18.1,0
2020-11-21,22,CAMARGO,489.22,508.51,-19.29,0
2020-11-21,23,CAMARGO,487.15,508.27,-21.12,0
2020-11-21,24,CAMARGO,466.03,489.65,-23.62,0
2020-11-21,1,CAMPECHE,518.55,474.39,44.16,0
2020-11-21,2,CAMPECHE,500.68,461.94,38.74,0
2020-11-21,3,CAMPECHE,481.07,447.34,33.73,0
2020-11-21,4,CAMPECHE,461.95,440.86,21.09,0
2020-11-21,5,CAMPECHE,459.37,439.99,19.39,0
2020-11-21,6,CAMPECHE,463.94,444.86,19.09,0
2020-11-21,7,CAMPECHE,473.24,458.1,15.15,0
2020-11-21,8,CAMPECHE,475.89,460.21,15.68,0
2020-11-21,9,CAMPECHE,478,456.24,21.75,0
2020-11-21,10,CAMPECHE,487.32,465.67,23.59,-1.94
2020-11-21,11,CAMPECHE,496.24,472.45,26.4,-2.6
2020-11-21,12,CAMPECHE,503.6,479.88,27.36,-3.65
2020-11-21,13,CAMPECHE,524.46,495.84,33.06,-4.43
2020-11-21,14,CAMPECHE,501.25,472.27,31.66,-2.68
2020-11-21,15,CAMPECHE,501.58,473.59,31.12,-3.13
2020-11-21,16,CAMPECHE,495.78,465.99,32.58,-2.79
2020-11-21,17,CAMPECHE,506.26,473.95,34.6,-2.29
2020-11-21,18,CAMPECHE,519.35,485.69,33.66,0
2020-11-21,19,CAMPECHE,536.26,505.15,31.11,0
2020-11-21,20,CAMPECHE,539.42,502.87,36.56,0
2020-11-21,21,CAMPECHE,560.03,504.22,55.81,0
2020-11-21,22,CAMPECHE,563.2,508.51,54.7,0
2020-11-21,23,CAMPECHE,561.19,508.27,52.92,0
2020-11-21,24,CAMPECHE,535.74,489.65,46.1,0
2020-11-21,1,CANCUN,517.52,474.39,43.13,0
2020-11-21,2,CANCUN,498.41,461.94,36.47,0
2020-11-21,3,CANCUN,478.76,447.34,31.42,0
2020-11-21,4,CANCUN,456.05,440.86,15.19,0
2020-11-21,5,CANCUN,454.15,439.99,14.16,0
2020-11-21,6,CANCUN,458.84,444.86,13.98,0
2020-11-21,7,CANCUN,468.65,458.1,10.56,0
2020-11-21,8,CANCUN,471.74,460.21,11.53,0
2020-11-21,9,CANCUN,475.91,456.24,19.67,0
2020-11-21,10,CANCUN,483.24,465.67,19.51,-1.94
2020-11-21,11,CANCUN,491.24,472.45,21.39,-2.6
2020-11-21,12,CANCUN,498.77,479.88,22.53,-3.65
2020-11-21,13,CANCUN,521.17,495.84,29.77,-4.43
2020-11-21,14,CANCUN,497.64,472.27,28.04,-2.68
2020-11-21,15,CANCUN,497.62,473.59,27.17,-3.13
2020-11-21,16,CANCUN,492.37,465.99,29.17,-2.79
2020-11-21,17,CANCUN,502.45,473.95,30.79,-2.29
2020-11-21,18,CANCUN,515.78,485.69,30.09,0
2020-11-21,19,CANCUN,528.34,505.15,23.2,0
2020-11-21,20,CANCUN,530.53,502.87,27.67,0
2020-11-21,21,CANCUN,551.22,504.22,47,0
2020-11-21,22,CANCUN,554.83,508.51,46.32,0
2020-11-21,23,CANCUN,553.21,508.27,44.95,0
2020-11-21,24,CANCUN,527.43,489.65,37.79,0
2020-11-21,1,CARMEN,541.47,474.39,67.08,0
2020-11-21,2,CARMEN,522.34,461.94,60.4,0
2020-11-21,3,CARMEN,500.96,447.34,53.62,0
2020-11-21,4,CARMEN,481.41,440.86,40.54,0
2020-11-21,5,CARMEN,477.89,439.99,37.9,0
2020-11-21,6,CARMEN,481.95,444.86,37.09,0
2020-11-21,7,CARMEN,490.59,458.1,32.49,0
2020-11-21,8,CARMEN,492.83,460.21,32.62,0
2020-11-21,9,CARMEN,494.56,456.24,38.32,0
2020-11-21,10,CARMEN,504.98,465.67,41.25,-1.94
2020-11-21,11,CARMEN,514.58,472.45,44.74,-2.6
2020-11-21,12,CARMEN,522.48,479.88,46.24,-3.65
2020-11-21,13,CARMEN,543.96,495.84,52.55,-4.43
2020-11-21,14,CARMEN,520.26,472.27,50.67,-2.68
2020-11-21,15,CARMEN,520.49,473.59,50.04,-3.13
2020-11-21,16,CARMEN,514.24,465.99,51.04,-2.79
2020-11-21,17,CARMEN,525.09,473.95,53.43,-2.29
2020-11-21,18,CARMEN,539.42,485.69,53.73,0
2020-11-21,19,CARMEN,559.79,505.15,54.64,0
2020-11-21,20,CARMEN,563.71,502.87,60.84,0
2020-11-21,21,CARMEN,584.79,504.22,80.56,0
2020-11-21,22,CARMEN,588.64,508.51,80.14,0
2020-11-21,23,CARMEN,587,508.27,78.73,0
2020-11-21,24,CARMEN,560.49,489.65,70.84,0
2020-11-21,1,CASAS GRANDES,398.64,474.39,-75.75,0
2020-11-21,2,CASAS GRANDES,381.76,461.94,-80.18,0
2020-11-21,3,CASAS GRANDES,377.56,447.34,-69.78,0
2020-11-21,4,CASAS GRANDES,369.6,440.86,-71.27,0
2020-11-21,5,CASAS GRANDES,376.52,439.99,-63.47,0
2020-11-21,6,CASAS GRANDES,375.87,444.86,-68.99,0
2020-11-21,7,CASAS GRANDES,383.45,458.1,-74.65,0
2020-11-21,8,CASAS GRANDES,384.12,460.21,-76.09,0
2020-11-21,9,CASAS GRANDES,369.57,456.24,-86.67,0
2020-11-21,10,CASAS GRANDES,338.65,465.67,-100.99,-26.03
2020-11-21,11,CASAS GRANDES,337.91,472.45,-99.83,-34.71
2020-11-21,12,CASAS GRANDES,341.95,479.88,-89.32,-48.61
2020-11-21,13,CASAS GRANDES,337.66,495.84,-99.15,-59.03
2020-11-21,14,CASAS GRANDES,342.37,472.27,-94.26,-35.65
2020-11-21,15,CASAS GRANDES,339.22,473.59,-92.63,-41.74
2020-11-21,16,CASAS GRANDES,338.05,465.99,-90.81,-37.14
2020-11-21,17,CASAS GRANDES,349.19,473.95,-94.29,-30.47
2020-11-21,18,CASAS GRANDES,400.73,485.69,-84.96,0
2020-11-21,19,CASAS GRANDES,451.65,505.15,-53.5,0
2020-11-21,20,CASAS GRANDES,438.38,502.87,-64.49,0
2020-11-21,21,CASAS GRANDES,443.87,504.22,-60.35,0
2020-11-21,22,CASAS GRANDES,447,508.51,-61.51,0
2020-11-21,23,CASAS GRANDES,445.44,508.27,-62.83,0
2020-11-21,24,CASAS GRANDES,426.59,489.65,-63.06,0
2020-11-21,1,CELAYA,480.94,474.39,6.55,0
2020-11-21,2,CELAYA,467.52,461.94,5.58,0
2020-11-21,3,CELAYA,452.75,447.34,5.41,0
2020-11-21,4,CELAYA,446.36,440.86,5.49,0
2020-11-21,5,CELAYA,445.25,439.99,5.27,0
2020-11-21,6,CELAYA,450.01,444.86,5.15,0
2020-11-21,7,CELAYA,463.95,458.1,5.85,0
2020-11-21,8,CELAYA,466.21,460.21,6,0
2020-11-21,9,CELAYA,461.65,456.24,5.4,0
2020-11-21,10,CELAYA,472.41,465.67,5.53,1.2
2020-11-21,11,CELAYA,479.69,472.45,5.63,1.62
2020-11-21,12,CELAYA,488.16,479.88,6.02,2.27
2020-11-21,13,CELAYA,504.87,495.84,6.28,2.76
2020-11-21,14,CELAYA,479.55,472.27,5.6,1.67
2020-11-21,15,CELAYA,480.91,473.59,5.37,1.95
2020-11-21,16,CELAYA,473,465.99,5.27,1.74
2020-11-21,17,CELAYA,481.22,473.95,5.84,1.43
2020-11-21,18,CELAYA,492.28,485.69,6.59,0
2020-11-21,19,CELAYA,511.72,505.15,6.57,0
2020-11-21,20,CELAYA,509.72,502.87,6.85,0
2020-11-21,21,CELAYA,511.12,504.22,6.9,0
2020-11-21,22,CELAYA,515.63,508.51,7.12,0
2020-11-21,23,CELAYA,515.23,508.27,6.97,0
2020-11-21,24,CELAYA,495.78,489.65,6.14,0
2020-11-21,1,CENTRO ORIENTE,488.76,474.39,14.37,0
2020-11-21,2,CENTRO ORIENTE,476.58,461.94,14.64,0
2020-11-21,3,CENTRO ORIENTE,460.87,447.34,13.53,0
2020-11-21,4,CENTRO ORIENTE,452.56,440.86,11.69,0
2020-11-21,5,CENTRO ORIENTE,451.66,439.99,11.67,0
2020-11-21,6,CENTRO ORIENTE,457.27,444.86,12.41,0
2020-11-21,7,CENTRO ORIENTE,471.4,458.1,13.3,0
2020-11-21,8,CENTRO ORIENTE,474.04,460.21,13.83,0
2020-11-21,9,CENTRO ORIENTE,472.53,456.24,16.29,0
2020-11-21,10,CENTRO ORIENTE,481.07,465.67,16.93,-1.53
2020-11-21,11,CENTRO ORIENTE,488.94,472.45,18.56,-2.06
2020-11-21,12,CENTRO ORIENTE,495.98,479.88,18.99,-2.89
2020-11-21,13,CENTRO ORIENTE,511.73,495.84,19.4,-3.5
2020-11-21,14,CENTRO ORIENTE,489.23,472.27,19.08,-2.12
2020-11-21,15,CENTRO ORIENTE,489.33,473.59,18.21,-2.47
2020-11-21,16,CENTRO ORIENTE,481.36,465.99,17.57,-2.2
2020-11-21,17,CENTRO ORIENTE,489.77,473.95,17.61,-1.8
2020-11-21,18,CENTRO ORIENTE,502.85,485.69,17.16,0
2020-11-21,19,CENTRO ORIENTE,523.02,505.15,17.87,0
2020-11-21,20,CENTRO ORIENTE,522.13,502.87,19.26,0
2020-11-21,21,CENTRO ORIENTE,525.09,504.22,20.87,0
2020-11-21,22,CENTRO ORIENTE,527.82,508.51,19.31,0
2020-11-21,23,CENTRO ORIENTE,526.57,508.27,18.3,0
2020-11-21,24,CENTRO ORIENTE,507.23,489.65,17.58,0
2020-11-21,1,CENTRO SUR,498.98,474.39,24.59,0
2020-11-21,2,CENTRO SUR,485.5,461.94,23.56,0
2020-11-21,3,CENTRO SUR,469.27,447.34,21.93,0
2020-11-21,4,CENTRO SUR,460.87,440.86,20,0
2020-11-21,5,CENTRO SUR,459.58,439.99,19.59,0
2020-11-21,6,CENTRO SUR,465.42,444.86,20.56,0
2020-11-21,7,CENTRO SUR,480.18,458.1,22.08,0
2020-11-21,8,CENTRO SUR,483.54,460.21,23.33,0
2020-11-21,9,CENTRO SUR,481.75,456.24,25.5,0
2020-11-21,10,CENTRO SUR,490.97,465.67,26.32,-1.02
2020-11-21,11,CENTRO SUR,499.01,472.45,27.93,-1.36
2020-11-21,12,CENTRO SUR,506.74,479.88,28.76,-1.91
2020-11-21,13,CENTRO SUR,522.96,495.84,29.44,-2.32
2020-11-21,14,CENTRO SUR,498.37,472.27,27.5,-1.4
2020-11-21,15,CENTRO SUR,499.7,473.59,27.76,-1.64
2020-11-21,16,CENTRO SUR,491.97,465.99,27.44,-1.46
2020-11-21,17,CENTRO SUR,499.7,473.95,27,-1.25
2020-11-21,18,CENTRO SUR,512.65,485.69,26.96,0
2020-11-21,19,CENTRO SUR,531.51,505.15,26.36,0
2020-11-21,20,CENTRO SUR,529.72,502.87,26.85,0
2020-11-21,21,CENTRO SUR,532.54,504.22,28.32,0
2020-11-21,22,CENTRO SUR,536.26,508.51,27.75,0
2020-11-21,23,CENTRO SUR,536.71,508.27,28.44,0
2020-11-21,24,CENTRO SUR,517.3,489.65,27.65,0
2020-11-21,1,CHETUMAL,518.81,474.39,44.42,0
2020-11-21,2,CHETUMAL,500.93,461.94,39,0
2020-11-21,3,CHETUMAL,481.39,447.34,34.05,0
2020-11-21,4,CHETUMAL,462.41,440.86,21.55,0
2020-11-21,5,CHETUMAL,459.94,439.99,19.95,0
2020-11-21,6,CHETUMAL,464.71,444.86,19.85,0
2020-11-21,7,CHETUMAL,474.41,458.1,16.31,0
2020-11-21,8,CHETUMAL,476.7,460.21,16.48,0
2020-11-21,9,CHETUMAL,477.96,456.24,21.72,0
2020-11-21,10,CHETUMAL,486.71,465.67,22.98,-1.94
2020-11-21,11,CHETUMAL,495.85,472.45,26.01,-2.6
2020-11-21,12,CHETUMAL,503.15,479.88,26.91,-3.65
2020-11-21,13,CHETUMAL,523.73,495.84,32.33,-4.43
2020-11-21,14,CHETUMAL,500.63,472.27,31.03,-2.68
2020-11-21,15,CHETUMAL,501.53,473.59,31.07,-3.13
2020-11-21,16,CHETUMAL,495.99,465.99,32.78,-2.79
2020-11-21,17,CHETUMAL,507.47,473.95,35.81,-2.29
2020-11-21,18,CHETUMAL,521.89,485.69,36.2,0
2020-11-21,19,CHETUMAL,539.15,505.15,34,0
2020-11-21,20,CHETUMAL,542.12,502.87,39.25,0
2020-11-21,21,CHETUMAL,562.35,504.22,58.13,0
2020-11-21,22,CHETUMAL,565.01,508.51,56.5,0
2020-11-21,23,CHETUMAL,562.35,508.27,54.08,0
2020-11-21,24,CHETUMAL,536.36,489.65,46.71,0
2020-11-21,1,CHIHUAHUA,408.12,474.39,-66.27,0
2020-11-21,2,CHIHUAHUA,395.21,461.94,-66.73,0
2020-11-21,3,CHIHUAHUA,389.27,447.34,-58.07,0
2020-11-21,4,CHIHUAHUA,380.81,440.86,-60.05,0
2020-11-21,5,CHIHUAHUA,385.43,439.99,-54.56,0
2020-11-21,6,CHIHUAHUA,385.88,444.86,-58.98,0
2020-11-21,7,CHIHUAHUA,396.05,458.1,-62.05,0
2020-11-21,8,CHIHUAHUA,397.3,460.21,-62.91,0
2020-11-21,9,CHIHUAHUA,382.4,456.24,-73.84,0
2020-11-21,10,CHIHUAHUA,353.48,465.67,-82.99,-29.2
2020-11-21,11,CHIHUAHUA,353.21,472.45,-80.2,-39.04
2020-11-21,12,CHIHUAHUA,354.77,479.88,-70.42,-54.69
2020-11-21,13,CHIHUAHUA,350.95,495.84,-78.47,-66.43
2020-11-21,14,CHIHUAHUA,356.95,472.27,-75.21,-40.11
2020-11-21,15,CHIHUAHUA,352.38,473.59,-74.22,-46.99
2020-11-21,16,CHIHUAHUA,351.76,465.99,-72.44,-41.8
2020-11-21,17,CHIHUAHUA,363.24,473.95,-76.41,-34.3
2020-11-21,18,CHIHUAHUA,416.96,485.69,-68.73,0
2020-11-21,19,CHIHUAHUA,466.26,505.15,-38.89,0
2020-11-21,20,CHIHUAHUA,452.4,502.87,-50.47,0
2020-11-21,21,CHIHUAHUA,456.78,504.22,-47.45,0
2020-11-21,22,CHIHUAHUA,458.93,508.51,-49.58,0
2020-11-21,23,CHIHUAHUA,457.68,508.27,-50.59,0
2020-11-21,24,CHIHUAHUA,437.8,489.65,-51.85,0
2020-11-21,1,CHILPANCINGO,525.93,474.39,51.54,0
2020-11-21,2,CHILPANCINGO,510.55,461.94,48.62,0
2020-11-21,3,CHILPANCINGO,492.5,447.34,45.16,0
2020-11-21,4,CHILPANCINGO,482.8,440.86,41.94,0
2020-11-21,5,CHILPANCINGO,480.95,439.99,40.96,0
2020-11-21,6,CHILPANCINGO,487.02,444.86,42.17,0
2020-11-21,7,CHILPANCINGO,502.49,458.1,44.39,0
2020-11-21,8,CHILPANCINGO,505.18,460.21,44.97,0
2020-11-21,9,CHILPANCINGO,503.38,456.24,47.13,0
2020-11-21,10,CHILPANCINGO,514.08,465.67,49.45,-1.04
2020-11-21,11,CHILPANCINGO,523.08,472.45,52.04,-1.4
2020-11-21,12,CHILPANCINGO,531.79,479.88,53.86,-1.96
2020-11-21,13,CHILPANCINGO,549.28,495.84,55.82,-2.38
2020-11-21,14,CHILPANCINGO,523.01,472.27,52.17,-1.44
2020-11-21,15,CHILPANCINGO,525.28,473.59,53.37,-1.68
2020-11-21,16,CHILPANCINGO,517.22,465.99,52.72,-1.5
2020-11-21,17,CHILPANCINGO,525.23,473.95,52.57,-1.29
2020-11-21,18,CHILPANCINGO,538.04,485.69,52.35,0
2020-11-21,19,CHILPANCINGO,562.01,505.15,56.86,0
2020-11-21,20,CHILPANCINGO,562.99,502.87,60.12,0
2020-11-21,21,CHILPANCINGO,565.91,504.22,61.68,0
2020-11-21,22,CHILPANCINGO,569.39,508.51,60.88,0
2020-11-21,23,CHILPANCINGO,568.7,508.27,60.43,0
2020-11-21,24,CHILPANCINGO,546.43,489.65,56.78,0
2020-11-21,1,CHONTALPA,489.17,474.39,14.78,0
2020-11-21,2,CHONTALPA,474.75,461.94,12.81,0
2020-11-21,3,CHONTALPA,457.6,447.34,10.26,0
2020-11-21,4,CHONTALPA,442.71,440.86,1.84,0
2020-11-21,5,CHONTALPA,440.47,439.99,.48,0
2020-11-21,6,CHONTALPA,444.98,444.86,.12,0
2020-11-21,7,CHONTALPA,454.7,458.1,-3.4,0
2020-11-21,8,CHONTALPA,456.85,460.21,-3.36,0
2020-11-21,9,CHONTALPA,456.4,456.24,.16,0
2020-11-21,10,CHONTALPA,464.84,465.67,1.11,-1.94
2020-11-21,11,CHONTALPA,472.92,472.45,3.08,-2.6
2020-11-21,12,CHONTALPA,479.19,479.88,2.95,-3.65
2020-11-21,13,CHONTALPA,497.95,495.84,6.54,-4.43
2020-11-21,14,CHONTALPA,476.01,472.27,6.41,-2.68
2020-11-21,15,CHONTALPA,476.45,473.59,5.99,-3.13
2020-11-21,16,CHONTALPA,470.46,465.99,7.25,-2.79
2020-11-21,17,CHONTALPA,479.72,473.95,8.07,-2.29
2020-11-21,18,CHONTALPA,488.41,485.69,2.72,0
2020-11-21,19,CHONTALPA,504.96,505.15,-.19,0
2020-11-21,20,CHONTALPA,509.42,502.87,6.55,0
2020-11-21,21,CHONTALPA,530.04,504.22,25.82,0
2020-11-21,22,CHONTALPA,532.76,508.51,24.26,0
2020-11-21,23,CHONTALPA,530.76,508.27,22.5,0
2020-11-21,24,CHONTALPA,507.17,489.65,17.52,0
2020-11-21,1,CIENEGA,484.82,474.39,10.43,0
2020-11-21,2,CIENEGA,469.09,461.94,7.15,0
2020-11-21,3,CIENEGA,453.46,447.34,6.12,0
2020-11-21,4,CIENEGA,446.79,440.86,5.93,0
2020-11-21,5,CIENEGA,445.74,439.99,5.75,0
2020-11-21,6,CIENEGA,450.71,444.86,5.85,0
2020-11-21,7,CIENEGA,465.51,458.1,7.41,0
2020-11-21,8,CIENEGA,468.04,460.21,7.83,0
2020-11-21,9,CIENEGA,462.13,456.24,5.89,0
2020-11-21,10,CIENEGA,473.58,465.67,6.11,1.81
2020-11-21,11,CIENEGA,481.4,472.45,6.54,2.41
2020-11-21,12,CIENEGA,492.41,479.88,9.17,3.36
2020-11-21,13,CIENEGA,508.39,495.84,8.47,4.09
2020-11-21,14,CIENEGA,480.92,472.27,6.18,2.47
2020-11-21,15,CIENEGA,484.07,473.59,7.59,2.9
2020-11-21,16,CIENEGA,476,465.99,7.44,2.58
2020-11-21,17,CIENEGA,484.57,473.95,8.51,2.11
2020-11-21,18,CIENEGA,497.3,485.69,11.61,0
2020-11-21,19,CIENEGA,517.11,505.15,11.96,0
2020-11-21,20,CIENEGA,516.18,502.87,13.31,0
2020-11-21,21,CIENEGA,516.87,504.22,12.65,0
2020-11-21,22,CIENEGA,524.67,508.51,16.16,0
2020-11-21,23,CIENEGA,525.11,508.27,16.84,0
2020-11-21,24,CIENEGA,503.65,489.65,14,0
2020-11-21,1,COATZACOALCOS,487.26,474.39,12.87,0
2020-11-21,2,COATZACOALCOS,473.5,461.94,11.56,0
2020-11-21,3,COATZACOALCOS,456.95,447.34,9.61,0
2020-11-21,4,COATZACOALCOS,443.75,440.86,2.88,0
2020-11-21,5,COATZACOALCOS,441.9,439.99,1.92,0
2020-11-21,6,COATZACOALCOS,446.89,444.86,2.03,0
2020-11-21,7,COATZACOALCOS,457.68,458.1,-.42,0
2020-11-21,8,COATZACOALCOS,460.36,460.21,.15,0
2020-11-21,9,COATZACOALCOS,459.61,456.24,3.37,0
2020-11-21,10,COATZACOALCOS,469.21,465.67,5.48,-1.94
2020-11-21,11,COATZACOALCOS,477.43,472.45,7.59,-2.61
2020-11-21,12,COATZACOALCOS,483.95,479.88,7.72,-3.65
2020-11-21,13,COATZACOALCOS,501.82,495.84,10.42,-4.44
2020-11-21,14,COATZACOALCOS,479.67,472.27,10.07,-2.68
2020-11-21,15,COATZACOALCOS,479.93,473.59,9.48,-3.14
2020-11-21,16,COATZACOALCOS,473.39,465.99,10.2,-2.79
2020-11-21,17,COATZACOALCOS,482.4,473.95,10.74,-2.3
2020-11-21,18,COATZACOALCOS,490.25,485.69,4.56,0
2020-11-21,19,COATZACOALCOS,505.73,505.15,.58,0
2020-11-21,20,COATZACOALCOS,508.94,502.87,6.07,0
2020-11-21,21,COATZACOALCOS,526.64,504.22,22.42,0
2020-11-21,22,COATZACOALCOS,529.59,508.51,21.08,0
2020-11-21,23,COATZACOALCOS,528.31,508.27,20.05,0
2020-11-21,24,COATZACOALCOS,505.62,489.65,15.98,0
2020-11-21,1,COLIMA,485.1,474.39,10.71,0
2020-11-21,2,COLIMA,469.64,461.94,7.7,0
2020-11-21,3,COLIMA,453.9,447.34,6.56,0
2020-11-21,4,COLIMA,446.93,440.86,6.07,0
2020-11-21,5,COLIMA,445.92,439.99,5.94,0
2020-11-21,6,COLIMA,450.87,444.86,6.01,0
2020-11-21,7,COLIMA,465.27,458.1,7.17,0
2020-11-21,8,COLIMA,467.65,460.21,7.44,0
2020-11-21,9,COLIMA,461.24,456.24,4.99,0
2020-11-21,10,COLIMA,472.67,465.67,5.53,1.47
2020-11-21,11,COLIMA,480.82,472.45,6.41,1.97
2020-11-21,12,COLIMA,491.6,479.88,8.97,2.75
2020-11-21,13,COLIMA,506.71,495.84,7.53,3.34
2020-11-21,14,COLIMA,478.98,472.27,4.69,2.02
2020-11-21,15,COLIMA,482,473.59,6.04,2.36
2020-11-21,16,COLIMA,473.77,465.99,5.68,2.1
2020-11-21,17,COLIMA,482.35,473.95,6.69,1.71
2020-11-21,18,COLIMA,494.77,485.69,9.08,0
2020-11-21,19,COLIMA,512.82,505.15,7.67,0
2020-11-21,20,COLIMA,511.54,502.87,8.67,0
2020-11-21,21,COLIMA,512.28,504.22,8.06,0
2020-11-21,22,COLIMA,522.07,508.51,13.56,0
2020-11-21,23,COLIMA,524.13,508.27,15.86,0
2020-11-21,24,COLIMA,503.8,489.65,14.16,0
2020-11-21,1,CORDOBA,483.85,474.39,9.46,0
2020-11-21,2,CORDOBA,470.82,461.94,8.88,0
2020-11-21,3,CORDOBA,454.85,447.34,7.51,0
2020-11-21,4,CORDOBA,444.13,440.86,3.27,0
2020-11-21,5,CORDOBA,443.25,439.99,3.27,0
2020-11-21,6,CORDOBA,448.5,444.86,3.64,0
2020-11-21,7,CORDOBA,460.82,458.1,2.72,0
2020-11-21,8,CORDOBA,463.94,460.21,3.73,0
2020-11-21,9,CORDOBA,462.52,456.24,6.28,0
2020-11-21,10,CORDOBA,471.24,465.67,7.63,-2.07
2020-11-21,11,CORDOBA,479.09,472.45,9.42,-2.77
2020-11-21,12,CORDOBA,485.46,479.88,9.46,-3.88
2020-11-21,13,CORDOBA,502.02,495.84,10.89,-4.72
2020-11-21,14,CORDOBA,480.13,472.27,10.71,-2.85
2020-11-21,15,CORDOBA,480.17,473.59,9.92,-3.34
2020-11-21,16,CORDOBA,473.71,465.99,10.69,-2.97
2020-11-21,17,CORDOBA,482.23,473.95,10.71,-2.43
2020-11-21,18,CORDOBA,493.98,485.69,8.29,0
2020-11-21,19,CORDOBA,513.05,505.15,7.9,0
2020-11-21,20,CORDOBA,513.5,502.87,10.63,0
2020-11-21,21,CORDOBA,522.03,504.22,17.81,0
2020-11-21,22,CORDOBA,525.21,508.51,16.71,0
2020-11-21,23,CORDOBA,523.89,508.27,15.62,0
2020-11-21,24,CORDOBA,502.55,489.65,12.9,0
2020-11-21,1,CUAUHTEMOC,423.2,474.39,-51.19,0
2020-11-21,2,CUAUHTEMOC,410.06,461.94,-51.88,0
2020-11-21,3,CUAUHTEMOC,404.63,447.34,-42.71,0
2020-11-21,4,CUAUHTEMOC,396.52,440.86,-44.34,0
2020-11-21,5,CUAUHTEMOC,400.49,439.99,-39.5,0
2020-11-21,6,CUAUHTEMOC,401.46,444.86,-43.4,0
2020-11-21,7,CUAUHTEMOC,410.34,458.1,-47.76,0
2020-11-21,8,CUAUHTEMOC,411.17,460.21,-49.05,0
2020-11-21,9,CUAUHTEMOC,396.53,456.24,-59.72,0
2020-11-21,10,CUAUHTEMOC,368.49,465.67,-67.89,-29.29
2020-11-21,11,CUAUHTEMOC,369.19,472.45,-64.09,-39.17
2020-11-21,12,CUAUHTEMOC,371.73,479.88,-53.29,-54.87
2020-11-21,13,CUAUHTEMOC,368.6,495.84,-60.59,-66.64
2020-11-21,14,CUAUHTEMOC,374.11,472.27,-57.92,-40.24
2020-11-21,15,CUAUHTEMOC,369.53,473.59,-56.92,-47.14
2020-11-21,16,CUAUHTEMOC,369,465.99,-55.06,-41.93
2020-11-21,17,CUAUHTEMOC,380.52,473.95,-59.03,-34.41
2020-11-21,18,CUAUHTEMOC,434.8,485.69,-50.89,0
2020-11-21,19,CUAUHTEMOC,484.49,505.15,-20.66,0
2020-11-21,20,CUAUHTEMOC,469.27,502.87,-33.6,0
2020-11-21,21,CUAUHTEMOC,472.34,504.22,-31.89,0
2020-11-21,22,CUAUHTEMOC,474.22,508.51,-34.29,0
2020-11-21,23,CUAUHTEMOC,473.29,508.27,-34.98,0
2020-11-21,24,CUAUHTEMOC,452.95,489.65,-36.7,0
2020-11-21,1,CUAUTLA,498.4,474.39,24.01,0
2020-11-21,2,CUAUTLA,484.77,461.94,22.83,0
2020-11-21,3,CUAUTLA,468.45,447.34,21.11,0
2020-11-21,4,CUAUTLA,459.03,440.86,18.16,0
2020-11-21,5,CUAUTLA,457.88,439.99,17.9,0
2020-11-21,6,CUAUTLA,463.53,444.86,18.67,0
2020-11-21,7,CUAUTLA,477.98,458.1,19.89,0
2020-11-21,8,CUAUTLA,482.63,460.21,22.42,0
2020-11-21,9,CUAUTLA,481.24,456.24,24.99,0
2020-11-21,10,CUAUTLA,490.71,465.67,26.58,-1.54
2020-11-21,11,CUAUTLA,498.91,472.45,28.53,-2.07
2020-11-21,12,CUAUTLA,506.37,479.88,29.38,-2.9
2020-11-21,13,CUAUTLA,522.91,495.84,30.59,-3.52
2020-11-21,14,CUAUTLA,499.37,472.27,29.22,-2.12
2020-11-21,15,CUAUTLA,499.95,473.59,28.85,-2.49
2020-11-21,16,CUAUTLA,492.51,465.99,28.74,-2.21
2020-11-21,17,CUAUTLA,499.64,473.95,27.59,-1.91
2020-11-21,18,CUAUTLA,512.48,485.69,26.79,0
2020-11-21,19,CUAUTLA,532.91,505.15,27.76,0
2020-11-21,20,CUAUTLA,531.91,502.87,29.04,0
2020-11-21,21,CUAUTLA,536.77,504.22,32.55,0
2020-11-21,22,CUAUTLA,540.03,508.51,31.52,0
2020-11-21,23,CUAUTLA,538.51,508.27,30.24,0
2020-11-21,24,CUAUTLA,517.48,489.65,27.83,0
2020-11-21,1,CUERNAVACA,498.75,474.39,24.36,0
2020-11-21,2,CUERNAVACA,484.95,461.94,23.01,0
2020-11-21,3,CUERNAVACA,468.51,447.34,21.17,0
2020-11-21,4,CUERNAVACA,459.1,440.86,18.24,0
2020-11-21,5,CUERNAVACA,457.8,439.99,17.82,0
2020-11-21,6,CUERNAVACA,463,444.86,18.14,0
2020-11-21,7,CUERNAVACA,476.68,458.1,18.58,0
2020-11-21,8,CUERNAVACA,481.13,460.21,20.92,0
2020-11-21,9,CUERNAVACA,479.7,456.24,23.45,0
2020-11-21,10,CUERNAVACA,489.2,465.67,24.99,-1.47
2020-11-21,11,CUERNAVACA,497.49,472.45,27.01,-1.97
2020-11-21,12,CUERNAVACA,504.97,479.88,27.84,-2.75
2020-11-21,13,CUERNAVACA,521.56,495.84,29.06,-3.34
2020-11-21,14,CUERNAVACA,497.89,472.27,27.63,-2.02
2020-11-21,15,CUERNAVACA,498.8,473.59,27.57,-2.37
2020-11-21,16,CUERNAVACA,491.45,465.99,27.57,-2.1
2020-11-21,17,CUERNAVACA,498.52,473.95,26.38,-1.81
2020-11-21,18,CUERNAVACA,511.04,485.69,25.35,0
2020-11-21,19,CUERNAVACA,531.42,505.15,26.27,0
2020-11-21,20,CUERNAVACA,530.39,502.87,27.52,0
2020-11-21,21,CUERNAVACA,535.08,504.22,30.85,0
2020-11-21,22,CUERNAVACA,538.46,508.51,29.96,0
2020-11-21,23,CUERNAVACA,537.73,508.27,29.46,0
2020-11-21,24,CUERNAVACA,516.89,489.65,27.24,0
2020-11-21,1,CULIACAN,439.86,474.39,-34.53,0
2020-11-21,2,CULIACAN,421.53,461.94,-40.41,0
2020-11-21,3,CULIACAN,409.44,447.34,-37.9,0
2020-11-21,4,CULIACAN,401.95,440.86,-38.92,0
2020-11-21,5,CULIACAN,401.66,439.99,-38.33,0
2020-11-21,6,CULIACAN,403.22,444.86,-41.64,0
2020-11-21,7,CULIACAN,411.66,458.1,-46.44,0
2020-11-21,8,CULIACAN,410.92,460.21,-49.29,0
2020-11-21,9,CULIACAN,401.6,456.24,-54.64,0
2020-11-21,10,CULIACAN,392.8,465.67,-60.53,-12.34
2020-11-21,11,CULIACAN,396.68,472.45,-59.13,-16.64
2020-11-21,12,CULIACAN,403.37,479.88,-53.2,-23.31
2020-11-21,13,CULIACAN,408.83,495.84,-58.71,-28.3
2020-11-21,14,CULIACAN,400.54,472.27,-54.64,-17.09
2020-11-21,15,CULIACAN,403.53,473.59,-50.04,-20.02
2020-11-21,16,CULIACAN,398.56,465.99,-49.62,-17.81
2020-11-21,17,CULIACAN,408.82,473.95,-50.51,-14.62
2020-11-21,18,CULIACAN,442.62,485.69,-43.07,0
2020-11-21,19,CULIACAN,471.83,505.15,-33.33,0
2020-11-21,20,CULIACAN,469.03,502.87,-33.83,0
2020-11-21,21,CULIACAN,470.6,504.22,-33.62,0
2020-11-21,22,CULIACAN,481.54,508.51,-26.96,0
2020-11-21,23,CULIACAN,479.5,508.27,-28.77,0
2020-11-21,24,CULIACAN,458.88,489.65,-30.76,0
2020-11-21,1,DURANGO,450.9,474.39,-23.5,0
2020-11-21,2,DURANGO,434.82,461.94,-27.12,0
2020-11-21,3,DURANGO,422.2,447.34,-25.14,0
2020-11-21,4,DURANGO,415.11,440.86,-25.76,0
2020-11-21,5,DURANGO,415.27,439.99,-24.72,0
2020-11-21,6,DURANGO,417.98,444.86,-26.88,0
2020-11-21,7,DURANGO,430.75,458.1,-27.35,0
2020-11-21,8,DURANGO,430.88,460.21,-29.34,0
2020-11-21,9,DURANGO,414.8,456.24,-41.45,0
2020-11-21,10,DURANGO,401.29,465.67,-47.44,-16.95
2020-11-21,11,DURANGO,401.14,472.45,-48.56,-22.75
2020-11-21,12,DURANGO,402.57,479.88,-45.43,-31.89
2020-11-21,13,DURANGO,408.56,495.84,-48.57,-38.71
2020-11-21,14,DURANGO,401.89,472.27,-47.01,-23.38
2020-11-21,15,DURANGO,401.91,473.59,-44.3,-27.38
2020-11-21,16,DURANGO,399.09,465.99,-42.54,-24.36
2020-11-21,17,DURANGO,411.31,473.95,-42.65,-19.99
2020-11-21,18,DURANGO,455.43,485.69,-30.26,0
2020-11-21,19,DURANGO,487.75,505.15,-17.4,0
2020-11-21,20,DURANGO,483.53,502.87,-19.33,0
2020-11-21,21,DURANGO,484.7,504.22,-19.53,0
2020-11-21,22,DURANGO,492.72,508.51,-15.79,0
2020-11-21,23,DURANGO,490.2,508.27,-18.07,0
2020-11-21,24,DURANGO,470.06,489.65,-19.58,0
2020-11-21,1,FRESNILLO,457.98,474.39,-16.42,0
2020-11-21,2,FRESNILLO,443.65,461.94,-18.29,0
2020-11-21,3,FRESNILLO,430.72,447.34,-16.62,0
2020-11-21,4,FRESNILLO,424.08,440.86,-16.78,0
2020-11-21,5,FRESNILLO,425.09,439.99,-14.9,0
2020-11-21,6,FRESNILLO,429.68,444.86,-15.18,0
2020-11-21,7,FRESNILLO,444.58,458.1,-13.52,0
2020-11-21,8,FRESNILLO,446.55,460.21,-13.66,0
2020-11-21,9,FRESNILLO,436.23,456.24,-20.02,0
2020-11-21,10,FRESNILLO,415.94,465.67,-22.46,-27.26
2020-11-21,11,FRESNILLO,414.59,472.45,-22.32,-35.54
2020-11-21,12,FRESNILLO,409.96,479.88,-20.56,-49.35
2020-11-21,13,FRESNILLO,414.34,495.84,-21.2,-60.3
2020-11-21,14,FRESNILLO,415.02,472.27,-20.8,-36.45
2020-11-21,15,FRESNILLO,410.99,473.59,-19.5,-43.09
2020-11-21,16,FRESNILLO,407.27,465.99,-20.07,-38.65
2020-11-21,17,FRESNILLO,421.74,473.95,-20.15,-32.06
2020-11-21,18,FRESNILLO,473.67,485.69,-12.02,0
2020-11-21,19,FRESNILLO,503.82,505.15,-1.33,0
2020-11-21,20,FRESNILLO,497.3,502.87,-5.57,0
2020-11-21,21,FRESNILLO,496.45,504.22,-7.77,0
2020-11-21,22,FRESNILLO,502.58,508.51,-5.92,0
2020-11-21,23,FRESNILLO,500.57,508.27,-7.69,0
2020-11-21,24,FRESNILLO,479.83,489.65,-9.82,0
2020-11-21,1,GUADALAJARA,480.76,474.39,6.37,0
2020-11-21,2,GUADALAJARA,465.08,461.94,3.14,0
2020-11-21,3,GUADALAJARA,449.8,447.34,2.46,0
2020-11-21,4,GUADALAJARA,443.14,440.86,2.27,0
2020-11-21,5,GUADALAJARA,442.26,439.99,2.27,0
2020-11-21,6,GUADALAJARA,446.91,444.86,2.05,0
2020-11-21,7,GUADALAJARA,461.22,458.1,3.13,0
2020-11-21,8,GUADALAJARA,463.46,460.21,3.25,0
2020-11-21,9,GUADALAJARA,456.95,456.24,.71,0
2020-11-21,10,GUADALAJARA,468.04,465.67,.75,1.62
2020-11-21,11,GUADALAJARA,476.14,472.45,1.53,2.16
2020-11-21,12,GUADALAJARA,487.29,479.88,4.39,3.02
2020-11-21,13,GUADALAJARA,503.04,495.84,3.52,3.68
2020-11-21,14,GUADALAJARA,475.92,472.27,1.43,2.22
2020-11-21,15,GUADALAJARA,479.19,473.59,3,2.6
2020-11-21,16,GUADALAJARA,471.17,465.99,2.87,2.31
2020-11-21,17,GUADALAJARA,479.66,473.95,3.82,1.89
2020-11-21,18,GUADALAJARA,492.6,485.69,6.91,0
2020-11-21,19,GUADALAJARA,511.49,505.15,6.34,0
2020-11-21,20,GUADALAJARA,510.79,502.87,7.93,0
2020-11-21,21,GUADALAJARA,512.17,504.22,7.95,0
2020-11-21,22,GUADALAJARA,520.7,508.51,12.19,0
2020-11-21,23,GUADALAJARA,521.13,508.27,12.86,0
2020-11-21,24,GUADALAJARA,499.96,489.65,10.32,0
2020-11-21,1,GUASAVE,424.68,474.39,-49.71,0
2020-11-21,2,GUASAVE,405.71,461.94,-56.23,0
2020-11-21,3,GUASAVE,394.9,447.34,-52.44,0
2020-11-21,4,GUASAVE,387.75,440.86,-53.11,0
2020-11-21,5,GUASAVE,387.99,439.99,-52,0
2020-11-21,6,GUASAVE,388.83,444.86,-56.03,0
2020-11-21,7,GUASAVE,395.24,458.1,-62.86,0
2020-11-21,8,GUASAVE,394.42,460.21,-65.79,0
2020-11-21,9,GUASAVE,385.89,456.24,-70.36,0
2020-11-21,10,GUASAVE,374.04,465.67,-78.41,-13.22
2020-11-21,11,GUASAVE,377.24,472.45,-77.38,-17.83
2020-11-21,12,GUASAVE,383.08,479.88,-71.81,-24.99
2020-11-21,13,GUASAVE,386.1,495.84,-79.39,-30.35
2020-11-21,14,GUASAVE,380.77,472.27,-73.18,-18.33
2020-11-21,15,GUASAVE,384.27,473.59,-67.85,-21.47
2020-11-21,16,GUASAVE,379.58,465.99,-67.32,-19.09
2020-11-21,17,GUASAVE,389.79,473.95,-68.49,-15.67
2020-11-21,18,GUASAVE,426.08,485.69,-59.61,0
2020-11-21,19,GUASAVE,459.07,505.15,-46.08,0
2020-11-21,20,GUASAVE,456.57,502.87,-46.3,0
2020-11-21,21,GUASAVE,458.24,504.22,-45.99,0
2020-11-21,22,GUASAVE,468.4,508.51,-40.11,0
2020-11-21,23,GUASAVE,465.63,508.27,-42.64,0
2020-11-21,24,GUASAVE,444.95,489.65,-44.7,0
2020-11-21,1,GUAYMAS,405.44,474.39,-68.95,0
2020-11-21,2,GUAYMAS,386.14,461.94,-75.8,0
2020-11-21,3,GUAYMAS,378.74,447.34,-68.6,0
2020-11-21,4,GUAYMAS,371.8,440.86,-69.07,0
2020-11-21,5,GUAYMAS,374.74,439.99,-65.24,0
2020-11-21,6,GUAYMAS,374.84,444.86,-70.02,0
2020-11-21,7,GUAYMAS,378.16,458.1,-79.94,0
2020-11-21,8,GUAYMAS,377.42,460.21,-82.8,0
2020-11-21,9,GUAYMAS,368.26,456.24,-87.98,0
2020-11-21,10,GUAYMAS,343.37,465.67,-105.91,-16.39
2020-11-21,11,GUAYMAS,343.9,472.45,-106.72,-21.82
2020-11-21,12,GUAYMAS,349.95,479.88,-99.35,-30.58
2020-11-21,13,GUAYMAS,349.35,495.84,-109.36,-37.13
2020-11-21,14,GUAYMAS,349.05,472.27,-100.8,-22.42
2020-11-21,15,GUAYMAS,351.39,473.59,-95.93,-26.27
2020-11-21,16,GUAYMAS,346.57,465.99,-96.06,-23.36
2020-11-21,17,GUAYMAS,355.91,473.95,-98.86,-19.18
2020-11-21,18,GUAYMAS,400.07,485.69,-85.62,0
2020-11-21,19,GUAYMAS,445.01,505.15,-60.14,0
2020-11-21,20,GUAYMAS,439.21,502.87,-63.66,0
2020-11-21,21,GUAYMAS,440.96,504.22,-63.27,0
2020-11-21,22,GUAYMAS,451.06,508.51,-57.44,0
2020-11-21,23,GUAYMAS,447.83,508.27,-60.44,0
2020-11-21,24,GUAYMAS,427.56,489.65,-62.09,0
2020-11-21,1,HERMOSILLO,398.75,474.39,-75.64,0
2020-11-21,2,HERMOSILLO,379.43,461.94,-82.51,0
2020-11-21,3,HERMOSILLO,373.57,447.34,-73.77,0
2020-11-21,4,HERMOSILLO,366.51,440.86,-74.36,0
2020-11-21,5,HERMOSILLO,371.13,439.99,-68.86,0
2020-11-21,6,HERMOSILLO,371.04,444.86,-73.82,0
2020-11-21,7,HERMOSILLO,373.65,458.1,-84.45,0
2020-11-21,8,HERMOSILLO,372.67,460.21,-87.55,0
2020-11-21,9,HERMOSILLO,363.45,456.24,-92.8,0
2020-11-21,10,HERMOSILLO,334.79,465.67,-113.39,-17.5
2020-11-21,11,HERMOSILLO,333.61,472.45,-115.76,-23.08
2020-11-21,12,HERMOSILLO,340.42,479.88,-107.13,-32.33
2020-11-21,13,HERMOSILLO,339.04,495.84,-117.54,-39.26
2020-11-21,14,HERMOSILLO,340.35,472.27,-108.22,-23.71
2020-11-21,15,HERMOSILLO,341.99,473.59,-103.83,-27.78
2020-11-21,16,HERMOSILLO,336.54,465.99,-104.75,-24.71
2020-11-21,17,HERMOSILLO,345.31,473.95,-108.36,-20.28
2020-11-21,18,HERMOSILLO,391.66,485.69,-94.03,0
2020-11-21,19,HERMOSILLO,438.94,505.15,-66.21,0
2020-11-21,20,HERMOSILLO,431.88,502.87,-70.98,0
2020-11-21,21,HERMOSILLO,434.26,504.22,-69.96,0
2020-11-21,22,HERMOSILLO,445.32,508.51,-63.19,0
2020-11-21,23,HERMOSILLO,441.96,508.27,-66.31,0
2020-11-21,24,HERMOSILLO,422.15,489.65,-67.5,0
2020-11-21,1,HUAJUAPAN,514.89,474.39,40.5,0
2020-11-21,2,HUAJUAPAN,499.71,461.94,37.78,0
2020-11-21,3,HUAJUAPAN,482.7,447.34,35.36,0
2020-11-21,4,HUAJUAPAN,471.53,440.86,30.67,0
2020-11-21,5,HUAJUAPAN,470.32,439.99,30.33,0
2020-11-21,6,HUAJUAPAN,476.67,444.86,31.81,0
2020-11-21,7,HUAJUAPAN,491.8,458.1,33.71,0
2020-11-21,8,HUAJUAPAN,495.18,460.21,34.97,0
2020-11-21,9,HUAJUAPAN,493.56,456.24,37.32,0
2020-11-21,10,HUAJUAPAN,503.06,465.67,39.32,-1.93
2020-11-21,11,HUAJUAPAN,511.95,472.45,42.09,-2.59
2020-11-21,12,HUAJUAPAN,519.04,479.88,42.78,-3.62
2020-11-21,13,HUAJUAPAN,536.9,495.84,45.47,-4.4
2020-11-21,14,HUAJUAPAN,512.98,472.27,43.37,-2.66
2020-11-21,15,HUAJUAPAN,513.11,473.59,42.64,-3.11
2020-11-21,16,HUAJUAPAN,505.44,465.99,42.22,-2.77
2020-11-21,17,HUAJUAPAN,514.73,473.95,43.05,-2.28
2020-11-21,18,HUAJUAPAN,528.54,485.69,42.85,0
2020-11-21,19,HUAJUAPAN,556.46,505.15,51.31,0
2020-11-21,20,HUAJUAPAN,558.68,502.87,55.81,0
2020-11-21,21,HUAJUAPAN,566.6,504.22,62.38,0
2020-11-21,22,HUAJUAPAN,567.56,508.51,59.05,0
2020-11-21,23,HUAJUAPAN,563.05,508.27,54.78,0
2020-11-21,24,HUAJUAPAN,537.28,489.65,47.64,0
2020-11-21,1,HUASTECA,457.26,474.39,-17.13,0
2020-11-21,2,HUASTECA,445.72,461.94,-16.22,0
2020-11-21,3,HUASTECA,433.6,447.34,-13.74,0
2020-11-21,4,HUASTECA,428.55,440.86,-12.31,0
2020-11-21,5,HUASTECA,428.1,439.99,-11.88,0
2020-11-21,6,HUASTECA,432.8,444.86,-12.06,0
2020-11-21,7,HUASTECA,444.34,458.1,-13.76,0
2020-11-21,8,HUASTECA,445.29,460.21,-14.92,0
2020-11-21,9,HUASTECA,440.83,456.24,-15.42,0
2020-11-21,10,HUASTECA,444.98,465.67,-15.16,-5.53
2020-11-21,11,HUASTECA,448.77,472.45,-16.26,-7.42
2020-11-21,12,HUASTECA,452.75,479.88,-16.75,-10.38
2020-11-21,13,HUASTECA,465.07,495.84,-18.14,-12.63
2020-11-21,14,HUASTECA,448.39,472.27,-16.25,-7.63
2020-11-21,15,HUASTECA,449.43,473.59,-15.22,-8.94
2020-11-21,16,HUASTECA,443.8,465.99,-14.24,-7.95
2020-11-21,17,HUASTECA,451.33,473.95,-16.12,-6.51
2020-11-21,18,HUASTECA,470.16,485.69,-15.53,0
2020-11-21,19,HUASTECA,494.94,505.15,-10.21,0
2020-11-21,20,HUASTECA,491.87,502.87,-11,0
2020-11-21,21,HUASTECA,491.5,504.22,-12.72,0
2020-11-21,22,HUASTECA,494.94,508.51,-13.57,0
2020-11-21,23,HUASTECA,493.02,508.27,-15.25,0
2020-11-21,24,HUASTECA,473.87,489.65,-15.77,0
2020-11-21,1,HUATULCO,551.4,474.39,77.01,0
2020-11-21,2,HUATULCO,533.42,461.94,71.48,0
2020-11-21,3,HUATULCO,513.6,447.34,66.26,0
2020-11-21,4,HUATULCO,499.52,440.86,58.66,0
2020-11-21,5,HUATULCO,496.85,439.99,56.87,0
2020-11-21,6,HUATULCO,503.19,444.86,58.33,0
2020-11-21,7,HUATULCO,516.87,458.1,58.77,0
2020-11-21,8,HUATULCO,516.73,460.21,56.52,0
2020-11-21,9,HUATULCO,515.12,456.24,58.88,0
2020-11-21,10,HUATULCO,526.8,465.67,62.71,-1.58
2020-11-21,11,HUATULCO,537.53,472.45,67.2,-2.12
2020-11-21,12,HUATULCO,546.01,479.88,69.1,-2.97
2020-11-21,13,HUATULCO,566.75,495.84,74.51,-3.6
2020-11-21,14,HUATULCO,541.24,472.27,71.14,-2.18
2020-11-21,15,HUATULCO,542.31,473.59,71.27,-2.55
2020-11-21,16,HUATULCO,533.3,465.99,69.58,-2.27
2020-11-21,17,HUATULCO,542.5,473.95,70.44,-1.89
2020-11-21,18,HUATULCO,554.61,485.69,68.92,0
2020-11-21,19,HUATULCO,591.05,505.15,85.9,0
2020-11-21,20,HUATULCO,600.25,502.87,97.38,0
2020-11-21,21,HUATULCO,610.41,504.22,106.19,0
2020-11-21,22,HUATULCO,610.48,508.51,101.97,0
2020-11-21,23,HUATULCO,604.97,508.27,96.71,0
2020-11-21,24,HUATULCO,575.54,489.65,85.89,0
2020-11-21,1,HUEJUTLA,454.72,474.39,-19.67,0
2020-11-21,2,HUEJUTLA,443.48,461.94,-18.46,0
2020-11-21,3,HUEJUTLA,431.62,447.34,-15.72,0
2020-11-21,4,HUEJUTLA,425.66,440.86,-15.2,0
2020-11-21,5,HUEJUTLA,425.18,439.99,-14.81,0
2020-11-21,6,HUEJUTLA,430.2,444.86,-14.66,0
2020-11-21,7,HUEJUTLA,441.25,458.1,-16.84,0
2020-11-21,8,HUEJUTLA,442.24,460.21,-17.97,0
2020-11-21,9,HUEJUTLA,439.08,456.24,-17.16,0
2020-11-21,10,HUEJUTLA,442.18,465.67,-16.99,-6.49
2020-11-21,11,HUEJUTLA,445.19,472.45,-18.54,-8.71
2020-11-21,12,HUEJUTLA,448.78,479.88,-18.91,-12.2
2020-11-21,13,HUEJUTLA,461.11,495.84,-19.91,-14.82
2020-11-21,14,HUEJUTLA,445.44,472.27,-17.88,-8.95
2020-11-21,15,HUEJUTLA,445.91,473.59,-17.2,-10.49
2020-11-21,16,HUEJUTLA,440.51,465.99,-16.16,-9.33
2020-11-21,17,HUEJUTLA,447.45,473.95,-18.86,-7.64
2020-11-21,18,HUEJUTLA,466.19,485.69,-19.5,0
2020-11-21,19,HUEJUTLA,488.6,505.15,-16.55,0
2020-11-21,20,HUEJUTLA,485.53,502.87,-17.33,0
2020-11-21,21,HUEJUTLA,486.26,504.22,-17.96,0
2020-11-21,22,HUEJUTLA,489.95,508.51,-18.55,0
2020-11-21,23,HUEJUTLA,489.09,508.27,-19.18,0
2020-11-21,24,HUEJUTLA,471.25,489.65,-18.39,0
2020-11-21,1,IGUALA,522.56,474.39,48.17,0
2020-11-21,2,IGUALA,507.2,461.94,45.26,0
2020-11-21,3,IGUALA,489.6,447.34,42.26,0
2020-11-21,4,IGUALA,480.09,440.86,39.23,0
2020-11-21,5,IGUALA,478.23,439.99,38.24,0
2020-11-21,6,IGUALA,484.11,444.86,39.25,0
2020-11-21,7,IGUALA,499.34,458.1,41.25,0
2020-11-21,8,IGUALA,502.45,460.21,42.23,0
2020-11-21,9,IGUALA,500.98,456.24,44.73,0
2020-11-21,10,IGUALA,511.96,465.67,47.38,-1.09
2020-11-21,11,IGUALA,521.03,472.45,50.04,-1.46
2020-11-21,12,IGUALA,529.64,479.88,51.81,-2.05
2020-11-21,13,IGUALA,546.98,495.84,53.63,-2.49
2020-11-21,14,IGUALA,521.01,472.27,50.24,-1.5
2020-11-21,15,IGUALA,523.02,473.59,51.19,-1.76
2020-11-21,16,IGUALA,515.13,465.99,50.7,-1.57
2020-11-21,17,IGUALA,522.96,473.95,50.36,-1.36
2020-11-21,18,IGUALA,535.65,485.69,49.96,0
2020-11-21,19,IGUALA,557.6,505.15,52.45,0
2020-11-21,20,IGUALA,557.15,502.87,54.28,0
2020-11-21,21,IGUALA,560.36,504.22,56.13,0
2020-11-21,22,IGUALA,564.33,508.51,55.83,0
2020-11-21,23,IGUALA,564.29,508.27,56.02,0
2020-11-21,24,IGUALA,542.56,489.65,52.92,0
2020-11-21,1,IRAPUATO,486.42,474.39,12.03,0
2020-11-21,2,IRAPUATO,472.41,461.94,10.47,0
2020-11-21,3,IRAPUATO,457.45,447.34,10.11,0
2020-11-21,4,IRAPUATO,450.68,440.86,9.81,0
2020-11-21,5,IRAPUATO,449.72,439.99,9.74,0
2020-11-21,6,IRAPUATO,454.77,444.86,9.91,0
2020-11-21,7,IRAPUATO,469.06,458.1,10.96,0
2020-11-21,8,IRAPUATO,471.21,460.21,11,0
2020-11-21,9,IRAPUATO,465.92,456.24,9.67,0
2020-11-21,10,IRAPUATO,478.91,465.67,10.49,2.76
2020-11-21,11,IRAPUATO,486.85,472.45,10.71,3.69
2020-11-21,12,IRAPUATO,496.81,479.88,11.77,5.16
2020-11-21,13,IRAPUATO,514.08,495.84,11.97,6.28
2020-11-21,14,IRAPUATO,486.74,472.27,10.68,3.79
2020-11-21,15,IRAPUATO,489.08,473.59,11.05,4.44
2020-11-21,16,IRAPUATO,480.54,465.99,10.6,3.95
2020-11-21,17,IRAPUATO,488.29,473.95,11.1,3.24
2020-11-21,18,IRAPUATO,497.6,485.69,11.91,0
2020-11-21,19,IRAPUATO,519.05,505.15,13.9,0
2020-11-21,20,IRAPUATO,516.65,502.87,13.78,0
2020-11-21,21,IRAPUATO,517.29,504.22,13.07,0
2020-11-21,22,IRAPUATO,522.45,508.51,13.95,0
2020-11-21,23,IRAPUATO,521.94,508.27,13.67,0
2020-11-21,24,IRAPUATO,501.98,489.65,12.33,0
2020-11-21,1,IXMIQUILPAN,500.37,474.39,25.98,0
2020-11-21,2,IXMIQUILPAN,487.77,461.94,25.83,0
2020-11-21,3,IXMIQUILPAN,471.74,447.34,24.4,0
2020-11-21,4,IXMIQUILPAN,463.83,440.86,22.96,0
2020-11-21,5,IXMIQUILPAN,463.09,439.99,23.11,0
2020-11-21,6,IXMIQUILPAN,468.97,444.86,24.11,0
2020-11-21,7,IXMIQUILPAN,484.1,458.1,26,0
2020-11-21,8,IXMIQUILPAN,487.57,460.21,27.36,0
2020-11-21,9,IXMIQUILPAN,485.57,456.24,29.32,0
2020-11-21,10,IXMIQUILPAN,492.5,465.67,27.34,-.51
2020-11-21,11,IXMIQUILPAN,499.4,472.45,27.65,-.69
2020-11-21,12,IXMIQUILPAN,505.91,479.88,27,-.97
2020-11-21,13,IXMIQUILPAN,521.76,495.84,27.11,-1.19
2020-11-21,14,IXMIQUILPAN,497.84,472.27,26.29,-.72
2020-11-21,15,IXMIQUILPAN,497.19,473.59,24.45,-.85
2020-11-21,16,IXMIQUILPAN,488.24,465.99,23.01,-.76
2020-11-21,17,IXMIQUILPAN,495.95,473.95,22.62,-.62
2020-11-21,18,IXMIQUILPAN,511.05,485.69,25.36,0
2020-11-21,19,IXMIQUILPAN,523.08,505.15,17.93,0
2020-11-21,20,IXMIQUILPAN,521.18,502.87,18.32,0
2020-11-21,21,IXMIQUILPAN,523.58,504.22,19.36,0
2020-11-21,22,IXMIQUILPAN,517.71,508.51,9.2,0
2020-11-21,23,IXMIQUILPAN,524.21,508.27,15.94,0
2020-11-21,24,IXMIQUILPAN,511.88,489.65,22.23,0
2020-11-21,1,IZUCAR,503.69,474.39,29.3,0
2020-11-21,2,IZUCAR,489.63,461.94,27.69,0
2020-11-21,3,IZUCAR,473.13,447.34,25.79,0
2020-11-21,4,IZUCAR,462.98,440.86,22.12,0
2020-11-21,5,IZUCAR,462.02,439.99,22.03,0
2020-11-21,6,IZUCAR,467.9,444.86,23.04,0
2020-11-21,7,IZUCAR,482.19,458.1,24.1,0
2020-11-21,8,IZUCAR,485.2,460.21,24.99,0
2020-11-21,9,IZUCAR,483.75,456.24,27.51,0
2020-11-21,10,IZUCAR,492.84,465.67,29.05,-1.88
2020-11-21,11,IZUCAR,501.06,472.45,31.14,-2.53
2020-11-21,12,IZUCAR,508.14,479.88,31.79,-3.54
2020-11-21,13,IZUCAR,525.36,495.84,33.82,-4.3
2020-11-21,14,IZUCAR,502.17,472.27,32.49,-2.6
2020-11-21,15,IZUCAR,502.24,473.59,31.69,-3.04
2020-11-21,16,IZUCAR,494.42,465.99,31.14,-2.7
2020-11-21,17,IZUCAR,503.48,473.95,31.74,-2.21
2020-11-21,18,IZUCAR,516.9,485.69,31.21,0
2020-11-21,19,IZUCAR,539.71,505.15,34.56,0
2020-11-21,20,IZUCAR,539.67,502.87,36.8,0
2020-11-21,21,IZUCAR,545.46,504.22,41.23,0
2020-11-21,22,IZUCAR,548.04,508.51,39.54,0
2020-11-21,23,IZUCAR,546.08,508.27,37.81,0
2020-11-21,24,IZUCAR,523.77,489.65,34.13,0
2020-11-21,1,JIQUILPAN,484.29,474.39,9.9,0
2020-11-21,2,JIQUILPAN,469.38,461.94,7.44,0
2020-11-21,3,JIQUILPAN,453.58,447.34,6.24,0
2020-11-21,4,JIQUILPAN,446.73,440.86,5.87,0
2020-11-21,5,JIQUILPAN,445.48,439.99,5.49,0
2020-11-21,6,JIQUILPAN,450.89,444.86,6.03,0
2020-11-21,7,JIQUILPAN,465.95,458.1,7.86,0
2020-11-21,8,JIQUILPAN,468.46,460.21,8.24,0
2020-11-21,9,JIQUILPAN,463.73,456.24,7.48,0
2020-11-21,10,JIQUILPAN,475.63,465.67,8.15,1.81
2020-11-21,11,JIQUILPAN,483.64,472.45,8.78,2.42
2020-11-21,12,JIQUILPAN,494.16,479.88,10.9,3.38
2020-11-21,13,JIQUILPAN,510.21,495.84,10.25,4.12
2020-11-21,14,JIQUILPAN,482.11,472.27,7.35,2.49
2020-11-21,15,JIQUILPAN,485.42,473.59,8.92,2.91
2020-11-21,16,JIQUILPAN,477.26,465.99,8.68,2.59
2020-11-21,17,JIQUILPAN,485.53,473.95,9.47,2.11
2020-11-21,18,JIQUILPAN,496.73,485.69,11.04,0
2020-11-21,19,JIQUILPAN,514.68,505.15,9.53,0
2020-11-21,20,JIQUILPAN,513.45,502.87,10.58,0
2020-11-21,21,JIQUILPAN,514.16,504.22,9.94,0
2020-11-21,22,JIQUILPAN,521.59,508.51,13.09,0
2020-11-21,23,JIQUILPAN,522.91,508.27,14.64,0
2020-11-21,24,JIQUILPAN,502.7,489.65,13.05,0
2020-11-21,1,JUAREZ,389.52,474.39,-84.87,0
2020-11-21,2,JUAREZ,368.93,461.94,-93.01,0
2020-11-21,3,JUAREZ,367.67,447.34,-79.67,0
2020-11-21,4,JUAREZ,358.16,440.86,-82.7,0
2020-11-21,5,JUAREZ,363.25,439.99,-76.74,0
2020-11-21,6,JUAREZ,360.28,444.86,-84.58,0
2020-11-21,7,JUAREZ,368.79,458.1,-89.3,0
2020-11-21,8,JUAREZ,370.55,460.21,-89.66,0
2020-11-21,9,JUAREZ,358.13,456.24,-98.11,0
2020-11-21,10,JUAREZ,334.5,465.67,-103.59,-27.59
2020-11-21,11,JUAREZ,336.74,472.45,-98.86,-36.84
2020-11-21,12,JUAREZ,342.44,479.88,-85.83,-51.61
2020-11-21,13,JUAREZ,335.04,495.84,-98.11,-62.69
2020-11-21,14,JUAREZ,339.37,472.27,-95.05,-37.85
2020-11-21,15,JUAREZ,334.78,473.59,-94.47,-44.34
2020-11-21,16,JUAREZ,336.34,465.99,-90.21,-39.44
2020-11-21,17,JUAREZ,345.32,473.95,-96.27,-32.37
2020-11-21,18,JUAREZ,386.72,485.69,-98.97,0
2020-11-21,19,JUAREZ,438.83,505.15,-66.32,0
2020-11-21,20,JUAREZ,421.96,502.87,-80.91,0
2020-11-21,21,JUAREZ,432.02,504.22,-72.21,0
2020-11-21,22,JUAREZ,430.87,508.51,-77.63,0
2020-11-21,23,JUAREZ,431.82,508.27,-76.44,0
2020-11-21,24,JUAREZ,414.84,489.65,-74.81,0
2020-11-21,1,LAGUNA,447.37,474.39,-27.03,0
2020-11-21,2,LAGUNA,432.6,461.94,-29.33,0
2020-11-21,3,LAGUNA,420.6,447.34,-26.74,0
2020-11-21,4,LAGUNA,413.28,440.86,-27.58,0
2020-11-21,5,LAGUNA,414.06,439.99,-25.93,0
2020-11-21,6,LAGUNA,417.22,444.86,-27.64,0
2020-11-21,7,LAGUNA,431.9,458.1,-26.2,0
2020-11-21,8,LAGUNA,432.73,460.21,-27.48,0
2020-11-21,9,LAGUNA,412.09,456.24,-44.15,0
2020-11-21,10,LAGUNA,386.08,465.67,-50.13,-29.46
2020-11-21,11,LAGUNA,382.65,472.45,-50.28,-39.52
2020-11-21,12,LAGUNA,377.59,479.88,-46.91,-55.38
2020-11-21,13,LAGUNA,379.64,495.84,-48.97,-67.23
2020-11-21,14,LAGUNA,383.61,472.27,-48.07,-40.6
2020-11-21,15,LAGUNA,379.23,473.59,-46.8,-47.56
2020-11-21,16,LAGUNA,376.95,465.99,-46.73,-42.3
2020-11-21,17,LAGUNA,392.38,473.95,-46.86,-34.71
2020-11-21,18,LAGUNA,451.71,485.69,-33.98,0
2020-11-21,19,LAGUNA,489.71,505.15,-15.44,0
2020-11-21,20,LAGUNA,481.4,502.87,-21.47,0
2020-11-21,21,LAGUNA,483.46,504.22,-20.76,0
2020-11-21,22,LAGUNA,487.87,508.51,-20.64,0
2020-11-21,23,LAGUNA,485.27,508.27,-23,0
2020-11-21,24,LAGUNA,466.71,489.65,-22.94,0
2020-11-21,1,LAZARO CARDENAS,495.64,474.39,21.25,0
2020-11-21,2,LAZARO CARDENAS,482.75,461.94,20.81,0
2020-11-21,3,LAZARO CARDENAS,465.63,447.34,18.29,0
2020-11-21,4,LAZARO CARDENAS,458.29,440.86,17.42,0
2020-11-21,5,LAZARO CARDENAS,455.85,439.99,15.86,0
2020-11-21,6,LAZARO CARDENAS,462.42,444.86,17.56,0
2020-11-21,7,LAZARO CARDENAS,478.41,458.1,20.32,0
2020-11-21,8,LAZARO CARDENAS,478.2,460.21,17.99,0
2020-11-21,9,LAZARO CARDENAS,474.54,456.24,18.3,0
2020-11-21,10,LAZARO CARDENAS,484.49,465.67,18.64,.17
2020-11-21,11,LAZARO CARDENAS,492.05,472.45,19.38,.23
2020-11-21,12,LAZARO CARDENAS,501.21,479.88,21.01,.32
2020-11-21,13,LAZARO CARDENAS,516.39,495.84,20.17,.39
2020-11-21,14,LAZARO CARDENAS,486.86,472.27,14.36,.23
2020-11-21,15,LAZARO CARDENAS,492.48,473.59,18.61,.27
2020-11-21,16,LAZARO CARDENAS,485.12,465.99,18.89,.24
2020-11-21,17,LAZARO CARDENAS,494.63,473.95,20.52,.16
2020-11-21,18,LAZARO CARDENAS,505.49,485.69,19.8,0
2020-11-21,19,LAZARO CARDENAS,516.93,505.15,11.79,0
2020-11-21,20,LAZARO CARDENAS,514.21,502.87,11.34,0
2020-11-21,21,LAZARO CARDENAS,514.94,504.22,10.72,0
2020-11-21,22,LAZARO CARDENAS,522.04,508.51,13.54,0
2020-11-21,23,LAZARO CARDENAS,528.06,508.27,19.79,0
2020-11-21,24,LAZARO CARDENAS,512.23,489.65,22.58,0
2020-11-21,1,LEON,486.05,474.39,11.66,0
2020-11-21,2,LEON,471.65,461.94,9.71,0
2020-11-21,3,LEON,456.59,447.34,9.26,0
2020-11-21,4,LEON,449.97,440.86,9.1,0
2020-11-21,5,LEON,449.18,439.99,9.2,0
2020-11-21,6,LEON,454.22,444.86,9.36,0
2020-11-21,7,LEON,468.76,458.1,10.67,0
2020-11-21,8,LEON,471.2,460.21,10.99,0
2020-11-21,9,LEON,465.75,456.24,9.51,0
2020-11-21,10,LEON,480.59,465.67,10.96,3.97
2020-11-21,11,LEON,488.97,472.45,11.2,5.32
2020-11-21,12,LEON,499.82,479.88,12.48,7.45
2020-11-21,13,LEON,517.63,495.84,12.73,9.06
2020-11-21,14,LEON,488.75,472.27,11.01,5.47
2020-11-21,15,LEON,491.15,473.59,11.15,6.41
2020-11-21,16,LEON,482.12,465.99,10.43,5.7
2020-11-21,17,LEON,489.85,473.95,11.22,4.67
2020-11-21,18,LEON,498.43,485.69,12.74,0
2020-11-21,19,LEON,521.62,505.15,16.47,0
2020-11-21,20,LEON,518.75,502.87,15.88,0
2020-11-21,21,LEON,518.91,504.22,14.68,0
2020-11-21,22,LEON,524.1,508.51,15.6,0
2020-11-21,23,LEON,523.43,508.27,15.16,0
2020-11-21,24,LEON,502.79,489.65,13.14,0
2020-11-21,1,LOS ALTOS,486.13,474.39,11.74,0
2020-11-21,2,LOS ALTOS,471.09,461.94,9.15,0
2020-11-21,3,LOS ALTOS,456.08,447.34,8.74,0
2020-11-21,4,LOS ALTOS,449.59,440.86,8.72,0
2020-11-21,5,LOS ALTOS,449.32,439.99,9.34,0
2020-11-21,6,LOS ALTOS,454.41,444.86,9.55,0
2020-11-21,7,LOS ALTOS,469.87,458.1,11.78,0
2020-11-21,8,LOS ALTOS,472.25,460.21,12.04,0
2020-11-21,9,LOS ALTOS,465.38,456.24,9.14,0
2020-11-21,10,LOS ALTOS,480.98,465.67,10.08,5.22
2020-11-21,11,LOS ALTOS,488.96,472.45,9.46,7.05
2020-11-21,12,LOS ALTOS,500.98,479.88,11.18,9.92
2020-11-21,13,LOS ALTOS,518.95,495.84,10.99,12.12
2020-11-21,14,LOS ALTOS,488.78,472.27,9.14,7.37
2020-11-21,15,LOS ALTOS,492.49,473.59,10.29,8.61
2020-11-21,16,LOS ALTOS,483.35,465.99,9.69,7.67
2020-11-21,17,LOS ALTOS,491.22,473.95,10.95,6.32
2020-11-21,18,LOS ALTOS,499.31,485.69,13.62,0
2020-11-21,19,LOS ALTOS,523.63,505.15,18.48,0
2020-11-21,20,LOS ALTOS,520.72,502.87,17.85,0
2020-11-21,21,LOS ALTOS,520.29,504.22,16.07,0
2020-11-21,22,LOS ALTOS,525.73,508.51,17.22,0
2020-11-21,23,LOS ALTOS,525.37,508.27,17.1,0
2020-11-21,24,LOS ALTOS,504.16,489.65,14.51,0
2020-11-21,1,LOS MOCHIS,411.25,474.39,-63.15,0
2020-11-21,2,LOS MOCHIS,392.64,461.94,-69.3,0
2020-11-21,3,LOS MOCHIS,382.87,447.34,-64.47,0
2020-11-21,4,LOS MOCHIS,376.93,440.86,-63.93,0
2020-11-21,5,LOS MOCHIS,377.62,439.99,-62.37,0
2020-11-21,6,LOS MOCHIS,378.02,444.86,-66.84,0
2020-11-21,7,LOS MOCHIS,383.35,458.1,-74.75,0
2020-11-21,8,LOS MOCHIS,382.48,460.21,-77.74,0
2020-11-21,9,LOS MOCHIS,375.1,456.24,-81.15,0
2020-11-21,10,LOS MOCHIS,361.8,465.67,-90.2,-13.67
2020-11-21,11,LOS MOCHIS,364.47,472.45,-89.52,-18.45
2020-11-21,12,LOS MOCHIS,370.41,479.88,-83.63,-25.85
2020-11-21,13,LOS MOCHIS,371.95,495.84,-92.51,-31.38
2020-11-21,14,LOS MOCHIS,367.63,472.27,-85.69,-18.95
2020-11-21,15,LOS MOCHIS,371.01,473.59,-80.38,-22.2
2020-11-21,16,LOS MOCHIS,366.26,465.99,-79.99,-19.75
2020-11-21,17,LOS MOCHIS,376.02,473.95,-81.72,-16.21
2020-11-21,18,LOS MOCHIS,413.39,485.69,-72.3,0
2020-11-21,19,LOS MOCHIS,447.36,505.15,-57.79,0
2020-11-21,20,LOS MOCHIS,444.1,502.87,-58.77,0
2020-11-21,21,LOS MOCHIS,445.53,504.22,-58.7,0
2020-11-21,22,LOS MOCHIS,455.14,508.51,-53.37,0
2020-11-21,23,LOS MOCHIS,452.42,508.27,-55.84,0
2020-11-21,24,LOS MOCHIS,432.19,489.65,-57.46,0
2020-11-21,1,LOS RIOS,497.67,474.39,23.28,0
2020-11-21,2,LOS RIOS,482.36,461.94,20.42,0
2020-11-21,3,LOS RIOS,464.49,447.34,17.15,0
2020-11-21,4,LOS RIOS,448.79,440.86,7.93,0
2020-11-21,5,LOS RIOS,446.45,439.99,6.46,0
2020-11-21,6,LOS RIOS,451.09,444.86,6.23,0
2020-11-21,7,LOS RIOS,460.81,458.1,2.71,0
2020-11-21,8,LOS RIOS,463.35,460.21,3.13,0
2020-11-21,9,LOS RIOS,463.46,456.24,7.21,0
2020-11-21,10,LOS RIOS,472.05,465.67,8.32,-1.94
2020-11-21,11,LOS RIOS,480.46,472.45,10.61,-2.6
2020-11-21,12,LOS RIOS,487.2,479.88,10.96,-3.65
2020-11-21,13,LOS RIOS,506.18,495.84,14.77,-4.43
2020-11-21,14,LOS RIOS,483.82,472.27,14.23,-2.68
2020-11-21,15,LOS RIOS,483.99,473.59,13.54,-3.13
2020-11-21,16,LOS RIOS,477.98,465.99,14.78,-2.79
2020-11-21,17,LOS RIOS,487.84,473.95,16.18,-2.29
2020-11-21,18,LOS RIOS,498.23,485.69,12.55,0
2020-11-21,19,LOS RIOS,514.76,505.15,9.62,0
2020-11-21,20,LOS RIOS,518.89,502.87,16.02,0
2020-11-21,21,LOS RIOS,539.47,504.22,35.25,0
2020-11-21,22,LOS RIOS,542,508.51,33.5,0
2020-11-21,23,LOS RIOS,540,508.27,31.73,0
2020-11-21,24,LOS RIOS,515.9,489.65,26.25,0
2020-11-21,1,LOS TUXTLAS,490.48,474.39,16.09,0
2020-11-21,2,LOS TUXTLAS,473.28,461.94,11.34,0
2020-11-21,3,LOS TUXTLAS,456.64,447.34,9.3,0
2020-11-21,4,LOS TUXTLAS,445.15,440.86,4.28,0
2020-11-21,5,LOS TUXTLAS,444.07,439.99,4.08,0
2020-11-21,6,LOS TUXTLAS,449.47,444.86,4.61,0
2020-11-21,7,LOS TUXTLAS,461.25,458.1,3.16,0
2020-11-21,8,LOS TUXTLAS,464.81,460.21,4.6,0
2020-11-21,9,LOS TUXTLAS,464.05,456.24,7.8,0
2020-11-21,10,LOS TUXTLAS,475.35,465.67,11.65,-1.97
2020-11-21,11,LOS TUXTLAS,483.3,472.45,13.5,-2.64
2020-11-21,12,LOS TUXTLAS,490.16,479.88,13.98,-3.7
2020-11-21,13,LOS TUXTLAS,507.86,495.84,16.52,-4.5
2020-11-21,14,LOS TUXTLAS,485.89,472.27,16.33,-2.72
2020-11-21,15,LOS TUXTLAS,486.28,473.59,15.87,-3.18
2020-11-21,16,LOS TUXTLAS,479.94,465.99,16.78,-2.83
2020-11-21,17,LOS TUXTLAS,489.34,473.95,17.71,-2.33
2020-11-21,18,LOS TUXTLAS,500.99,485.69,15.3,0
2020-11-21,19,LOS TUXTLAS,522.61,505.15,17.46,0
2020-11-21,20,LOS TUXTLAS,524.43,502.87,21.56,0
2020-11-21,21,LOS TUXTLAS,535.26,504.22,31.03,0
2020-11-21,22,LOS TUXTLAS,536.7,508.51,28.19,0
2020-11-21,23,LOS TUXTLAS,534.2,508.27,25.94,0
2020-11-21,24,LOS TUXTLAS,510.37,489.65,20.72,0
2020-11-21,1,MANZANILLO,476.04,474.39,1.65,0
2020-11-21,2,MANZANILLO,461.01,461.94,-.93,0
2020-11-21,3,MANZANILLO,445.59,447.34,-1.75,0
2020-11-21,4,MANZANILLO,438.76,440.86,-2.1,0
2020-11-21,5,MANZANILLO,437.74,439.99,-2.25,0
2020-11-21,6,MANZANILLO,442.55,444.86,-2.31,0
2020-11-21,7,MANZANILLO,456.83,458.1,-1.26,0
2020-11-21,8,MANZANILLO,458.64,460.21,-1.57,0
2020-11-21,9,MANZANILLO,452.26,456.24,-3.99,0
2020-11-21,10,MANZANILLO,463.61,465.67,-3.52,1.46
2020-11-21,11,MANZANILLO,471.59,472.45,-2.81,1.95
2020-11-21,12,MANZANILLO,482.23,479.88,-.38,2.72
2020-11-21,13,MANZANILLO,497.67,495.84,-1.48,3.32
2020-11-21,14,MANZANILLO,470.75,472.27,-3.52,2
2020-11-21,15,MANZANILLO,473.87,473.59,-2.07,2.35
2020-11-21,16,MANZANILLO,465.9,465.99,-2.17,2.09
2020-11-21,17,MANZANILLO,474.45,473.95,-1.21,1.7
2020-11-21,18,MANZANILLO,486.65,485.69,.97,0
2020-11-21,19,MANZANILLO,504.89,505.15,-.26,0
2020-11-21,20,MANZANILLO,503.62,502.87,.75,0
2020-11-21,21,MANZANILLO,504.2,504.22,-.02,0
2020-11-21,22,MANZANILLO,513.88,508.51,5.38,0
2020-11-21,23,MANZANILLO,515.08,508.27,6.81,0
2020-11-21,24,MANZANILLO,494.61,489.65,4.96,0
2020-11-21,1,MATAMOROS,398.18,474.39,-76.21,0
2020-11-21,2,MATAMOROS,386.92,461.94,-75.02,0
2020-11-21,3,MATAMOROS,377.51,447.34,-69.83,0
2020-11-21,4,MATAMOROS,370.5,440.86,-70.37,0
2020-11-21,5,MATAMOROS,372.43,439.99,-67.56,0
2020-11-21,6,MATAMOROS,376.1,444.86,-68.76,0
2020-11-21,7,MATAMOROS,392.14,458.1,-65.96,0
2020-11-21,8,MATAMOROS,396.3,460.21,-63.92,0
2020-11-21,9,MATAMOROS,387.38,456.24,-68.87,0
2020-11-21,10,MATAMOROS,360.27,465.67,-66.41,-38.99
2020-11-21,11,MATAMOROS,352.71,472.45,-67.43,-52.31
2020-11-21,12,MATAMOROS,341.16,479.88,-65.48,-73.24
2020-11-21,13,MATAMOROS,342.58,495.84,-64.26,-89
2020-11-21,14,MATAMOROS,356.82,472.27,-61.72,-53.74
2020-11-21,15,MATAMOROS,350.68,473.59,-59.95,-62.96
2020-11-21,16,MATAMOROS,351.24,465.99,-58.75,-56
2020-11-21,17,MATAMOROS,365.74,473.95,-62.26,-45.95
2020-11-21,18,MATAMOROS,422.72,485.69,-62.97,0
2020-11-21,19,MATAMOROS,451.43,505.15,-53.72,0
2020-11-21,20,MATAMOROS,435.82,502.87,-67.05,0
2020-11-21,21,MATAMOROS,433.91,504.22,-70.31,0
2020-11-21,22,MATAMOROS,440.19,508.51,-68.32,0
2020-11-21,23,MATAMOROS,438.56,508.27,-69.71,0
2020-11-21,24,MATAMOROS,419.52,489.65,-70.13,0
2020-11-21,1,MATEHUALA,477.49,474.39,3.1,0
2020-11-21,2,MATEHUALA,464.65,461.94,2.71,0
2020-11-21,3,MATEHUALA,450.48,447.34,3.15,0
2020-11-21,4,MATEHUALA,446.81,440.86,5.95,0
2020-11-21,5,MATEHUALA,450.17,439.99,10.18,0
2020-11-21,6,MATEHUALA,455.19,444.86,10.33,0
2020-11-21,7,MATEHUALA,470.36,458.1,12.27,0
2020-11-21,8,MATEHUALA,474.52,460.21,14.31,0
2020-11-21,9,MATEHUALA,468.09,456.24,11.84,0
2020-11-21,10,MATEHUALA,479.83,465.67,11.02,3.14
2020-11-21,11,MATEHUALA,487.58,472.45,10.91,4.22
2020-11-21,12,MATEHUALA,498.16,479.88,12.37,5.9
2020-11-21,13,MATEHUALA,515.6,495.84,12.59,7.17
2020-11-21,14,MATEHUALA,488.57,472.27,11.97,4.33
2020-11-21,15,MATEHUALA,487.61,473.59,8.94,5.07
2020-11-21,16,MATEHUALA,474.17,465.99,3.67,4.51
2020-11-21,17,MATEHUALA,481.89,473.95,4.24,3.7
2020-11-21,18,MATEHUALA,493.99,485.69,8.3,0
2020-11-21,19,MATEHUALA,517.48,505.15,12.33,0
2020-11-21,20,MATEHUALA,506.79,502.87,3.92,0
2020-11-21,21,MATEHUALA,505.81,504.22,1.58,0
2020-11-21,22,MATEHUALA,516.73,508.51,8.22,0
2020-11-21,23,MATEHUALA,522.25,508.27,13.98,0
2020-11-21,24,MATEHUALA,504.18,489.65,14.53,0
2020-11-21,1,MAZATLAN,456.37,474.39,-18.02,0
2020-11-21,2,MAZATLAN,438.82,461.94,-23.12,0
2020-11-21,3,MAZATLAN,425.36,447.34,-21.98,0
2020-11-21,4,MAZATLAN,417.79,440.86,-23.07,0
2020-11-21,5,MAZATLAN,417.33,439.99,-22.66,0
2020-11-21,6,MAZATLAN,419.87,444.86,-24.99,0
2020-11-21,7,MAZATLAN,430.83,458.1,-27.27,0
2020-11-21,8,MAZATLAN,430.66,460.21,-29.56,0
2020-11-21,9,MAZATLAN,419.85,456.24,-36.39,0
2020-11-21,10,MAZATLAN,414.4,465.67,-40.23,-11.04
2020-11-21,11,MAZATLAN,418.61,472.45,-38.97,-14.87
2020-11-21,12,MAZATLAN,424.73,479.88,-34.32,-20.84
2020-11-21,13,MAZATLAN,431.37,495.84,-39.17,-25.29
2020-11-21,14,MAZATLAN,418.92,472.27,-38.08,-15.27
2020-11-21,15,MAZATLAN,420.91,473.59,-34.79,-17.89
2020-11-21,16,MAZATLAN,415.84,465.99,-34.24,-15.91
2020-11-21,17,MAZATLAN,426.46,473.95,-34.43,-13.06
2020-11-21,18,MAZATLAN,459.22,485.69,-26.47,0
2020-11-21,19,MAZATLAN,485.42,505.15,-19.73,0
2020-11-21,20,MAZATLAN,483.58,502.87,-19.29,0
2020-11-21,21,MAZATLAN,485.23,504.22,-18.99,0
2020-11-21,22,MAZATLAN,497.06,508.51,-11.45,0
2020-11-21,23,MAZATLAN,495.59,508.27,-12.68,0
2020-11-21,24,MAZATLAN,474.61,489.65,-15.04,0
2020-11-21,1,MERIDA,502.81,474.39,28.42,0
2020-11-21,2,MERIDA,484.51,461.94,22.58,0
2020-11-21,3,MERIDA,465.4,447.34,18.07,0
2020-11-21,4,MERIDA,444.05,440.86,3.19,0
2020-11-21,5,MERIDA,442.03,439.99,2.04,0
2020-11-21,6,MERIDA,446.92,444.86,2.06,0
2020-11-21,7,MERIDA,456.49,458.1,-1.61,0
2020-11-21,8,MERIDA,459.1,460.21,-1.11,0
2020-11-21,9,MERIDA,462.52,456.24,6.28,0
2020-11-21,10,MERIDA,471.88,465.67,8.15,-1.94
2020-11-21,11,MERIDA,480.42,472.45,10.58,-2.6
2020-11-21,12,MERIDA,487.69,479.88,11.45,-3.65
2020-11-21,13,MERIDA,509.43,495.84,18.02,-4.43
2020-11-21,14,MERIDA,486.23,472.27,16.64,-2.68
2020-11-21,15,MERIDA,486.46,473.59,16.01,-3.13
2020-11-21,16,MERIDA,481.5,465.99,18.3,-2.79
2020-11-21,17,MERIDA,492.19,473.95,20.53,-2.29
2020-11-21,18,MERIDA,505.1,485.69,19.41,0
2020-11-21,19,MERIDA,518.54,505.15,13.39,0
2020-11-21,20,MERIDA,521.34,502.87,18.47,0
2020-11-21,21,MERIDA,542.41,504.22,38.19,0
2020-11-21,22,MERIDA,546.19,508.51,37.68,0
2020-11-21,23,MERIDA,544.99,508.27,36.72,0
2020-11-21,24,MERIDA,520.8,489.65,31.15,0
2020-11-21,1,MINAS,507.14,474.39,32.75,0
2020-11-21,2,MINAS,488.79,461.94,26.86,0
2020-11-21,3,MINAS,471.75,447.34,24.41,0
2020-11-21,4,MINAS,464.3,440.86,23.43,0
2020-11-21,5,MINAS,463.27,439.99,23.29,0
2020-11-21,6,MINAS,467.54,444.86,22.68,0
2020-11-21,7,MINAS,483.07,458.1,24.97,0
2020-11-21,8,MINAS,487.03,460.21,26.82,0
2020-11-21,9,MINAS,480.55,456.24,24.31,0
2020-11-21,10,MINAS,492.59,465.67,25.92,1
2020-11-21,11,MINAS,501.16,472.45,27.37,1.34
2020-11-21,12,MINAS,512.65,479.88,30.91,1.86
2020-11-21,13,MINAS,529.94,495.84,31.82,2.27
2020-11-21,14,MINAS,502.97,472.27,29.32,1.38
2020-11-21,15,MINAS,504.21,473.59,29.02,1.61
2020-11-21,16,MINAS,495.79,465.99,28.37,1.43
2020-11-21,17,MINAS,505.67,473.95,30.55,1.17
2020-11-21,18,MINAS,523.55,485.69,37.86,0
2020-11-21,19,MINAS,550.57,505.15,45.42,0
2020-11-21,20,MINAS,547.15,502.87,44.28,0
2020-11-21,21,MINAS,544.71,504.22,40.49,0
2020-11-21,22,MINAS,551.93,508.51,43.42,0
2020-11-21,23,MINAS,550.78,508.27,42.52,0
2020-11-21,24,MINAS,523.43,489.65,33.78,0
2020-11-21,1,MONCLOVA,411.28,474.39,-63.11,0
2020-11-21,2,MONCLOVA,398.88,461.94,-63.06,0
2020-11-21,3,MONCLOVA,388.64,447.34,-58.7,0
2020-11-21,4,MONCLOVA,382.45,440.86,-58.42,0
2020-11-21,5,MONCLOVA,384.63,439.99,-55.36,0
2020-11-21,6,MONCLOVA,388.53,444.86,-56.33,0
2020-11-21,7,MONCLOVA,403.54,458.1,-54.55,0
2020-11-21,8,MONCLOVA,406.1,460.21,-54.11,0
2020-11-21,9,MONCLOVA,395.54,456.24,-60.7,0
2020-11-21,10,MONCLOVA,364.77,465.67,-61.58,-39.33
2020-11-21,11,MONCLOVA,358.59,472.45,-61.11,-52.75
2020-11-21,12,MONCLOVA,346.15,479.88,-59.88,-73.85
2020-11-21,13,MONCLOVA,345.17,495.84,-60.93,-89.75
2020-11-21,14,MONCLOVA,360.18,472.27,-57.9,-54.2
2020-11-21,15,MONCLOVA,352.01,473.59,-58.1,-63.48
2020-11-21,16,MONCLOVA,351.59,465.99,-57.94,-56.47
2020-11-21,17,MONCLOVA,363.71,473.95,-63.92,-46.32
2020-11-21,18,MONCLOVA,425.59,485.69,-60.1,0
2020-11-21,19,MONCLOVA,460.26,505.15,-44.89,0
2020-11-21,20,MONCLOVA,448.38,502.87,-54.49,0
2020-11-21,21,MONCLOVA,447.92,504.22,-56.3,0
2020-11-21,22,MONCLOVA,454.2,508.51,-54.31,0
2020-11-21,23,MONCLOVA,452.89,508.27,-55.37,0
2020-11-21,24,MONCLOVA,433.71,489.65,-55.94,0
2020-11-21,1,MONTEMORELOS,425.44,474.39,-48.95,0
2020-11-21,2,MONTEMORELOS,413.05,461.94,-48.89,0
2020-11-21,3,MONTEMORELOS,402.21,447.34,-45.13,0
2020-11-21,4,MONTEMORELOS,396.16,440.86,-44.71,0
2020-11-21,5,MONTEMORELOS,397.41,439.99,-42.58,0
2020-11-21,6,MONTEMORELOS,401.23,444.86,-43.63,0
2020-11-21,7,MONTEMORELOS,416.14,458.1,-41.96,0
2020-11-21,8,MONTEMORELOS,419.29,460.21,-40.92,0
2020-11-21,9,MONTEMORELOS,410.31,456.24,-45.93,0
2020-11-21,10,MONTEMORELOS,385.44,465.67,-45.75,-34.49
2020-11-21,11,MONTEMORELOS,379.69,472.45,-46.45,-46.31
2020-11-21,12,MONTEMORELOS,369.78,479.88,-45.25,-64.86
2020-11-21,13,MONTEMORELOS,371.66,495.84,-45.28,-78.9
2020-11-21,14,MONTEMORELOS,380.86,472.27,-43.67,-47.74
2020-11-21,15,MONTEMORELOS,374.48,473.59,-43.09,-56.02
2020-11-21,16,MONTEMORELOS,373.25,465.99,-42.91,-49.83
2020-11-21,17,MONTEMORELOS,386.49,473.95,-46.49,-40.97
2020-11-21,18,MONTEMORELOS,442.94,485.69,-42.75,0
2020-11-21,19,MONTEMORELOS,474.92,505.15,-30.24,0
2020-11-21,20,MONTEMORELOS,464.22,502.87,-38.65,0
2020-11-21,21,MONTEMORELOS,463.09,504.22,-41.14,0
2020-11-21,22,MONTEMORELOS,468.52,508.51,-39.98,0
2020-11-21,23,MONTEMORELOS,466.69,508.27,-41.58,0
2020-11-21,24,MONTEMORELOS,446.95,489.65,-42.7,0
2020-11-21,1,MONTERREY,417.66,474.39,-56.73,0
2020-11-21,2,MONTERREY,405.52,461.94,-56.42,0
2020-11-21,3,MONTERREY,394.99,447.34,-52.35,0
2020-11-21,4,MONTERREY,388.95,440.86,-51.91,0
2020-11-21,5,MONTERREY,390.49,439.99,-49.5,0
2020-11-21,6,MONTERREY,394.09,444.86,-50.77,0
2020-11-21,7,MONTERREY,409.2,458.1,-48.9,0
2020-11-21,8,MONTERREY,412.24,460.21,-47.98,0
2020-11-21,9,MONTERREY,402.1,456.24,-54.14,0
2020-11-21,10,MONTERREY,372.23,465.67,-54.47,-38.97
2020-11-21,11,MONTERREY,364.89,472.45,-55.26,-52.29
2020-11-21,12,MONTERREY,352.73,479.88,-53.97,-73.19
2020-11-21,13,MONTERREY,352.94,495.84,-53.92,-88.97
2020-11-21,14,MONTERREY,366.36,472.27,-52.19,-53.72
2020-11-21,15,MONTERREY,358.95,473.59,-51.71,-62.93
2020-11-21,16,MONTERREY,358.51,465.99,-51.5,-55.98
2020-11-21,17,MONTERREY,372.78,473.95,-55.24,-45.93
2020-11-21,18,MONTERREY,434.47,485.69,-51.22,0
2020-11-21,19,MONTERREY,467.08,505.15,-38.07,0
2020-11-21,20,MONTERREY,455.51,502.87,-47.35,0
2020-11-21,21,MONTERREY,454.67,504.22,-49.55,0
2020-11-21,22,MONTERREY,460.68,508.51,-47.83,0
2020-11-21,23,MONTERREY,459.03,508.27,-49.23,0
2020-11-21,24,MONTERREY,439.62,489.65,-50.03,0
2020-11-21,1,MORELIA,492.21,474.39,17.82,0
2020-11-21,2,MORELIA,477.21,461.94,15.28,0
2020-11-21,3,MORELIA,460.94,447.34,13.6,0
2020-11-21,4,MORELIA,453.6,440.86,12.74,0
2020-11-21,5,MORELIA,452.32,439.99,12.33,0
2020-11-21,6,MORELIA,458.15,444.86,13.29,0
2020-11-21,7,MORELIA,473.85,458.1,15.76,0
2020-11-21,8,MORELIA,477.17,460.21,16.96,0
2020-11-21,9,MORELIA,474.13,456.24,17.88,0
2020-11-21,10,MORELIA,486.29,465.67,19.49,1.13
2020-11-21,11,MORELIA,494.49,472.45,20.52,1.53
2020-11-21,12,MORELIA,504.55,479.88,22.52,2.14
2020-11-21,13,MORELIA,521.53,495.84,23.07,2.62
2020-11-21,14,MORELIA,493.97,472.27,20.11,1.58
2020-11-21,15,MORELIA,496.4,473.59,20.96,1.85
2020-11-21,16,MORELIA,488.04,465.99,20.41,1.65
2020-11-21,17,MORELIA,496.05,473.95,20.77,1.34
2020-11-21,18,MORELIA,507.14,485.69,21.45,0
2020-11-21,19,MORELIA,528.23,505.15,23.08,0
2020-11-21,20,MORELIA,527.46,502.87,24.6,0
2020-11-21,21,MORELIA,528,504.22,23.78,0
2020-11-21,22,MORELIA,532.81,508.51,24.31,0
2020-11-21,23,MORELIA,532.36,508.27,24.1,0
2020-11-21,24,MORELIA,510.81,489.65,21.16,0
2020-11-21,1,MORELOS,497.3,474.39,22.91,0
2020-11-21,2,MORELOS,483.61,461.94,21.67,0
2020-11-21,3,MORELOS,467.25,447.34,19.92,0
2020-11-21,4,MORELOS,457.88,440.86,17.01,0
2020-11-21,5,MORELOS,456.67,439.99,16.68,0
2020-11-21,6,MORELOS,462.37,444.86,17.52,0
2020-11-21,7,MORELOS,476.44,458.1,18.35,0
2020-11-21,8,MORELOS,480.79,460.21,20.58,0
2020-11-21,9,MORELOS,479.33,456.24,23.09,0
2020-11-21,10,MORELOS,488.76,465.67,24.58,-1.49
2020-11-21,11,MORELOS,497.05,472.45,26.6,-2
2020-11-21,12,MORELOS,504.51,479.88,27.42,-2.79
2020-11-21,13,MORELOS,521.07,495.84,28.63,-3.4
2020-11-21,14,MORELOS,497.48,472.27,27.26,-2.05
2020-11-21,15,MORELOS,498.39,473.59,27.2,-2.4
2020-11-21,16,MORELOS,491.06,465.99,27.21,-2.14
2020-11-21,17,MORELOS,498.11,473.95,25.99,-1.84
2020-11-21,18,MORELOS,510.39,485.69,24.7,0
2020-11-21,19,MORELOS,530.66,505.15,25.51,0
2020-11-21,20,MORELOS,529.73,502.87,26.86,0
2020-11-21,21,MORELOS,534.53,504.22,30.31,0
2020-11-21,22,MORELOS,537.93,508.51,29.42,0
2020-11-21,23,MORELOS,537.12,508.27,28.86,0
2020-11-21,24,MORELOS,516.35,489.65,26.71,0
2020-11-21,1,MOTUL TIZIMIN,491.92,474.39,17.53,0
2020-11-21,2,MOTUL TIZIMIN,472.69,461.94,10.76,0
2020-11-21,3,MOTUL TIZIMIN,454.3,447.34,6.96,0
2020-11-21,4,MOTUL TIZIMIN,430.5,440.86,-10.36,0
2020-11-21,5,MOTUL TIZIMIN,429.56,439.99,-10.43,0
2020-11-21,6,MOTUL TIZIMIN,434.81,444.86,-10.05,0
2020-11-21,7,MOTUL TIZIMIN,443.68,458.1,-14.41,0
2020-11-21,8,MOTUL TIZIMIN,446.1,460.21,-14.11,0
2020-11-21,9,MOTUL TIZIMIN,450.41,456.24,-5.84,0
2020-11-21,10,MOTUL TIZIMIN,456.81,465.67,-6.92,-1.94
2020-11-21,11,MOTUL TIZIMIN,463.68,472.45,-6.16,-2.6
2020-11-21,12,MOTUL TIZIMIN,471.9,479.88,-4.34,-3.65
2020-11-21,13,MOTUL TIZIMIN,495,495.84,3.59,-4.43
2020-11-21,14,MOTUL TIZIMIN,472.48,472.27,2.88,-2.68
2020-11-21,15,MOTUL TIZIMIN,472.01,473.59,1.55,-3.13
2020-11-21,16,MOTUL TIZIMIN,468.61,465.99,5.41,-2.79
2020-11-21,17,MOTUL TIZIMIN,478.9,473.95,7.24,-2.29
2020-11-21,18,MOTUL TIZIMIN,491.85,485.69,6.16,0
2020-11-21,19,MOTUL TIZIMIN,501.55,505.15,-3.6,0
2020-11-21,20,MOTUL TIZIMIN,503.38,502.87,.51,0
2020-11-21,21,MOTUL TIZIMIN,524.15,504.22,19.92,0
2020-11-21,22,MOTUL TIZIMIN,529.89,508.51,21.38,0
2020-11-21,23,MOTUL TIZIMIN,531.39,508.27,23.13,0
2020-11-21,24,MOTUL TIZIMIN,507.52,489.65,17.87,0
2020-11-21,1,NAVOJOA,400.95,474.39,-73.44,0
2020-11-21,2,NAVOJOA,382.28,461.94,-79.66,0
2020-11-21,3,NAVOJOA,373.84,447.34,-73.5,0
2020-11-21,4,NAVOJOA,368.94,440.86,-71.93,0
2020-11-21,5,NAVOJOA,370.51,439.99,-69.48,0
2020-11-21,6,NAVOJOA,370.76,444.86,-74.1,0
2020-11-21,7,NAVOJOA,373.63,458.1,-84.47,0
2020-11-21,8,NAVOJOA,372.47,460.21,-87.74,0
2020-11-21,9,NAVOJOA,364.96,456.24,-91.29,0
2020-11-21,10,NAVOJOA,349.56,465.67,-101.44,-14.67
2020-11-21,11,NAVOJOA,350.99,472.45,-101.67,-19.79
2020-11-21,12,NAVOJOA,352.74,479.88,-99.41,-27.73
2020-11-21,13,NAVOJOA,352.16,495.84,-110,-33.67
2020-11-21,14,NAVOJOA,350.35,472.27,-101.59,-20.34
2020-11-21,15,NAVOJOA,354.37,473.59,-95.4,-23.82
2020-11-21,16,NAVOJOA,349.41,465.99,-95.39,-21.19
2020-11-21,17,NAVOJOA,358.38,473.95,-98.18,-17.4
2020-11-21,18,NAVOJOA,398.59,485.69,-87.1,0
2020-11-21,19,NAVOJOA,437.28,505.15,-67.87,0
2020-11-21,20,NAVOJOA,433.3,502.87,-69.57,0
2020-11-21,21,NAVOJOA,434.75,504.22,-69.47,0
2020-11-21,22,NAVOJOA,444.75,508.51,-63.76,0
2020-11-21,23,NAVOJOA,441.81,508.27,-66.46,0
2020-11-21,24,NAVOJOA,421.73,489.65,-67.92,0
2020-11-21,1,NOGALES,395.99,474.39,-78.4,0
2020-11-21,2,NOGALES,376.66,461.94,-85.28,0
2020-11-21,3,NOGALES,372.23,447.34,-75.11,0
2020-11-21,4,NOGALES,365.79,440.86,-75.07,0
2020-11-21,5,NOGALES,379.42,439.99,-60.57,0
2020-11-21,6,NOGALES,379.69,444.86,-65.17,0
2020-11-21,7,NOGALES,382.34,458.1,-75.76,0
2020-11-21,8,NOGALES,381.42,460.21,-78.79,0
2020-11-21,9,NOGALES,367.44,456.24,-88.81,0
2020-11-21,10,NOGALES,330.85,465.67,-115.27,-19.55
2020-11-21,11,NOGALES,327.44,472.45,-119.14,-25.87
2020-11-21,12,NOGALES,333.53,479.88,-110.11,-36.24
2020-11-21,13,NOGALES,331.91,495.84,-119.92,-44.01
2020-11-21,14,NOGALES,333.95,472.27,-111.75,-26.57
2020-11-21,15,NOGALES,334.1,473.59,-108.37,-31.12
2020-11-21,16,NOGALES,328.2,465.99,-110.11,-27.69
2020-11-21,17,NOGALES,338.66,473.95,-112.57,-22.72
2020-11-21,18,NOGALES,391.14,485.69,-94.55,0
2020-11-21,19,NOGALES,444.92,505.15,-60.23,0
2020-11-21,20,NOGALES,436.16,502.87,-66.71,0
2020-11-21,21,NOGALES,440.23,504.22,-63.99,0
2020-11-21,22,NOGALES,448.46,508.51,-60.05,0
2020-11-21,23,NOGALES,444.88,508.27,-63.39,0
2020-11-21,24,NOGALES,425.76,489.65,-63.88,0
2020-11-21,1,NUEVO LAREDO,408.91,474.39,-65.48,0
2020-11-21,2,NUEVO LAREDO,396.04,461.94,-65.9,0
2020-11-21,3,NUEVO LAREDO,385.83,447.34,-61.51,0
2020-11-21,4,NUEVO LAREDO,379.01,440.86,-61.85,0
2020-11-21,5,NUEVO LAREDO,381.4,439.99,-58.59,0
2020-11-21,6,NUEVO LAREDO,385.25,444.86,-59.61,0
2020-11-21,7,NUEVO LAREDO,399.11,458.1,-58.99,0
2020-11-21,8,NUEVO LAREDO,400.95,460.21,-59.26,0
2020-11-21,9,NUEVO LAREDO,390.75,456.24,-65.5,0
2020-11-21,10,NUEVO LAREDO,360.93,465.67,-66.31,-38.44
2020-11-21,11,NUEVO LAREDO,356.28,472.45,-64.62,-51.55
2020-11-21,12,NUEVO LAREDO,345.37,479.88,-62.34,-72.18
2020-11-21,13,NUEVO LAREDO,344.34,495.84,-63.79,-87.71
2020-11-21,14,NUEVO LAREDO,360.11,472.27,-59.2,-52.96
2020-11-21,15,NUEVO LAREDO,352.04,473.59,-59.51,-62.04
2020-11-21,16,NUEVO LAREDO,351.39,465.99,-59.42,-55.18
2020-11-21,17,NUEVO LAREDO,361.78,473.95,-66.9,-45.28
2020-11-21,18,NUEVO LAREDO,421.62,485.69,-64.07,0
2020-11-21,19,NUEVO LAREDO,457.67,505.15,-47.48,0
2020-11-21,20,NUEVO LAREDO,445.51,502.87,-57.36,0
2020-11-21,21,NUEVO LAREDO,445.35,504.22,-58.87,0
2020-11-21,22,NUEVO LAREDO,451.34,508.51,-57.16,0
2020-11-21,23,NUEVO LAREDO,449.94,508.27,-58.33,0
2020-11-21,24,NUEVO LAREDO,430.32,489.65,-59.33,0
2020-11-21,1,OAXACA,498.67,474.39,24.28,0
2020-11-21,2,OAXACA,484.25,461.94,22.32,0
2020-11-21,3,OAXACA,467.36,447.34,20.02,0
2020-11-21,4,OAXACA,455.21,440.86,14.35,0
2020-11-21,5,OAXACA,453.92,439.99,13.93,0
2020-11-21,6,OAXACA,459.89,444.86,15.03,0
2020-11-21,7,OAXACA,472.65,458.1,14.55,0
2020-11-21,8,OAXACA,476.02,460.21,15.8,0
2020-11-21,9,OAXACA,475.16,456.24,18.91,0
2020-11-21,10,OAXACA,484.87,465.67,21.16,-1.96
2020-11-21,11,OAXACA,493.52,472.45,23.7,-2.63
2020-11-21,12,OAXACA,500.6,479.88,24.4,-3.69
2020-11-21,13,OAXACA,518.55,495.84,27.19,-4.48
2020-11-21,14,OAXACA,495.8,472.27,26.23,-2.7
2020-11-21,15,OAXACA,495.86,473.59,25.43,-3.17
2020-11-21,16,OAXACA,488.74,465.99,25.57,-2.82
2020-11-21,17,OAXACA,497.65,473.95,26.01,-2.32
2020-11-21,18,OAXACA,509.29,485.69,23.6,0
2020-11-21,19,OAXACA,532.73,505.15,27.58,0
2020-11-21,20,OAXACA,535.19,502.87,32.33,0
2020-11-21,21,OAXACA,545.92,504.22,41.69,0
2020-11-21,22,OAXACA,547.53,508.51,39.03,0
2020-11-21,23,OAXACA,544.32,508.27,36.05,0
2020-11-21,24,OAXACA,519.36,489.65,29.72,0
2020-11-21,1,OBREGON,398.56,474.39,-75.83,0
2020-11-21,2,OBREGON,379.89,461.94,-82.05,0
2020-11-21,3,OBREGON,372.36,447.34,-74.98,0
2020-11-21,4,OBREGON,366.08,440.86,-74.78,0
2020-11-21,5,OBREGON,368.18,439.99,-71.81,0
2020-11-21,6,OBREGON,368.57,444.86,-76.29,0
2020-11-21,7,OBREGON,371.96,458.1,-86.14,0
2020-11-21,8,OBREGON,370.71,460.21,-89.51,0
2020-11-21,9,OBREGON,363.02,456.24,-93.22,0
2020-11-21,10,OBREGON,345.1,465.67,-105.45,-15.12
2020-11-21,11,OBREGON,345.99,472.45,-106.08,-20.38
2020-11-21,12,OBREGON,351.05,479.88,-100.28,-28.55
2020-11-21,13,OBREGON,350.42,495.84,-110.75,-34.67
2020-11-21,14,OBREGON,348.94,472.27,-102.39,-20.94
2020-11-21,15,OBREGON,352.04,473.59,-97.02,-24.53
2020-11-21,16,OBREGON,347.19,465.99,-96.99,-21.82
2020-11-21,17,OBREGON,356.53,473.95,-99.52,-17.91
2020-11-21,18,OBREGON,395.81,485.69,-89.88,0
2020-11-21,19,OBREGON,435.21,505.15,-69.94,0
2020-11-21,20,OBREGON,430.46,502.87,-72.41,0
2020-11-21,21,OBREGON,431.99,504.22,-72.23,0
2020-11-21,22,OBREGON,442.27,508.51,-66.24,0
2020-11-21,23,OBREGON,439.41,508.27,-68.86,0
2020-11-21,24,OBREGON,419.58,489.65,-70.07,0
2020-11-21,1,ORIZABA,485,474.39,10.61,0
2020-11-21,2,ORIZABA,471.84,461.94,9.9,0
2020-11-21,3,ORIZABA,455.88,447.34,8.55,0
2020-11-21,4,ORIZABA,445.11,440.86,4.25,0
2020-11-21,5,ORIZABA,443.91,439.99,3.92,0
2020-11-21,6,ORIZABA,448.94,444.86,4.08,0
2020-11-21,7,ORIZABA,461.23,458.1,3.13,0
2020-11-21,8,ORIZABA,464.36,460.21,4.15,0
2020-11-21,9,ORIZABA,462.98,456.24,6.74,0
2020-11-21,10,ORIZABA,471.67,465.67,7.98,-1.98
2020-11-21,11,ORIZABA,479.57,472.45,9.79,-2.66
2020-11-21,12,ORIZABA,486.03,479.88,9.87,-3.73
2020-11-21,13,ORIZABA,502.66,495.84,11.36,-4.53
2020-11-21,14,ORIZABA,480.63,472.27,11.09,-2.74
2020-11-21,15,ORIZABA,480.71,473.59,10.32,-3.21
2020-11-21,16,ORIZABA,474.05,465.99,10.91,-2.85
2020-11-21,17,ORIZABA,482.81,473.95,11.2,-2.34
2020-11-21,18,ORIZABA,494.19,485.69,8.5,0
2020-11-21,19,ORIZABA,512.51,505.15,7.36,0
2020-11-21,20,ORIZABA,513.13,502.87,10.27,0
2020-11-21,21,ORIZABA,522.18,504.22,17.96,0
2020-11-21,22,ORIZABA,525.34,508.51,16.83,0
2020-11-21,23,ORIZABA,524.6,508.27,16.34,0
2020-11-21,24,ORIZABA,503.43,489.65,13.78,0
2020-11-21,1,PIEDRAS NEGRAS,401.86,474.39,-72.53,0
2020-11-21,2,PIEDRAS NEGRAS,389.46,461.94,-72.48,0
2020-11-21,3,PIEDRAS NEGRAS,379.5,447.34,-67.84,0
2020-11-21,4,PIEDRAS NEGRAS,372.6,440.86,-68.26,0
2020-11-21,5,PIEDRAS NEGRAS,375.44,439.99,-64.55,0
2020-11-21,6,PIEDRAS NEGRAS,380.13,444.86,-64.73,0
2020-11-21,7,PIEDRAS NEGRAS,394.73,458.1,-63.36,0
2020-11-21,8,PIEDRAS NEGRAS,397.33,460.21,-62.88,0
2020-11-21,9,PIEDRAS NEGRAS,387.72,456.24,-68.53,0
2020-11-21,10,PIEDRAS NEGRAS,357.44,465.67,-69.89,-38.35
2020-11-21,11,PIEDRAS NEGRAS,349.63,472.45,-71.39,-51.43
2020-11-21,12,PIEDRAS NEGRAS,338.44,479.88,-69.43,-72.01
2020-11-21,13,PIEDRAS NEGRAS,336.68,495.84,-71.65,-87.5
2020-11-21,14,PIEDRAS NEGRAS,352.8,472.27,-66.63,-52.84
2020-11-21,15,PIEDRAS NEGRAS,342.97,473.59,-68.73,-61.9
2020-11-21,16,PIEDRAS NEGRAS,342.06,465.99,-68.87,-55.06
2020-11-21,17,PIEDRAS NEGRAS,352.65,473.95,-76.13,-45.18
2020-11-21,18,PIEDRAS NEGRAS,412.79,485.69,-72.9,0
2020-11-21,19,PIEDRAS NEGRAS,448.63,505.15,-56.53,0
2020-11-21,20,PIEDRAS NEGRAS,436.43,502.87,-66.44,0
2020-11-21,21,PIEDRAS NEGRAS,437.07,504.22,-67.16,0
2020-11-21,22,PIEDRAS NEGRAS,443.13,508.51,-65.38,0
2020-11-21,23,PIEDRAS NEGRAS,441.93,508.27,-66.33,0
2020-11-21,24,PIEDRAS NEGRAS,422.9,489.65,-66.75,0
2020-11-21,1,POZA RICA,469.4,474.39,-4.99,0
2020-11-21,2,POZA RICA,458.15,461.94,-3.79,0
2020-11-21,3,POZA RICA,443.98,447.34,-3.36,0
2020-11-21,4,POZA RICA,436.33,440.86,-4.53,0
2020-11-21,5,POZA RICA,435.62,439.99,-4.37,0
2020-11-21,6,POZA RICA,440.86,444.86,-4,0
2020-11-21,7,POZA RICA,453.37,458.1,-4.72,0
2020-11-21,8,POZA RICA,455.16,460.21,-5.05,0
2020-11-21,9,POZA RICA,453.07,456.24,-3.18,0
2020-11-21,10,POZA RICA,458.44,465.67,-3.75,-3.48
2020-11-21,11,POZA RICA,463.77,472.45,-4.01,-4.67
2020-11-21,12,POZA RICA,468.94,479.88,-4.4,-6.54
2020-11-21,13,POZA RICA,483.47,495.84,-4.42,-7.95
2020-11-21,14,POZA RICA,464.36,472.27,-3.11,-4.8
2020-11-21,15,POZA RICA,464.68,473.59,-3.29,-5.63
2020-11-21,16,POZA RICA,459.14,465.99,-1.85,-5
2020-11-21,17,POZA RICA,467.51,473.95,-2.37,-4.07
2020-11-21,18,POZA RICA,481.93,485.69,-3.76,0
2020-11-21,19,POZA RICA,501.86,505.15,-3.29,0
2020-11-21,20,POZA RICA,499.31,502.87,-3.56,0
2020-11-21,21,POZA RICA,502.1,504.22,-2.12,0
2020-11-21,22,POZA RICA,505.78,508.51,-2.73,0
2020-11-21,23,POZA RICA,506.45,508.27,-1.82,0
2020-11-21,24,POZA RICA,489.11,489.65,-.54,0
2020-11-21,1,PUEBLA,488.88,474.39,14.49,0
2020-11-21,2,PUEBLA,475.62,461.94,13.69,0
2020-11-21,3,PUEBLA,459.74,447.34,12.4,0
2020-11-21,4,PUEBLA,449.94,440.86,9.08,0
2020-11-21,5,PUEBLA,448.92,439.99,8.93,0
2020-11-21,6,PUEBLA,454.32,444.86,9.46,0
2020-11-21,7,PUEBLA,467.54,458.1,9.45,0
2020-11-21,8,PUEBLA,470.39,460.21,10.18,0
2020-11-21,9,PUEBLA,469,456.24,12.76,0
2020-11-21,10,PUEBLA,477.68,465.67,13.9,-1.89
2020-11-21,11,PUEBLA,485.54,472.45,15.63,-2.53
2020-11-21,12,PUEBLA,491.93,479.88,15.6,-3.55
2020-11-21,13,PUEBLA,508.63,495.84,17.11,-4.31
2020-11-21,14,PUEBLA,486.29,472.27,16.62,-2.6
2020-11-21,15,PUEBLA,486.44,473.59,15.9,-3.05
2020-11-21,16,PUEBLA,479.39,465.99,16.11,-2.71
2020-11-21,17,PUEBLA,488.08,473.95,16.34,-2.22
2020-11-21,18,PUEBLA,500.5,485.69,14.81,0
2020-11-21,19,PUEBLA,519.75,505.15,14.6,0
2020-11-21,20,PUEBLA,518.85,502.87,15.98,0
2020-11-21,21,PUEBLA,525.11,504.22,20.88,0
2020-11-21,22,PUEBLA,528.69,508.51,20.18,0
2020-11-21,23,PUEBLA,527.74,508.27,19.47,0
2020-11-21,24,PUEBLA,507.57,489.65,17.92,0
2020-11-21,1,QUERETARO,481.47,474.39,7.08,0
2020-11-21,2,QUERETARO,468.55,461.94,6.61,0
2020-11-21,3,QUERETARO,453.44,447.34,6.1,0
2020-11-21,4,QUERETARO,446.74,440.86,5.88,0
2020-11-21,5,QUERETARO,446.04,439.99,6.05,0
2020-11-21,6,QUERETARO,450.83,444.86,5.98,0
2020-11-21,7,QUERETARO,464.3,458.1,6.2,0
2020-11-21,8,QUERETARO,466.73,460.21,6.52,0
2020-11-21,9,QUERETARO,462.66,456.24,6.42,0
2020-11-21,10,QUERETARO,472.28,465.67,5.92,.69
2020-11-21,11,QUERETARO,478.96,472.45,5.58,.93
2020-11-21,12,QUERETARO,485.99,479.88,4.81,1.3
2020-11-21,13,QUERETARO,502.03,495.84,4.61,1.58
2020-11-21,14,QUERETARO,477.26,472.27,4.03,.95
2020-11-21,15,QUERETARO,478.05,473.59,3.35,1.12
2020-11-21,16,QUERETARO,469.97,465.99,2.98,1
2020-11-21,17,QUERETARO,478.36,473.95,3.59,.82
2020-11-21,18,QUERETARO,491.48,485.69,5.79,0
2020-11-21,19,QUERETARO,512.3,505.15,7.16,0
2020-11-21,20,QUERETARO,509.36,502.87,6.5,0
2020-11-21,21,QUERETARO,510.18,504.22,5.95,0
2020-11-21,22,QUERETARO,513.37,508.51,4.87,0
2020-11-21,23,QUERETARO,512.75,508.27,4.49,0
2020-11-21,24,QUERETARO,494.06,489.65,4.41,0
2020-11-21,1,REYNOSA,401.65,474.39,-72.74,0
2020-11-21,2,REYNOSA,390.59,461.94,-71.35,0
2020-11-21,3,REYNOSA,381.06,447.34,-66.28,0
2020-11-21,4,REYNOSA,374,440.86,-66.86,0
2020-11-21,5,REYNOSA,375.99,439.99,-64,0
2020-11-21,6,REYNOSA,379.81,444.86,-65.05,0
2020-11-21,7,REYNOSA,396.13,458.1,-61.97,0
2020-11-21,8,REYNOSA,400.37,460.21,-59.84,0
2020-11-21,9,REYNOSA,391.32,456.24,-64.92,0
2020-11-21,10,REYNOSA,363.32,465.67,-63.38,-38.97
2020-11-21,11,REYNOSA,355.72,472.45,-64.44,-52.28
2020-11-21,12,REYNOSA,344.16,479.88,-62.52,-73.21
2020-11-21,13,REYNOSA,345.36,495.84,-61.53,-88.95
2020-11-21,14,REYNOSA,359.26,472.27,-59.29,-53.72
2020-11-21,15,REYNOSA,353.35,473.59,-57.32,-62.92
2020-11-21,16,REYNOSA,353.73,465.99,-56.29,-55.97
2020-11-21,17,REYNOSA,368.76,473.95,-59.27,-45.93
2020-11-21,18,REYNOSA,426.99,485.69,-58.7,0
2020-11-21,19,REYNOSA,455.62,505.15,-49.53,0
2020-11-21,20,REYNOSA,439.93,502.87,-62.94,0
2020-11-21,21,REYNOSA,437.65,504.22,-66.58,0
2020-11-21,22,REYNOSA,444.1,508.51,-64.41,0
2020-11-21,23,REYNOSA,442.99,508.27,-65.27,0
2020-11-21,24,REYNOSA,423.34,489.65,-66.31,0
2020-11-21,1,RIVIERA MAYA,518.16,474.39,43.77,0
2020-11-21,2,RIVIERA MAYA,499.31,461.94,37.37,0
2020-11-21,3,RIVIERA MAYA,480.09,447.34,32.75,0
2020-11-21,4,RIVIERA MAYA,458.2,440.86,17.34,0
2020-11-21,5,RIVIERA MAYA,456.2,439.99,16.21,0
2020-11-21,6,RIVIERA MAYA,460.89,444.86,16.03,0
2020-11-21,7,RIVIERA MAYA,470.89,458.1,12.79,0
2020-11-21,8,RIVIERA MAYA,474.23,460.21,14.02,0
2020-11-21,9,RIVIERA MAYA,477.87,456.24,21.62,0
2020-11-21,10,RIVIERA MAYA,485.9,465.67,22.17,-1.94
2020-11-21,11,RIVIERA MAYA,494.25,472.45,24.41,-2.6
2020-11-21,12,RIVIERA MAYA,501.74,479.88,25.51,-3.65
2020-11-21,13,RIVIERA MAYA,523.79,495.84,32.39,-4.43
2020-11-21,14,RIVIERA MAYA,500.24,472.27,30.64,-2.68
2020-11-21,15,RIVIERA MAYA,500.34,473.59,29.89,-3.13
2020-11-21,16,RIVIERA MAYA,494.94,465.99,31.73,-2.79
2020-11-21,17,RIVIERA MAYA,505.04,473.95,33.38,-2.29
2020-11-21,18,RIVIERA MAYA,518.22,485.69,32.53,0
2020-11-21,19,RIVIERA MAYA,531.36,505.15,26.21,0
2020-11-21,20,RIVIERA MAYA,533.62,502.87,30.75,0
2020-11-21,21,RIVIERA MAYA,554.24,504.22,50.02,0
2020-11-21,22,RIVIERA MAYA,557.68,508.51,49.17,0
2020-11-21,23,RIVIERA MAYA,555.69,508.27,47.42,0
2020-11-21,24,RIVIERA MAYA,529.92,489.65,40.28,0
2020-11-21,1,SABINAS,406.03,474.39,-68.37,0
2020-11-21,2,SABINAS,393.49,461.94,-68.45,0
2020-11-21,3,SABINAS,383.46,447.34,-63.88,0
2020-11-21,4,SABINAS,376.93,440.86,-63.94,0
2020-11-21,5,SABINAS,379.4,439.99,-60.59,0
2020-11-21,6,SABINAS,383.39,444.86,-61.47,0
2020-11-21,7,SABINAS,397.53,458.1,-60.57,0
2020-11-21,8,SABINAS,399.7,460.21,-60.51,0
2020-11-21,9,SABINAS,389.43,456.24,-66.81,0
2020-11-21,10,SABINAS,359.1,465.67,-67.95,-38.62
2020-11-21,11,SABINAS,353.6,472.45,-67.05,-51.8
2020-11-21,12,SABINAS,341.97,479.88,-65.4,-72.51
2020-11-21,13,SABINAS,340.52,495.84,-67.19,-88.13
2020-11-21,14,SABINAS,356.2,472.27,-62.85,-53.22
2020-11-21,15,SABINAS,347.61,473.59,-63.64,-62.34
2020-11-21,16,SABINAS,347.06,465.99,-63.49,-55.45
2020-11-21,17,SABINAS,357.83,473.95,-70.63,-45.5
2020-11-21,18,SABINAS,418.28,485.69,-67.41,0
2020-11-21,19,SABINAS,454.1,505.15,-51.05,0
2020-11-21,20,SABINAS,442.16,502.87,-60.7,0
2020-11-21,21,SABINAS,442.21,504.22,-62.01,0
2020-11-21,22,SABINAS,448.32,508.51,-60.19,0
2020-11-21,23,SABINAS,446.93,508.27,-61.33,0
2020-11-21,24,SABINAS,427.74,489.65,-61.9,0
2020-11-21,1,SALTILLO,423.1,474.39,-51.29,0
2020-11-21,2,SALTILLO,410.57,461.94,-51.37,0
2020-11-21,3,SALTILLO,399.69,447.34,-47.65,0
2020-11-21,4,SALTILLO,393.35,440.86,-47.51,0
2020-11-21,5,SALTILLO,394.62,439.99,-45.37,0
2020-11-21,6,SALTILLO,398.46,444.86,-46.41,0
2020-11-21,7,SALTILLO,414.01,458.1,-44.08,0
2020-11-21,8,SALTILLO,417.27,460.21,-42.95,0
2020-11-21,9,SALTILLO,405.84,456.24,-50.4,0
2020-11-21,10,SALTILLO,370.68,465.67,-52.19,-42.8
2020-11-21,11,SALTILLO,361.87,472.45,-53.11,-57.47
2020-11-21,12,SALTILLO,347.34,479.88,-51.97,-80.57
2020-11-21,13,SALTILLO,345.87,495.84,-52.19,-97.78
2020-11-21,14,SALTILLO,362.43,472.27,-50.8,-59.05
2020-11-21,15,SALTILLO,354.27,473.59,-50.14,-69.17
2020-11-21,16,SALTILLO,354.37,465.99,-50.08,-61.54
2020-11-21,17,SALTILLO,369.79,473.95,-53.72,-50.45
2020-11-21,18,SALTILLO,438.07,485.69,-47.62,0
2020-11-21,19,SALTILLO,471.03,505.15,-34.12,0
2020-11-21,20,SALTILLO,460.56,502.87,-42.31,0
2020-11-21,21,SALTILLO,460.08,504.22,-44.14,0
2020-11-21,22,SALTILLO,465.97,508.51,-42.54,0
2020-11-21,23,SALTILLO,464.32,508.27,-43.95,0
2020-11-21,24,SALTILLO,444.72,489.65,-44.93,0
2020-11-21,1,SALVATIERRA,486.07,474.39,11.68,0
2020-11-21,2,SALVATIERRA,471.65,461.94,9.71,0
2020-11-21,3,SALVATIERRA,456.16,447.34,8.82,0
2020-11-21,4,SALVATIERRA,449.26,440.86,8.4,0
2020-11-21,5,SALVATIERRA,448.17,439.99,8.19,0
2020-11-21,6,SALVATIERRA,453.76,444.86,8.9,0
2020-11-21,7,SALVATIERRA,469.04,458.1,10.95,0
2020-11-21,8,SALVATIERRA,472.4,460.21,12.19,0
2020-11-21,9,SALVATIERRA,468.86,456.24,12.62,0
2020-11-21,10,SALVATIERRA,481.16,465.67,14.04,1.44
2020-11-21,11,SALVATIERRA,488.93,472.45,14.54,1.94
2020-11-21,12,SALVATIERRA,498.45,479.88,15.86,2.71
2020-11-21,13,SALVATIERRA,515.72,495.84,16.61,3.28
2020-11-21,14,SALVATIERRA,488.97,472.27,14.71,1.98
2020-11-21,15,SALVATIERRA,490.81,473.59,14.9,2.32
2020-11-21,16,SALVATIERRA,482.41,465.99,14.37,2.05
2020-11-21,17,SALVATIERRA,490.21,473.95,14.59,1.67
2020-11-21,18,SALVATIERRA,500.76,485.69,15.07,0
2020-11-21,19,SALVATIERRA,522.1,505.15,16.95,0
2020-11-21,20,SALVATIERRA,521.07,502.87,18.2,0
2020-11-21,21,SALVATIERRA,521.94,504.22,17.72,0
2020-11-21,22,SALVATIERRA,526.27,508.51,17.76,0
2020-11-21,23,SALVATIERRA,525.01,508.27,16.74,0
2020-11-21,24,SALVATIERRA,503.59,489.65,13.94,0
2020-11-21,1,SAN CRISTOBAL,510.02,474.39,35.63,0
2020-11-21,2,SAN CRISTOBAL,495.5,461.94,33.57,0
2020-11-21,3,SAN CRISTOBAL,477.52,447.34,30.18,0
2020-11-21,4,SAN CRISTOBAL,462.64,440.86,21.77,0
2020-11-21,5,SAN CRISTOBAL,460.92,439.99,20.93,0
2020-11-21,6,SAN CRISTOBAL,467.28,444.86,22.42,0
2020-11-21,7,SAN CRISTOBAL,478.56,458.1,20.46,0
2020-11-21,8,SAN CRISTOBAL,480.18,460.21,19.97,0
2020-11-21,9,SAN CRISTOBAL,478.33,456.24,22.09,0
2020-11-21,10,SAN CRISTOBAL,487.13,465.67,23.4,-1.94
2020-11-21,11,SAN CRISTOBAL,495.42,472.45,25.57,-2.6
2020-11-21,12,SAN CRISTOBAL,501.76,479.88,25.52,-3.64
2020-11-21,13,SAN CRISTOBAL,520.66,495.84,29.25,-4.43
2020-11-21,14,SAN CRISTOBAL,497.63,472.27,28.04,-2.67
2020-11-21,15,SAN CRISTOBAL,498.52,473.59,28.06,-3.13
2020-11-21,16,SAN CRISTOBAL,492.64,465.99,29.44,-2.79
2020-11-21,17,SAN CRISTOBAL,504.47,473.95,32.81,-2.29
2020-11-21,18,SAN CRISTOBAL,518.29,485.69,32.6,0
2020-11-21,19,SAN CRISTOBAL,539.99,505.15,34.84,0
2020-11-21,20,SAN CRISTOBAL,543.9,502.87,41.04,0
2020-11-21,21,SAN CRISTOBAL,564.46,504.22,60.24,0
2020-11-21,22,SAN CRISTOBAL,563.1,508.51,54.6,0
2020-11-21,23,SAN CRISTOBAL,557.77,508.27,49.51,0
2020-11-21,24,SAN CRISTOBAL,530.25,489.65,40.6,0
2020-11-21,1,SAN JUAN DEL RIO,492.64,474.39,18.25,0
2020-11-21,2,SAN JUAN DEL RIO,479.81,461.94,17.87,0
2020-11-21,3,SAN JUAN DEL RIO,464.12,447.34,16.78,0
2020-11-21,4,SAN JUAN DEL RIO,456.54,440.86,15.68,0
2020-11-21,5,SAN JUAN DEL RIO,455.91,439.99,15.93,0
2020-11-21,6,SAN JUAN DEL RIO,461.43,444.86,16.57,0
2020-11-21,7,SAN JUAN DEL RIO,475.86,458.1,17.76,0
2020-11-21,8,SAN JUAN DEL RIO,478.4,460.21,18.19,0
2020-11-21,9,SAN JUAN DEL RIO,475.64,456.24,19.39,0
2020-11-21,10,SAN JUAN DEL RIO,482.85,465.67,17.21,-.03
2020-11-21,11,SAN JUAN DEL RIO,489.29,472.45,16.88,-.04
2020-11-21,12,SAN JUAN DEL RIO,496.38,479.88,16.56,-.06
2020-11-21,13,SAN JUAN DEL RIO,512.24,495.84,16.47,-.08
2020-11-21,14,SAN JUAN DEL RIO,488.46,472.27,16.23,-.04
2020-11-21,15,SAN JUAN DEL RIO,488.56,473.59,15.02,-.05
2020-11-21,16,SAN JUAN DEL RIO,479.83,465.99,13.88,-.04
2020-11-21,17,SAN JUAN DEL RIO,487.87,473.95,13.95,-.03
2020-11-21,18,SAN JUAN DEL RIO,501.12,485.69,15.43,0
2020-11-21,19,SAN JUAN DEL RIO,518.7,505.15,13.55,0
2020-11-21,20,SAN JUAN DEL RIO,516.38,502.87,13.51,0
2020-11-21,21,SAN JUAN DEL RIO,517.81,504.22,13.59,0
2020-11-21,22,SAN JUAN DEL RIO,518.22,508.51,9.72,0
2020-11-21,23,SAN JUAN DEL RIO,519.79,508.27,11.52,0
2020-11-21,24,SAN JUAN DEL RIO,503.19,489.65,13.55,0
2020-11-21,1,SAN LUIS POTOSI,464.93,474.39,-9.46,0
2020-11-21,2,SAN LUIS POTOSI,452.67,461.94,-9.27,0
2020-11-21,3,SAN LUIS POTOSI,439.41,447.34,-7.93,0
2020-11-21,4,SAN LUIS POTOSI,433.79,440.86,-7.07,0
2020-11-21,5,SAN LUIS POTOSI,433.56,439.99,-6.43,0
2020-11-21,6,SAN LUIS POTOSI,437.4,444.86,-7.46,0
2020-11-21,7,SAN LUIS POTOSI,450.01,458.1,-8.08,0
2020-11-21,8,SAN LUIS POTOSI,452.27,460.21,-7.95,0
2020-11-21,9,SAN LUIS POTOSI,445.33,456.24,-10.92,0
2020-11-21,10,SAN LUIS POTOSI,457.63,465.67,-11.11,3.06
2020-11-21,11,SAN LUIS POTOSI,464.32,472.45,-12.23,4.11
2020-11-21,12,SAN LUIS POTOSI,473.1,479.88,-12.54,5.76
2020-11-21,13,SAN LUIS POTOSI,489.88,495.84,-12.95,6.99
2020-11-21,14,SAN LUIS POTOSI,463.6,472.27,-12.9,4.22
2020-11-21,15,SAN LUIS POTOSI,466.04,473.59,-12.49,4.95
2020-11-21,16,SAN LUIS POTOSI,457.74,465.99,-12.65,4.4
2020-11-21,17,SAN LUIS POTOSI,465.47,473.95,-12.1,3.61
2020-11-21,18,SAN LUIS POTOSI,475.7,485.69,-9.99,0
2020-11-21,19,SAN LUIS POTOSI,498.53,505.15,-6.62,0
2020-11-21,20,SAN LUIS POTOSI,492.41,502.87,-10.45,0
2020-11-21,21,SAN LUIS POTOSI,492.36,504.22,-11.87,0
2020-11-21,22,SAN LUIS POTOSI,498.26,508.51,-10.25,0
2020-11-21,23,SAN LUIS POTOSI,499.2,508.27,-9.07,0
2020-11-21,24,SAN LUIS POTOSI,481.99,489.65,-7.66,0
2020-11-21,1,SAN MARTIN,488.75,474.39,14.36,0
2020-11-21,2,SAN MARTIN,475.53,461.94,13.59,0
2020-11-21,3,SAN MARTIN,459.68,447.34,12.34,0
2020-11-21,4,SAN MARTIN,450.24,440.86,9.38,0
2020-11-21,5,SAN MARTIN,449.3,439.99,9.31,0
2020-11-21,6,SAN MARTIN,454.7,444.86,9.84,0
2020-11-21,7,SAN MARTIN,468.15,458.1,10.05,0
2020-11-21,8,SAN MARTIN,470.66,460.21,10.44,0
2020-11-21,9,SAN MARTIN,469.43,456.24,13.19,0
2020-11-21,10,SAN MARTIN,477.93,465.67,14.14,-1.88
2020-11-21,11,SAN MARTIN,485.63,472.45,15.71,-2.52
2020-11-21,12,SAN MARTIN,492.31,479.88,15.96,-3.53
2020-11-21,13,SAN MARTIN,508.52,495.84,16.97,-4.29
2020-11-21,14,SAN MARTIN,486.23,472.27,16.55,-2.59
2020-11-21,15,SAN MARTIN,486.41,473.59,15.86,-3.04
2020-11-21,16,SAN MARTIN,479.17,465.99,15.88,-2.7
2020-11-21,17,SAN MARTIN,488.33,473.95,16.57,-2.19
2020-11-21,18,SAN MARTIN,500.95,485.69,15.26,0
2020-11-21,19,SAN MARTIN,520.3,505.15,15.16,0
2020-11-21,20,SAN MARTIN,518.92,502.87,16.06,0
2020-11-21,21,SAN MARTIN,524.51,504.22,20.29,0
2020-11-21,22,SAN MARTIN,528.21,508.51,19.71,0
2020-11-21,23,SAN MARTIN,527.51,508.27,19.24,0
2020-11-21,24,SAN MARTIN,507.12,489.65,17.47,0
2020-11-21,1,TAMPICO,443.14,474.39,-31.25,0
2020-11-21,2,TAMPICO,433.06,461.94,-28.87,0
2020-11-21,3,TAMPICO,422.24,447.34,-25.1,0
2020-11-21,4,TAMPICO,417.19,440.86,-23.68,0
2020-11-21,5,TAMPICO,416.85,439.99,-23.14,0
2020-11-21,6,TAMPICO,421.35,444.86,-23.51,0
2020-11-21,7,TAMPICO,431.57,458.1,-26.53,0
2020-11-21,8,TAMPICO,432.02,460.21,-28.19,0
2020-11-21,9,TAMPICO,428.42,456.24,-27.83,0
2020-11-21,10,TAMPICO,430.85,465.67,-28.26,-6.57
2020-11-21,11,TAMPICO,433.91,472.45,-29.7,-8.84
2020-11-21,12,TAMPICO,437.08,479.88,-30.48,-12.33
2020-11-21,13,TAMPICO,448.98,495.84,-31.9,-14.97
2020-11-21,14,TAMPICO,434.26,472.27,-28.97,-9.04
2020-11-21,15,TAMPICO,435.01,473.59,-27.99,-10.59
2020-11-21,16,TAMPICO,430.27,465.99,-26.31,-9.41
2020-11-21,17,TAMPICO,437.14,473.95,-29.1,-7.72
2020-11-21,18,TAMPICO,454.97,485.69,-30.72,0
2020-11-21,19,TAMPICO,474.33,505.15,-30.82,0
2020-11-21,20,TAMPICO,469.48,502.87,-33.38,0
2020-11-21,21,TAMPICO,469.23,504.22,-34.99,0
2020-11-21,22,TAMPICO,474.28,508.51,-34.23,0
2020-11-21,23,TAMPICO,475.75,508.27,-32.52,0
2020-11-21,24,TAMPICO,459.19,489.65,-30.45,0
2020-11-21,1,TAPACHULA,490.23,474.39,15.84,0
2020-11-21,2,TAPACHULA,477.51,461.94,15.57,0
2020-11-21,3,TAPACHULA,460.4,447.34,13.07,0
2020-11-21,4,TAPACHULA,446.2,440.86,5.33,0
2020-11-21,5,TAPACHULA,444.07,439.99,4.09,0
2020-11-21,6,TAPACHULA,449.15,444.86,4.29,0
2020-11-21,7,TAPACHULA,459.13,458.1,1.03,0
2020-11-21,8,TAPACHULA,461.52,460.21,1.31,0
2020-11-21,9,TAPACHULA,461.02,456.24,4.78,0
2020-11-21,10,TAPACHULA,469.79,465.67,6.06,-1.94
2020-11-21,11,TAPACHULA,478.11,472.45,8.26,-2.6
2020-11-21,12,TAPACHULA,484.43,479.88,8.19,-3.64
2020-11-21,13,TAPACHULA,502.94,495.84,11.52,-4.43
2020-11-21,14,TAPACHULA,480.57,472.27,10.97,-2.67
2020-11-21,15,TAPACHULA,480.84,473.59,10.38,-3.13
2020-11-21,16,TAPACHULA,474.69,465.99,11.49,-2.79
2020-11-21,17,TAPACHULA,484.34,473.95,12.68,-2.29
2020-11-21,18,TAPACHULA,492.66,485.69,6.97,0
2020-11-21,19,TAPACHULA,507.95,505.15,2.8,0
2020-11-21,20,TAPACHULA,512.93,502.87,10.07,0
2020-11-21,21,TAPACHULA,535,504.22,30.77,0
2020-11-21,22,TAPACHULA,535.04,508.51,26.54,0
2020-11-21,23,TAPACHULA,531.72,508.27,23.46,0
2020-11-21,24,TAPACHULA,506.89,489.65,17.24,0
2020-11-21,1,TECAMACHALCO,487.59,474.39,13.2,0
2020-11-21,2,TECAMACHALCO,474.39,461.94,12.46,0
2020-11-21,3,TECAMACHALCO,458.73,447.34,11.39,0
2020-11-21,4,TECAMACHALCO,448.7,440.86,7.84,0
2020-11-21,5,TECAMACHALCO,447.6,439.99,7.61,0
2020-11-21,6,TECAMACHALCO,453.06,444.86,8.2,0
2020-11-21,7,TECAMACHALCO,466.67,458.1,8.58,0
2020-11-21,8,TECAMACHALCO,470.58,460.21,10.37,0
2020-11-21,9,TECAMACHALCO,469.72,456.24,13.47,0
2020-11-21,10,TECAMACHALCO,478.44,465.67,14.74,-1.97
2020-11-21,11,TECAMACHALCO,486.06,472.45,16.27,-2.66
2020-11-21,12,TECAMACHALCO,492.87,479.88,16.74,-3.75
2020-11-21,13,TECAMACHALCO,509.3,495.84,18.02,-4.56
2020-11-21,14,TECAMACHALCO,486.75,472.27,17.23,-2.75
2020-11-21,15,TECAMACHALCO,486.41,473.59,16.04,-3.22
2020-11-21,16,TECAMACHALCO,479.55,465.99,16.4,-2.84
2020-11-21,17,TECAMACHALCO,488.1,473.95,16.48,-2.32
2020-11-21,18,TECAMACHALCO,500.22,485.69,14.53,0
2020-11-21,19,TECAMACHALCO,521.07,505.15,15.92,0
2020-11-21,20,TECAMACHALCO,520.48,502.87,17.61,0
2020-11-21,21,TECAMACHALCO,526.34,504.22,22.12,0
2020-11-21,22,TECAMACHALCO,529.7,508.51,21.19,0
2020-11-21,23,TECAMACHALCO,529.01,508.27,20.74,0
2020-11-21,24,TECAMACHALCO,507.94,489.65,18.3,0
2020-11-21,1,TEHUACAN,496.57,474.39,22.18,0
2020-11-21,2,TEHUACAN,482.65,461.94,20.71,0
2020-11-21,3,TEHUACAN,466.59,447.34,19.25,0
2020-11-21,4,TEHUACAN,456.2,440.86,15.33,0
2020-11-21,5,TEHUACAN,454.7,439.99,14.71,0
2020-11-21,6,TEHUACAN,460.03,444.86,15.17,0
2020-11-21,7,TEHUACAN,474.09,458.1,15.99,0
2020-11-21,8,TEHUACAN,478.66,460.21,18.45,0
2020-11-21,9,TEHUACAN,477.57,456.24,21.32,0
2020-11-21,10,TEHUACAN,486.71,465.67,22.98,-1.94
2020-11-21,11,TEHUACAN,495.41,472.45,25.57,-2.61
2020-11-21,12,TEHUACAN,502.19,479.88,25.95,-3.65
2020-11-21,13,TEHUACAN,519.08,495.84,27.67,-4.43
2020-11-21,14,TEHUACAN,495.63,472.27,26.03,-2.68
2020-11-21,15,TEHUACAN,495.36,473.59,24.9,-3.14
2020-11-21,16,TEHUACAN,488.2,465.99,25,-2.79
2020-11-21,17,TEHUACAN,497.17,473.95,25.51,-2.29
2020-11-21,18,TEHUACAN,509.46,485.69,23.77,0
2020-11-21,19,TEHUACAN,530.54,505.15,25.39,0
2020-11-21,20,TEHUACAN,531.18,502.87,28.31,0
2020-11-21,21,TEHUACAN,537.44,504.22,33.22,0
2020-11-21,22,TEHUACAN,540.91,508.51,32.41,0
2020-11-21,23,TEHUACAN,539.53,508.27,31.27,0
2020-11-21,24,TEHUACAN,517.88,489.65,28.24,0
2020-11-21,1,TEHUANTEPEC,467.79,474.39,-6.6,0
2020-11-21,2,TEHUANTEPEC,454.67,461.94,-7.27,0
2020-11-21,3,TEHUANTEPEC,439.81,447.34,-7.53,0
2020-11-21,4,TEHUANTEPEC,425.02,440.86,-15.85,0
2020-11-21,5,TEHUANTEPEC,422.12,439.99,-17.86,0
2020-11-21,6,TEHUANTEPEC,425.86,444.86,-19,0
2020-11-21,7,TEHUANTEPEC,432.55,458.1,-25.55,0
2020-11-21,8,TEHUANTEPEC,436,460.21,-24.21,0
2020-11-21,9,TEHUANTEPEC,434.58,456.24,-21.66,0
2020-11-21,10,TEHUANTEPEC,442.24,465.67,-21.5,-1.93
2020-11-21,11,TEHUANTEPEC,450.57,472.45,-19.29,-2.59
2020-11-21,12,TEHUANTEPEC,455,479.88,-21.26,-3.63
2020-11-21,13,TEHUANTEPEC,472.75,495.84,-18.68,-4.41
2020-11-21,14,TEHUANTEPEC,454.2,472.27,-15.41,-2.66
2020-11-21,15,TEHUANTEPEC,453.28,473.59,-17.19,-3.12
2020-11-21,16,TEHUANTEPEC,446.82,465.99,-16.4,-2.77
2020-11-21,17,TEHUANTEPEC,456.33,473.95,-15.34,-2.28
2020-11-21,18,TEHUANTEPEC,464.51,485.69,-21.18,0
2020-11-21,19,TEHUANTEPEC,479.69,505.15,-25.46,0
2020-11-21,20,TEHUANTEPEC,486.85,502.87,-16.01,0
2020-11-21,21,TEHUANTEPEC,504.66,504.22,.44,0
2020-11-21,22,TEHUANTEPEC,509.97,508.51,1.46,0
2020-11-21,23,TEHUANTEPEC,510.99,508.27,2.73,0
2020-11-21,24,TEHUANTEPEC,489.48,489.65,-.17,0
2020-11-21,1,TEPIC VALLARTA,483.35,474.39,8.96,0
2020-11-21,2,TEPIC VALLARTA,466.08,461.94,4.14,0
2020-11-21,3,TEPIC VALLARTA,450.86,447.34,3.52,0
2020-11-21,4,TEPIC VALLARTA,443.43,440.86,2.56,0
2020-11-21,5,TEPIC VALLARTA,442.52,439.99,2.53,0
2020-11-21,6,TEPIC VALLARTA,446.34,444.86,1.48,0
2020-11-21,7,TEPIC VALLARTA,459.42,458.1,1.33,0
2020-11-21,8,TEPIC VALLARTA,460.24,460.21,.03,0
2020-11-21,9,TEPIC VALLARTA,451.76,456.24,-4.49,0
2020-11-21,10,TEPIC VALLARTA,457.31,465.67,-5.52,-2.84
2020-11-21,11,TEPIC VALLARTA,464.55,472.45,-4.07,-3.82
2020-11-21,12,TEPIC VALLARTA,474.31,479.88,-.21,-5.36
2020-11-21,13,TEPIC VALLARTA,487.63,495.84,-1.71,-6.49
2020-11-21,14,TEPIC VALLARTA,465.88,472.27,-2.48,-3.91
2020-11-21,15,TEPIC VALLARTA,469.08,473.59,.07,-4.59
2020-11-21,16,TEPIC VALLARTA,462.07,465.99,.16,-4.08
2020-11-21,17,TEPIC VALLARTA,471.84,473.95,1.24,-3.36
2020-11-21,18,TEPIC VALLARTA,491.86,485.69,6.17,0
2020-11-21,19,TEPIC VALLARTA,509.66,505.15,4.52,0
2020-11-21,20,TEPIC VALLARTA,510.1,502.87,7.23,0
2020-11-21,21,TEPIC VALLARTA,512.11,504.22,7.88,0
2020-11-21,22,TEPIC VALLARTA,526.42,508.51,17.91,0
2020-11-21,23,TEPIC VALLARTA,526.14,508.27,17.87,0
2020-11-21,24,TEPIC VALLARTA,503.69,489.65,14.05,0
2020-11-21,1,TEZIUTLAN,477.08,474.39,2.69,0
2020-11-21,2,TEZIUTLAN,466.62,461.94,4.69,0
2020-11-21,3,TEZIUTLAN,452.26,447.34,4.92,0
2020-11-21,4,TEZIUTLAN,444.16,440.86,3.3,0
2020-11-21,5,TEZIUTLAN,443.54,439.99,3.56,0
2020-11-21,6,TEZIUTLAN,449.07,444.86,4.21,0
2020-11-21,7,TEZIUTLAN,462.07,458.1,3.98,0
2020-11-21,8,TEZIUTLAN,464.2,460.21,3.98,0
2020-11-21,9,TEZIUTLAN,462.26,456.24,6.02,0
2020-11-21,10,TEZIUTLAN,468.38,465.67,5.48,-2.77
2020-11-21,11,TEZIUTLAN,472.28,472.45,3.55,-3.72
2020-11-21,12,TEZIUTLAN,478.18,479.88,3.51,-5.21
2020-11-21,13,TEZIUTLAN,493.04,495.84,3.53,-6.33
2020-11-21,14,TEZIUTLAN,472.72,472.27,4.27,-3.82
2020-11-21,15,TEZIUTLAN,472.59,473.59,3.48,-4.49
2020-11-21,16,TEZIUTLAN,468.11,465.99,6.11,-3.99
2020-11-21,17,TEZIUTLAN,476.74,473.95,6.04,-3.25
2020-11-21,18,TEZIUTLAN,490.56,485.69,4.87,0
2020-11-21,19,TEZIUTLAN,511.89,505.15,6.74,0
2020-11-21,20,TEZIUTLAN,509.07,502.87,6.21,0
2020-11-21,21,TEZIUTLAN,511.73,504.22,7.5,0
2020-11-21,22,TEZIUTLAN,515.94,508.51,7.43,0
2020-11-21,23,TEZIUTLAN,518.01,508.27,9.75,0
2020-11-21,24,TEZIUTLAN,497.93,489.65,8.29,0
2020-11-21,1,TICUL,510.06,474.39,35.67,0
2020-11-21,2,TICUL,492.2,461.94,30.26,0
2020-11-21,3,TICUL,473.1,447.34,25.76,0
2020-11-21,4,TICUL,453.16,440.86,12.3,0
2020-11-21,5,TICUL,451.02,439.99,11.04,0
2020-11-21,6,TICUL,455.8,444.86,10.95,0
2020-11-21,7,TICUL,465.41,458.1,7.31,0
2020-11-21,8,TICUL,466.94,460.21,6.73,0
2020-11-21,9,TICUL,468.4,456.24,12.15,0
2020-11-21,10,TICUL,476.32,465.67,12.58,-1.94
2020-11-21,11,TICUL,485.4,472.45,15.55,-2.6
2020-11-21,12,TICUL,492.48,479.88,16.24,-3.65
2020-11-21,13,TICUL,513.01,495.84,21.6,-4.43
2020-11-21,14,TICUL,490.11,472.27,20.51,-2.68
2020-11-21,15,TICUL,491.39,473.59,20.93,-3.13
2020-11-21,16,TICUL,486.39,465.99,23.19,-2.79
2020-11-21,17,TICUL,498.35,473.95,26.69,-2.29
2020-11-21,18,TICUL,512.1,485.69,26.41,0
2020-11-21,19,TICUL,527.06,505.15,21.91,0
2020-11-21,20,TICUL,529.76,502.87,26.89,0
2020-11-21,21,TICUL,550.31,504.22,46.09,0
2020-11-21,22,TICUL,553.34,508.51,44.84,0
2020-11-21,23,TICUL,551.33,508.27,43.06,0
2020-11-21,24,TICUL,526.19,489.65,36.55,0
2020-11-21,1,TLAXCALA,487.93,474.39,13.54,0
2020-11-21,2,TLAXCALA,475.09,461.94,13.15,0
2020-11-21,3,TLAXCALA,459.79,447.34,12.46,0
2020-11-21,4,TLAXCALA,450.29,440.86,9.43,0
2020-11-21,5,TLAXCALA,449.8,439.99,9.82,0
2020-11-21,6,TLAXCALA,455.39,444.86,10.54,0
2020-11-21,7,TLAXCALA,469.23,458.1,11.14,0
2020-11-21,8,TLAXCALA,471.42,460.21,11.21,0
2020-11-21,9,TLAXCALA,469.93,456.24,13.69,0
2020-11-21,10,TLAXCALA,477.93,465.67,14.27,-2.01
2020-11-21,11,TLAXCALA,484.3,472.45,14.56,-2.71
2020-11-21,12,TLAXCALA,489.87,479.88,13.79,-3.79
2020-11-21,13,TLAXCALA,505.91,495.84,14.68,-4.61
2020-11-21,14,TLAXCALA,483.81,472.27,14.32,-2.78
2020-11-21,15,TLAXCALA,483.75,473.59,13.41,-3.25
2020-11-21,16,TLAXCALA,477.65,465.99,14.55,-2.88
2020-11-21,17,TLAXCALA,486.75,473.95,15.15,-2.35
2020-11-21,18,TLAXCALA,500.25,485.69,14.56,0
2020-11-21,19,TLAXCALA,520.62,505.15,15.47,0
2020-11-21,20,TLAXCALA,519.05,502.87,16.19,0
2020-11-21,21,TLAXCALA,523.91,504.22,19.69,0
2020-11-21,22,TLAXCALA,527.25,508.51,18.74,0
2020-11-21,23,TLAXCALA,527.78,508.27,19.51,0
2020-11-21,24,TLAXCALA,507.41,489.65,17.76,0
2020-11-21,1,TUXTLA,488.34,474.39,13.95,0
2020-11-21,2,TUXTLA,474.56,461.94,12.62,0
2020-11-21,3,TUXTLA,457.77,447.34,10.43,0
2020-11-21,4,TUXTLA,443.85,440.86,2.98,0
2020-11-21,5,TUXTLA,441.88,439.99,1.89,0
2020-11-21,6,TUXTLA,446.9,444.86,2.04,0
2020-11-21,7,TUXTLA,457.08,458.1,-1.02,0
2020-11-21,8,TUXTLA,459.53,460.21,-.69,0
2020-11-21,9,TUXTLA,458.84,456.24,2.59,0
2020-11-21,10,TUXTLA,467.62,465.67,3.89,-1.94
2020-11-21,11,TUXTLA,475.85,472.45,6.01,-2.6
2020-11-21,12,TUXTLA,482.35,479.88,6.12,-3.64
2020-11-21,13,TUXTLA,500.61,495.84,9.2,-4.43
2020-11-21,14,TUXTLA,478.4,472.27,8.8,-2.67
2020-11-21,15,TUXTLA,478.68,473.59,8.22,-3.13
2020-11-21,16,TUXTLA,472.4,465.99,9.2,-2.79
2020-11-21,17,TUXTLA,481.83,473.95,10.17,-2.29
2020-11-21,18,TUXTLA,488.36,485.69,2.68,0
2020-11-21,19,TUXTLA,502.61,505.15,-2.54,0
2020-11-21,20,TUXTLA,507.14,502.87,4.28,0
2020-11-21,21,TUXTLA,529.83,504.22,25.6,0
2020-11-21,22,TUXTLA,531.93,508.51,23.43,0
2020-11-21,23,TUXTLA,529.98,508.27,21.71,0
2020-11-21,24,TUXTLA,506.42,489.65,16.78,0
2020-11-21,1,URUAPAN,491.96,474.39,17.57,0
2020-11-21,2,URUAPAN,476.77,461.94,14.83,0
2020-11-21,3,URUAPAN,460.37,447.34,13.03,0
2020-11-21,4,URUAPAN,453.1,440.86,12.23,0
2020-11-21,5,URUAPAN,451.74,439.99,11.75,0
2020-11-21,6,URUAPAN,457.47,444.86,12.61,0
2020-11-21,7,URUAPAN,473.23,458.1,15.14,0
2020-11-21,8,URUAPAN,476.59,460.21,16.37,0
2020-11-21,9,URUAPAN,473.39,456.24,17.14,0
2020-11-21,10,URUAPAN,486.19,465.67,18.85,1.67
2020-11-21,11,URUAPAN,494.71,472.45,20.03,2.24
2020-11-21,12,URUAPAN,505.27,479.88,22.26,3.13
2020-11-21,13,URUAPAN,522.16,495.84,22.52,3.8
2020-11-21,14,URUAPAN,493.85,472.27,19.28,2.3
2020-11-21,15,URUAPAN,496.89,473.59,20.61,2.69
2020-11-21,16,URUAPAN,488.37,465.99,19.99,2.39
2020-11-21,17,URUAPAN,496.61,473.95,20.71,1.95
2020-11-21,18,URUAPAN,507.32,485.69,21.63,0
2020-11-21,19,URUAPAN,527.15,505.15,22,0
2020-11-21,20,URUAPAN,526.07,502.87,23.21,0
2020-11-21,21,URUAPAN,526.08,504.22,21.86,0
2020-11-21,22,URUAPAN,531.9,508.51,23.39,0
2020-11-21,23,URUAPAN,532.17,508.27,23.91,0
2020-11-21,24,URUAPAN,510.91,489.65,21.26,0
2020-11-21,1,VDM CENTRO,493.76,474.39,19.37,0
2020-11-21,2,VDM CENTRO,480.18,461.94,18.25,0
2020-11-21,3,VDM CENTRO,464.07,447.34,16.73,0
2020-11-21,4,VDM CENTRO,455.2,440.86,14.34,0
2020-11-21,5,VDM CENTRO,454.13,439.99,14.14,0
2020-11-21,6,VDM CENTRO,459.84,444.86,14.98,0
2020-11-21,7,VDM CENTRO,474.19,458.1,16.1,0
2020-11-21,8,VDM CENTRO,476.73,460.21,16.52,0
2020-11-21,9,VDM CENTRO,475.51,456.24,19.27,0
2020-11-21,10,VDM CENTRO,484.37,465.67,20.29,-1.59
2020-11-21,11,VDM CENTRO,492.43,472.45,22.13,-2.14
2020-11-21,12,VDM CENTRO,499.69,479.88,22.8,-2.99
2020-11-21,13,VDM CENTRO,515.8,495.84,23.6,-3.64
2020-11-21,14,VDM CENTRO,492.79,472.27,22.71,-2.2
2020-11-21,15,VDM CENTRO,493.36,473.59,22.34,-2.57
2020-11-21,16,VDM CENTRO,485.96,465.99,22.26,-2.29
2020-11-21,17,VDM CENTRO,495.01,473.95,22.93,-1.86
2020-11-21,18,VDM CENTRO,508.12,485.69,22.43,0
2020-11-21,19,VDM CENTRO,528.3,505.15,23.15,0
2020-11-21,20,VDM CENTRO,526.89,502.87,24.02,0
2020-11-21,21,VDM CENTRO,530.54,504.22,26.31,0
2020-11-21,22,VDM CENTRO,533.78,508.51,25.27,0
2020-11-21,23,VDM CENTRO,532.82,508.27,24.55,0
2020-11-21,24,VDM CENTRO,512.25,489.65,22.6,0
2020-11-21,1,VDM NORTE,493,474.39,18.61,0
2020-11-21,2,VDM NORTE,479.76,461.94,17.83,0
2020-11-21,3,VDM NORTE,463.78,447.34,16.44,0
2020-11-21,4,VDM NORTE,455.1,440.86,14.24,0
2020-11-21,5,VDM NORTE,454.05,439.99,14.06,0
2020-11-21,6,VDM NORTE,459.66,444.86,14.8,0
2020-11-21,7,VDM NORTE,473.89,458.1,15.79,0
2020-11-21,8,VDM NORTE,476.62,460.21,16.41,0
2020-11-21,9,VDM NORTE,475.16,456.24,18.91,0
2020-11-21,10,VDM NORTE,483.78,465.67,19.65,-1.54
2020-11-21,11,VDM NORTE,491.7,472.45,21.33,-2.07
2020-11-21,12,VDM NORTE,498.89,479.88,21.9,-2.9
2020-11-21,13,VDM NORTE,514.89,495.84,22.57,-3.52
2020-11-21,14,VDM NORTE,491.8,472.27,21.65,-2.13
2020-11-21,15,VDM NORTE,492.34,473.59,21.24,-2.49
2020-11-21,16,VDM NORTE,484.9,465.99,21.12,-2.21
2020-11-21,17,VDM NORTE,493.54,473.95,21.41,-1.82
2020-11-21,18,VDM NORTE,506.59,485.69,20.9,0
2020-11-21,19,VDM NORTE,526.32,505.15,21.17,0
2020-11-21,20,VDM NORTE,524.75,502.87,21.88,0
2020-11-21,21,VDM NORTE,528.19,504.22,23.96,0
2020-11-21,22,VDM NORTE,531.55,508.51,23.04,0
2020-11-21,23,VDM NORTE,530.71,508.27,22.44,0
2020-11-21,24,VDM NORTE,510.6,489.65,20.95,0
2020-11-21,1,VDM SUR,496.61,474.39,22.22,0
2020-11-21,2,VDM SUR,483.06,461.94,21.12,0
2020-11-21,3,VDM SUR,466.9,447.34,19.56,0
2020-11-21,4,VDM SUR,458,440.86,17.13,0
2020-11-21,5,VDM SUR,456.91,439.99,16.92,0
2020-11-21,6,VDM SUR,462.65,444.86,17.79,0
2020-11-21,7,VDM SUR,477.03,458.1,18.94,0
2020-11-21,8,VDM SUR,480.24,460.21,20.03,0
2020-11-21,9,VDM SUR,478.88,456.24,22.64,0
2020-11-21,10,VDM SUR,487.96,465.67,23.8,-1.51
2020-11-21,11,VDM SUR,495.99,472.45,25.57,-2.03
2020-11-21,12,VDM SUR,503.33,479.88,26.3,-2.85
2020-11-21,13,VDM SUR,519.52,495.84,27.15,-3.46
2020-11-21,14,VDM SUR,496.04,472.27,25.86,-2.09
2020-11-21,15,VDM SUR,496.76,473.59,25.62,-2.45
2020-11-21,16,VDM SUR,489.28,465.99,25.47,-2.18
2020-11-21,17,VDM SUR,497.75,473.95,25.6,-1.81
2020-11-21,18,VDM SUR,510.81,485.69,25.13,0
2020-11-21,19,VDM SUR,530.95,505.15,25.8,0
2020-11-21,20,VDM SUR,529.51,502.87,26.65,0
2020-11-21,21,VDM SUR,533.14,504.22,28.91,0
2020-11-21,22,VDM SUR,536.51,508.51,28,0
2020-11-21,23,VDM SUR,535.62,508.27,27.35,0
2020-11-21,24,VDM SUR,515.18,489.65,25.53,0
2020-11-21,1,VERACRUZ,481.3,474.39,6.91,0
2020-11-21,2,VERACRUZ,468.66,461.94,6.72,0
2020-11-21,3,VERACRUZ,452.59,447.34,5.25,0
2020-11-21,4,VERACRUZ,442.09,440.86,1.23,0
2020-11-21,5,VERACRUZ,441.25,439.99,1.26,0
2020-11-21,6,VERACRUZ,446.4,444.86,1.54,0
2020-11-21,7,VERACRUZ,458.07,458.1,-.03,0
2020-11-21,8,VERACRUZ,460.89,460.21,.68,0
2020-11-21,9,VERACRUZ,459.51,456.24,3.26,0
2020-11-21,10,VERACRUZ,468.24,465.67,4.79,-2.22
2020-11-21,11,VERACRUZ,475.93,472.45,6.47,-2.98
2020-11-21,12,VERACRUZ,482.12,479.88,6.41,-4.17
2020-11-21,13,VERACRUZ,498.28,495.84,7.5,-5.06
2020-11-21,14,VERACRUZ,477.02,472.27,7.8,-3.06
2020-11-21,15,VERACRUZ,477.03,473.59,7.01,-3.58
2020-11-21,16,VERACRUZ,470.82,465.99,8.02,-3.19
2020-11-21,17,VERACRUZ,479,473.95,7.66,-2.61
2020-11-21,18,VERACRUZ,490.86,485.69,5.18,0
2020-11-21,19,VERACRUZ,509.76,505.15,4.61,0
2020-11-21,20,VERACRUZ,509.86,502.87,6.99,0
2020-11-21,21,VERACRUZ,518.16,504.22,13.94,0
2020-11-21,22,VERACRUZ,521.45,508.51,12.94,0
2020-11-21,23,VERACRUZ,520.97,508.27,12.71,0
2020-11-21,24,VERACRUZ,500.14,489.65,10.49,0
2020-11-21,1,VICTORIA,434.95,474.39,-39.44,0
2020-11-21,2,VICTORIA,424.17,461.94,-37.77,0
2020-11-21,3,VICTORIA,413.54,447.34,-33.8,0
2020-11-21,4,VICTORIA,408.49,440.86,-32.37,0
2020-11-21,5,VICTORIA,408.76,439.99,-31.23,0
2020-11-21,6,VICTORIA,412.83,444.86,-32.03,0
2020-11-21,7,VICTORIA,424.99,458.1,-33.11,0
2020-11-21,8,VICTORIA,426.5,460.21,-33.71,0
2020-11-21,9,VICTORIA,420.65,456.24,-35.6,0
2020-11-21,10,VICTORIA,409.07,465.67,-35.7,-20.9
2020-11-21,11,VICTORIA,407.31,472.45,-37.09,-28.04
2020-11-21,12,VICTORIA,403.58,479.88,-37.06,-39.25
2020-11-21,13,VICTORIA,410.28,495.84,-37.87,-47.69
2020-11-21,14,VICTORIA,408.11,472.27,-35.37,-28.79
2020-11-21,15,VICTORIA,405.35,473.59,-34.52,-33.73
2020-11-21,16,VICTORIA,402.58,465.99,-33.43,-29.98
2020-11-21,17,VICTORIA,412.66,473.95,-36.7,-24.59
2020-11-21,18,VICTORIA,449.08,485.69,-36.61,0
2020-11-21,19,VICTORIA,472.87,505.15,-32.28,0
2020-11-21,20,VICTORIA,466.62,502.87,-36.25,0
2020-11-21,21,VICTORIA,466.52,504.22,-37.7,0
2020-11-21,22,VICTORIA,471.62,508.51,-36.89,0
2020-11-21,23,VICTORIA,470.73,508.27,-37.54,0
2020-11-21,24,VICTORIA,453.01,489.65,-36.63,0
2020-11-21,1,VILLAHERMOSA,486.18,474.39,11.79,0
2020-11-21,2,VILLAHERMOSA,471.47,461.94,9.54,0
2020-11-21,3,VILLAHERMOSA,454.03,447.34,6.69,0
2020-11-21,4,VILLAHERMOSA,438.82,440.86,-2.05,0
2020-11-21,5,VILLAHERMOSA,436.43,439.99,-3.55,0
2020-11-21,6,VILLAHERMOSA,440.89,444.86,-3.97,0
2020-11-21,7,VILLAHERMOSA,450.4,458.1,-7.7,0
2020-11-21,8,VILLAHERMOSA,452.73,460.21,-7.49,0
2020-11-21,9,VILLAHERMOSA,452.75,456.24,-3.49,0
2020-11-21,10,VILLAHERMOSA,461.37,465.67,-2.36,-1.94
2020-11-21,11,VILLAHERMOSA,469.75,472.45,-.1,-2.6
2020-11-21,12,VILLAHERMOSA,476.46,479.88,.23,-3.65
2020-11-21,13,VILLAHERMOSA,495.1,495.84,3.69,-4.43
2020-11-21,14,VILLAHERMOSA,473.38,472.27,3.78,-2.68
2020-11-21,15,VILLAHERMOSA,473.79,473.59,3.33,-3.13
2020-11-21,16,VILLAHERMOSA,467.72,465.99,4.51,-2.79
2020-11-21,17,VILLAHERMOSA,476.97,473.95,5.31,-2.29
2020-11-21,18,VILLAHERMOSA,485.75,485.69,.06,0
2020-11-21,19,VILLAHERMOSA,502.02,505.15,-3.14,0
2020-11-21,20,VILLAHERMOSA,506.4,502.87,3.54,0
2020-11-21,21,VILLAHERMOSA,527.09,504.22,22.87,0
2020-11-21,22,VILLAHERMOSA,529.91,508.51,21.4,0
2020-11-21,23,VILLAHERMOSA,528.08,508.27,19.82,0
2020-11-21,24,VILLAHERMOSA,504.51,489.65,14.86,0
2020-11-21,1,XALAPA,481.85,474.39,7.46,0
2020-11-21,2,XALAPA,470.76,461.94,8.82,0
2020-11-21,3,XALAPA,455.74,447.34,8.4,0
2020-11-21,4,XALAPA,446.73,440.86,5.86,0
2020-11-21,5,XALAPA,446.2,439.99,6.21,0
2020-11-21,6,XALAPA,451.88,444.86,7.02,0
2020-11-21,7,XALAPA,465.27,458.1,7.18,0
2020-11-21,8,XALAPA,467.91,460.21,7.7,0
2020-11-21,9,XALAPA,466.83,456.24,10.59,0
2020-11-21,10,XALAPA,475.93,465.67,12.89,-2.63
2020-11-21,11,XALAPA,479.93,472.45,11,-3.53
2020-11-21,12,XALAPA,485.47,479.88,10.52,-4.94
2020-11-21,13,XALAPA,501.1,495.84,11.26,-6
2020-11-21,14,XALAPA,480.02,472.27,11.37,-3.62
2020-11-21,15,XALAPA,477.45,473.59,8.13,-4.26
2020-11-21,16,XALAPA,473.38,465.99,11.18,-3.79
2020-11-21,17,XALAPA,482.03,473.95,11.17,-3.09
2020-11-21,18,XALAPA,496.03,485.69,10.34,0
2020-11-21,19,XALAPA,517.63,505.15,12.48,0
2020-11-21,20,XALAPA,514.61,502.87,11.74,0
2020-11-21,21,XALAPA,518.43,504.22,14.21,0
2020-11-21,22,XALAPA,522.43,508.51,13.92,0
2020-11-21,23,XALAPA,525.55,508.27,17.28,0
2020-11-21,24,XALAPA,504.79,489.65,15.14,0
2020-11-21,1,ZACAPU,489.55,474.39,15.16,0
2020-11-21,2,ZACAPU,475.01,461.94,13.07,0
2020-11-21,3,ZACAPU,459.03,447.34,11.69,0
2020-11-21,4,ZACAPU,451.99,440.86,11.12,0
2020-11-21,5,ZACAPU,450.57,439.99,10.59,0
2020-11-21,6,ZACAPU,456.14,444.86,11.28,0
2020-11-21,7,ZACAPU,471.49,458.1,13.39,0
2020-11-21,8,ZACAPU,473.94,460.21,13.72,0
2020-11-21,9,ZACAPU,469.99,456.24,13.75,0
2020-11-21,10,ZACAPU,482.32,465.67,14.93,1.72
2020-11-21,11,ZACAPU,489.92,472.45,15.17,2.3
2020-11-21,12,ZACAPU,500.08,479.88,16.97,3.23
2020-11-21,13,ZACAPU,516.5,495.84,16.74,3.92
2020-11-21,14,ZACAPU,488.56,472.27,13.92,2.37
2020-11-21,15,ZACAPU,492.06,473.59,15.7,2.77
2020-11-21,16,ZACAPU,483.88,465.99,15.43,2.47
2020-11-21,17,ZACAPU,491.85,473.95,15.89,2.01
2020-11-21,18,ZACAPU,502.62,485.69,16.93,0
2020-11-21,19,ZACAPU,521.91,505.15,16.76,0
2020-11-21,20,ZACAPU,520.79,502.87,17.92,0
2020-11-21,21,ZACAPU,520.65,504.22,16.42,0
2020-11-21,22,ZACAPU,526.58,508.51,18.07,0
2020-11-21,23,ZACAPU,528.34,508.27,20.07,0
2020-11-21,24,ZACAPU,507.11,489.65,17.47,0
2020-11-21,1,ZACATECAS,482.62,474.39,8.23,0
2020-11-21,2,ZACATECAS,467.37,461.94,5.43,0
2020-11-21,3,ZACATECAS,452.92,447.34,5.58,0
2020-11-21,4,ZACATECAS,446.41,440.86,5.55,0
2020-11-21,5,ZACATECAS,446.69,439.99,6.71,0
2020-11-21,6,ZACATECAS,451.8,444.86,6.94,0
2020-11-21,7,ZACATECAS,466.83,458.1,8.73,0
2020-11-21,8,ZACATECAS,467.57,460.21,7.36,0
2020-11-21,9,ZACATECAS,457.86,456.24,1.62,0
2020-11-21,10,ZACATECAS,473.51,465.67,2.4,5.44
2020-11-21,11,ZACATECAS,482.21,472.45,2.49,7.27
2020-11-21,12,ZACATECAS,494.59,479.88,4.54,10.17
2020-11-21,13,ZACATECAS,511.72,495.84,4.27,11.61
2020-11-21,14,ZACATECAS,482.06,472.27,3.31,6.48
2020-11-21,15,ZACATECAS,486.47,473.59,5.03,7.85
2020-11-21,16,ZACATECAS,477.95,465.99,4.66,7.3
2020-11-21,17,ZACATECAS,485.61,473.95,5.57,6.08
2020-11-21,18,ZACATECAS,495.16,485.69,9.48,0
2020-11-21,19,ZACATECAS,524.22,505.15,19.07,0
2020-11-21,20,ZACATECAS,520.05,502.87,17.18,0
2020-11-21,21,ZACATECAS,519.5,504.22,15.28,0
2020-11-21,22,ZACATECAS,525.9,508.51,17.4,0
2020-11-21,23,ZACATECAS,524.78,508.27,16.51,0
2020-11-21,24,ZACATECAS,503.21,489.65,13.56,0
2020-11-21,1,ZAMORA,491.82,474.39,17.43,0
2020-11-21,2,ZAMORA,476.65,461.94,14.72,0
2020-11-21,3,ZAMORA,460.49,447.34,13.15,0
2020-11-21,4,ZAMORA,453.61,440.86,12.75,0
2020-11-21,5,ZAMORA,452.45,439.99,12.47,0
2020-11-21,6,ZAMORA,457.82,444.86,12.96,0
2020-11-21,7,ZAMORA,473.57,458.1,15.47,0
2020-11-21,8,ZAMORA,476.65,460.21,16.43,0
2020-11-21,9,ZAMORA,472.55,456.24,16.31,0
2020-11-21,10,ZAMORA,484.87,465.67,17.37,1.84
2020-11-21,11,ZAMORA,492.86,472.45,17.96,2.46
2020-11-21,12,ZAMORA,503.49,479.88,20.17,3.44
2020-11-21,13,ZAMORA,519.97,495.84,19.96,4.18
2020-11-21,14,ZAMORA,491.22,472.27,16.43,2.52
2020-11-21,15,ZAMORA,494.11,473.59,17.57,2.95
2020-11-21,16,ZAMORA,485.69,465.99,17.08,2.63
2020-11-21,17,ZAMORA,493.96,473.95,17.86,2.14
2020-11-21,18,ZAMORA,505.22,485.69,19.53,0
2020-11-21,19,ZAMORA,524.36,505.15,19.21,0
2020-11-21,20,ZAMORA,523.03,502.87,20.16,0
2020-11-21,21,ZAMORA,523.37,504.22,19.15,0
2020-11-21,22,ZAMORA,529.86,508.51,21.35,0
2020-11-21,23,ZAMORA,530.52,508.27,22.25,0
2020-11-21,24,ZAMORA,509.65,489.65,20,0
2020-11-21,1,ZAPOTLAN,486.27,474.39,11.88,0
2020-11-21,2,ZAPOTLAN,470.34,461.94,8.41,0
2020-11-21,3,ZAPOTLAN,454.6,447.34,7.26,0
2020-11-21,4,ZAPOTLAN,447.7,440.86,6.84,0
2020-11-21,5,ZAPOTLAN,446.51,439.99,6.52,0
2020-11-21,6,ZAPOTLAN,451.44,444.86,6.58,0
2020-11-21,7,ZAPOTLAN,466.19,458.1,8.09,0
2020-11-21,8,ZAPOTLAN,469.84,460.21,9.63,0
2020-11-21,9,ZAPOTLAN,465.17,456.24,8.93,0
2020-11-21,10,ZAPOTLAN,477.1,465.67,9.96,1.47
2020-11-21,11,ZAPOTLAN,485.36,472.45,10.95,1.97
2020-11-21,12,ZAPOTLAN,496.27,479.88,13.64,2.75
2020-11-21,13,ZAPOTLAN,511.8,495.84,12.61,3.35
2020-11-21,14,ZAPOTLAN,483.6,472.27,9.31,2.02
2020-11-21,15,ZAPOTLAN,486.24,473.59,10.28,2.37
2020-11-21,16,ZAPOTLAN,477.4,465.99,9.3,2.11
2020-11-21,17,ZAPOTLAN,486.08,473.95,10.41,1.72
2020-11-21,18,ZAPOTLAN,498.86,485.69,13.17,0
2020-11-21,19,ZAPOTLAN,517.63,505.15,12.48,0
2020-11-21,20,ZAPOTLAN,516.42,502.87,13.56,0
2020-11-21,21,ZAPOTLAN,516.98,504.22,12.76,0
2020-11-21,22,ZAPOTLAN,525.59,508.51,17.08,0
2020-11-21,23,ZAPOTLAN,526.35,508.27,18.08,0
2020-11-21,24,ZAPOTLAN,504.97,489.65,15.32,0
2020-11-21,1,ZIHUATANEJO,511.79,474.39,37.4,0
2020-11-21,2,ZIHUATANEJO,497.34,461.94,35.4,0
2020-11-21,3,ZIHUATANEJO,479.43,447.34,32.09,0
2020-11-21,4,ZIHUATANEJO,470.88,440.86,30.02,0
2020-11-21,5,ZIHUATANEJO,468.55,439.99,28.56,0
2020-11-21,6,ZIHUATANEJO,474.65,444.86,29.79,0
2020-11-21,7,ZIHUATANEJO,490.17,458.1,32.07,0
2020-11-21,8,ZIHUATANEJO,491.13,460.21,30.91,0
2020-11-21,9,ZIHUATANEJO,488.12,456.24,31.87,0
2020-11-21,10,ZIHUATANEJO,498.86,465.67,33.45,-.26
2020-11-21,11,ZIHUATANEJO,507.4,472.45,35.3,-.35
2020-11-21,12,ZIHUATANEJO,516.62,479.88,37.22,-.48
2020-11-21,13,ZIHUATANEJO,532.98,495.84,37.73,-.59
2020-11-21,14,ZIHUATANEJO,504.63,472.27,32.71,-.36
2020-11-21,15,ZIHUATANEJO,508.69,473.59,35.52,-.41
2020-11-21,16,ZIHUATANEJO,500.96,465.99,35.35,-.37
2020-11-21,17,ZIHUATANEJO,509.66,473.95,36.06,-.35
2020-11-21,18,ZIHUATANEJO,521.52,485.69,35.83,0
2020-11-21,19,ZIHUATANEJO,538.51,505.15,33.37,0
2020-11-21,20,ZIHUATANEJO,537.55,502.87,34.69,0
2020-11-21,21,ZIHUATANEJO,539.04,504.22,34.82,0
2020-11-21,22,ZIHUATANEJO,545.22,508.51,36.71,0
2020-11-21,23,ZIHUATANEJO,548.63,508.27,40.36,0
2020-11-21,24,ZIHUATANEJO,529.87,489.65,40.22,0
2020-11-22,1,ACAPULCO,532.49,478.81,53.68,0
2020-11-22,2,ACAPULCO,498.27,449.49,48.78,0
2020-11-22,3,ACAPULCO,494.65,448.64,46.01,0
2020-11-22,4,ACAPULCO,482.63,438.6,44.03,0
2020-11-22,5,ACAPULCO,466.06,426.45,39.61,0
2020-11-22,6,ACAPULCO,473.75,433.07,40.68,0
2020-11-22,7,ACAPULCO,468.46,429.88,38.58,0
2020-11-22,8,ACAPULCO,447.41,412.7,34.71,0
2020-11-22,9,ACAPULCO,425.62,391.17,34.45,0
2020-11-22,10,ACAPULCO,397.64,363.44,34.2,0
2020-11-22,11,ACAPULCO,425.21,388.13,37.08,0
2020-11-22,12,ACAPULCO,454.9,413.94,40.96,0
2020-11-22,13,ACAPULCO,455.53,413.65,41.89,0
2020-11-22,14,ACAPULCO,457.37,413.93,43.44,0
2020-11-22,15,ACAPULCO,452.9,409.07,43.83,0
2020-11-22,16,ACAPULCO,459.79,415.35,44.44,0
2020-11-22,17,ACAPULCO,460.26,414,46.26,0
2020-11-22,18,ACAPULCO,507.12,456.11,51,0
2020-11-22,19,ACAPULCO,557.99,502.36,55.63,0
2020-11-22,20,ACAPULCO,567.12,509.55,57.57,0
2020-11-22,21,ACAPULCO,559.59,504.84,54.75,0
2020-11-22,22,ACAPULCO,582.48,513.28,69.2,0
2020-11-22,23,ACAPULCO,558.68,493.1,65.58,0
2020-11-22,24,ACAPULCO,512.87,456.44,56.43,0
2020-11-22,1,AGUASCALIENTES,478.95,478.81,.14,0
2020-11-22,2,AGUASCALIENTES,447.84,449.49,-1.66,0
2020-11-22,3,AGUASCALIENTES,448.57,448.64,-.08,0
2020-11-22,4,AGUASCALIENTES,438.99,438.6,.39,0
2020-11-22,5,AGUASCALIENTES,427.33,426.45,.88,0
2020-11-22,6,AGUASCALIENTES,434.58,433.07,1.51,0
2020-11-22,7,AGUASCALIENTES,432.31,429.88,2.44,0
2020-11-22,8,AGUASCALIENTES,414.5,412.7,1.8,0
2020-11-22,9,AGUASCALIENTES,387.04,391.17,-4.13,0
2020-11-22,10,AGUASCALIENTES,355.94,363.44,-7.5,0
2020-11-22,11,AGUASCALIENTES,379.48,388.13,-8.65,0
2020-11-22,12,AGUASCALIENTES,403.78,413.94,-10.16,0
2020-11-22,13,AGUASCALIENTES,404.19,413.65,-9.45,0
2020-11-22,14,AGUASCALIENTES,404.31,413.93,-9.62,0
2020-11-22,15,AGUASCALIENTES,399,409.07,-10.07,0
2020-11-22,16,AGUASCALIENTES,404.01,415.35,-11.33,0
2020-11-22,17,AGUASCALIENTES,403.18,414,-10.82,0
2020-11-22,18,AGUASCALIENTES,451.29,456.11,-4.83,0
2020-11-22,19,AGUASCALIENTES,499.59,502.36,-2.77,0
2020-11-22,20,AGUASCALIENTES,506.33,509.55,-3.22,0
2020-11-22,21,AGUASCALIENTES,500.7,504.84,-4.14,0
2020-11-22,22,AGUASCALIENTES,509.96,513.28,-3.32,0
2020-11-22,23,AGUASCALIENTES,490.09,493.1,-3.01,0
2020-11-22,24,AGUASCALIENTES,453.01,456.44,-3.43,0
2020-11-22,1,APATZINGAN,505.52,478.81,26.71,0
2020-11-22,2,APATZINGAN,472.33,449.49,22.84,0
2020-11-22,3,APATZINGAN,469.95,448.64,21.31,0
2020-11-22,4,APATZINGAN,458.92,438.6,20.32,0
2020-11-22,5,APATZINGAN,444.87,426.45,18.42,0
2020-11-22,6,APATZINGAN,452.11,433.07,19.04,0
2020-11-22,7,APATZINGAN,450.14,429.88,20.27,0
2020-11-22,8,APATZINGAN,431.11,412.7,18.41,0
2020-11-22,9,APATZINGAN,407.95,391.17,16.78,0
2020-11-22,10,APATZINGAN,379.31,363.44,15.87,0
2020-11-22,11,APATZINGAN,404.96,388.13,16.83,0
2020-11-22,12,APATZINGAN,432,413.94,18.06,0
2020-11-22,13,APATZINGAN,432.74,413.65,19.09,0
2020-11-22,14,APATZINGAN,433.68,413.93,19.75,0
2020-11-22,15,APATZINGAN,429.12,409.07,20.05,0
2020-11-22,16,APATZINGAN,435.18,415.35,19.83,0
2020-11-22,17,APATZINGAN,435.05,414,21.06,0
2020-11-22,18,APATZINGAN,481.26,456.11,25.15,0
2020-11-22,19,APATZINGAN,531.14,502.36,28.78,0
2020-11-22,20,APATZINGAN,541.25,509.55,31.7,0
2020-11-22,21,APATZINGAN,535.62,504.84,30.78,0
2020-11-22,22,APATZINGAN,547.33,513.28,34.04,0
2020-11-22,23,APATZINGAN,525.02,493.1,31.92,0
2020-11-22,24,APATZINGAN,481.7,456.44,25.26,0
2020-11-22,1,CABORCA,426.66,478.81,-52.16,0
2020-11-22,2,CABORCA,403.21,449.49,-46.28,0
2020-11-22,3,CABORCA,400.45,448.64,-48.19,0
2020-11-22,4,CABORCA,394.61,438.6,-44,0
2020-11-22,5,CABORCA,388.07,426.45,-38.38,0
2020-11-22,6,CABORCA,393.88,433.07,-39.2,0
2020-11-22,7,CABORCA,392.25,429.88,-37.63,0
2020-11-22,8,CABORCA,378.96,412.7,-33.74,0
2020-11-22,9,CABORCA,353.68,391.17,-37.49,0
2020-11-22,10,CABORCA,297.04,363.44,-66.39,0
2020-11-22,11,CABORCA,296.55,388.13,-91.58,0
2020-11-22,12,CABORCA,312.74,413.94,-101.19,0
2020-11-22,13,CABORCA,314.53,413.65,-99.12,0
2020-11-22,14,CABORCA,315.95,413.93,-97.98,0
2020-11-22,15,CABORCA,316.58,409.07,-92.49,0
2020-11-22,16,CABORCA,315.01,415.35,-100.33,0
2020-11-22,17,CABORCA,317.65,414,-96.35,0
2020-11-22,18,CABORCA,381.85,456.11,-74.26,0
2020-11-22,19,CABORCA,460.02,502.36,-42.33,0
2020-11-22,20,CABORCA,450.22,509.55,-59.33,0
2020-11-22,21,CABORCA,446.76,504.84,-58.08,0
2020-11-22,22,CABORCA,452.61,513.28,-60.68,0
2020-11-22,23,CABORCA,434.88,493.1,-58.22,0
2020-11-22,24,CABORCA,408.17,456.44,-48.27,0
2020-11-22,1,CAMARGO,449.13,478.81,-29.69,0
2020-11-22,2,CAMARGO,419.73,449.49,-29.76,0
2020-11-22,3,CAMARGO,420.27,448.64,-28.37,0
2020-11-22,4,CAMARGO,413.14,438.6,-25.47,0
2020-11-22,5,CAMARGO,406.68,426.45,-19.77,0
2020-11-22,6,CAMARGO,413.62,433.07,-19.45,0
2020-11-22,7,CAMARGO,412.45,429.88,-17.43,0
2020-11-22,8,CAMARGO,396.24,412.7,-16.46,0
2020-11-22,9,CAMARGO,368.46,391.17,-22.7,0
2020-11-22,10,CAMARGO,339.6,363.44,-23.83,0
2020-11-22,11,CAMARGO,358.3,388.13,-29.83,0
2020-11-22,12,CAMARGO,370.12,413.94,-43.82,0
2020-11-22,13,CAMARGO,371,413.65,-42.65,0
2020-11-22,14,CAMARGO,371.44,413.93,-42.49,0
2020-11-22,15,CAMARGO,367.93,409.07,-41.14,0
2020-11-22,16,CAMARGO,367.59,415.35,-47.76,0
2020-11-22,17,CAMARGO,366.74,414,-47.25,0
2020-11-22,18,CAMARGO,419.01,456.11,-37.11,0
2020-11-22,19,CAMARGO,495.78,502.36,-6.58,0
2020-11-22,20,CAMARGO,474.75,509.55,-34.8,0
2020-11-22,21,CAMARGO,467.99,504.84,-36.85,0
2020-11-22,22,CAMARGO,470.99,513.28,-42.3,0
2020-11-22,23,CAMARGO,450.71,493.1,-42.39,0
2020-11-22,24,CAMARGO,419.7,456.44,-36.74,0
2020-11-22,1,CAMPECHE,516.66,478.81,37.85,0
2020-11-22,2,CAMPECHE,483.5,449.49,34.01,0
2020-11-22,3,CAMPECHE,477.1,448.64,28.46,0
2020-11-22,4,CAMPECHE,466.26,438.6,27.66,0
2020-11-22,5,CAMPECHE,448.48,426.45,22.03,0
2020-11-22,6,CAMPECHE,455.18,433.07,22.11,0
2020-11-22,7,CAMPECHE,441.15,429.88,11.27,0
2020-11-22,8,CAMPECHE,430.92,412.7,18.23,0
2020-11-22,9,CAMPECHE,415.29,391.17,24.12,0
2020-11-22,10,CAMPECHE,381.62,363.44,18.18,0
2020-11-22,11,CAMPECHE,405.44,388.13,17.31,0
2020-11-22,12,CAMPECHE,439.53,413.94,25.59,0
2020-11-22,13,CAMPECHE,433.54,413.65,19.89,0
2020-11-22,14,CAMPECHE,436.18,413.93,22.25,0
2020-11-22,15,CAMPECHE,432.21,409.07,23.14,0
2020-11-22,16,CAMPECHE,440.56,415.35,25.21,0
2020-11-22,17,CAMPECHE,442.83,414,28.83,0
2020-11-22,18,CAMPECHE,491.32,456.11,35.21,0
2020-11-22,19,CAMPECHE,554.44,502.36,52.08,0
2020-11-22,20,CAMPECHE,568.78,509.55,59.23,0
2020-11-22,21,CAMPECHE,565.45,504.84,60.61,0
2020-11-22,22,CAMPECHE,572.66,513.28,59.38,0
2020-11-22,23,CAMPECHE,541.45,493.1,48.35,0
2020-11-22,24,CAMPECHE,495.67,456.44,39.23,0
2020-11-22,1,CANCUN,511.07,478.81,32.26,0
2020-11-22,2,CANCUN,481.49,449.49,32,0
2020-11-22,3,CANCUN,472.85,448.64,24.21,0
2020-11-22,4,CANCUN,465.18,438.6,26.58,0
2020-11-22,5,CANCUN,447.71,426.45,21.26,0
2020-11-22,6,CANCUN,454.96,433.07,21.89,0
2020-11-22,7,CANCUN,441.5,429.88,11.62,0
2020-11-22,8,CANCUN,438.18,412.7,25.49,0
2020-11-22,9,CANCUN,425,391.17,33.83,0
2020-11-22,10,CANCUN,384.91,363.44,21.47,0
2020-11-22,11,CANCUN,407.23,388.13,19.1,0
2020-11-22,12,CANCUN,445.4,413.94,31.46,0
2020-11-22,13,CANCUN,435.4,413.65,21.75,0
2020-11-22,14,CANCUN,437.93,413.93,24,0
2020-11-22,15,CANCUN,434.03,409.07,24.96,0
2020-11-22,16,CANCUN,442.03,415.35,26.68,0
2020-11-22,17,CANCUN,444.35,414,30.36,0
2020-11-22,18,CANCUN,487.65,456.11,31.54,0
2020-11-22,19,CANCUN,548.68,502.36,46.33,0
2020-11-22,20,CANCUN,563.27,509.55,53.72,0
2020-11-22,21,CANCUN,560.33,504.84,55.49,0
2020-11-22,22,CANCUN,567.26,513.28,53.98,0
2020-11-22,23,CANCUN,534.95,493.1,41.85,0
2020-11-22,24,CANCUN,490.89,456.44,34.45,0
2020-11-22,1,CARMEN,539.82,478.81,61.01,0
2020-11-22,2,CARMEN,503.9,449.49,54.4,0
2020-11-22,3,CARMEN,497.1,448.64,48.46,0
2020-11-22,4,CARMEN,484.33,438.6,45.73,0
2020-11-22,5,CARMEN,465.29,426.45,38.84,0
2020-11-22,6,CARMEN,471.36,433.07,38.29,0
2020-11-22,7,CARMEN,456.4,429.88,26.52,0
2020-11-22,8,CARMEN,443.6,412.7,30.9,0
2020-11-22,9,CARMEN,426.57,391.17,35.4,0
2020-11-22,10,CARMEN,393.39,363.44,29.95,0
2020-11-22,11,CARMEN,418.46,388.13,30.33,0
2020-11-22,12,CARMEN,452.63,413.94,38.69,0
2020-11-22,13,CARMEN,448.1,413.65,34.46,0
2020-11-22,14,CARMEN,451.15,413.93,37.22,0
2020-11-22,15,CARMEN,447.43,409.07,38.36,0
2020-11-22,16,CARMEN,456.17,415.35,40.82,0
2020-11-22,17,CARMEN,458.27,414,44.27,0
2020-11-22,18,CARMEN,509.87,456.11,53.76,0
2020-11-22,19,CARMEN,577.05,502.36,74.69,0
2020-11-22,20,CARMEN,592.43,509.55,82.88,0
2020-11-22,21,CARMEN,589.6,504.84,84.77,0
2020-11-22,22,CARMEN,597.58,513.28,84.3,0
2020-11-22,23,CARMEN,565.93,493.1,72.83,0
2020-11-22,24,CARMEN,517.9,456.44,61.46,0
2020-11-22,1,CASAS GRANDES,410.23,478.81,-68.58,0
2020-11-22,2,CASAS GRANDES,385.29,449.49,-64.21,0
2020-11-22,3,CASAS GRANDES,384.4,448.64,-64.24,0
2020-11-22,4,CASAS GRANDES,378.2,438.6,-60.4,0
2020-11-22,5,CASAS GRANDES,373.61,426.45,-52.84,0
2020-11-22,6,CASAS GRANDES,379.16,433.07,-53.92,0
2020-11-22,7,CASAS GRANDES,378.27,429.88,-51.61,0
2020-11-22,8,CASAS GRANDES,363.33,412.7,-49.37,0
2020-11-22,9,CASAS GRANDES,340.06,391.17,-51.11,0
2020-11-22,10,CASAS GRANDES,310.99,363.44,-52.44,0
2020-11-22,11,CASAS GRANDES,324.05,388.13,-64.08,0
2020-11-22,12,CASAS GRANDES,331.71,413.94,-82.23,0
2020-11-22,13,CASAS GRANDES,332.05,413.65,-81.6,0
2020-11-22,14,CASAS GRANDES,332.46,413.93,-81.47,0
2020-11-22,15,CASAS GRANDES,331.29,409.07,-77.78,0
2020-11-22,16,CASAS GRANDES,329.96,415.35,-85.39,0
2020-11-22,17,CASAS GRANDES,330.94,414,-83.06,0
2020-11-22,18,CASAS GRANDES,378.45,456.11,-77.67,0
2020-11-22,19,CASAS GRANDES,457.34,502.36,-45.02,0
2020-11-22,20,CASAS GRANDES,427.57,509.55,-81.98,0
2020-11-22,21,CASAS GRANDES,423.9,504.84,-80.94,0
2020-11-22,22,CASAS GRANDES,426.71,513.28,-86.57,0
2020-11-22,23,CASAS GRANDES,409.6,493.1,-83.5,0
2020-11-22,24,CASAS GRANDES,385.05,456.44,-71.39,0
2020-11-22,1,CELAYA,484.13,478.81,5.32,0
2020-11-22,2,CELAYA,454.41,449.49,4.91,0
2020-11-22,3,CELAYA,453.55,448.64,4.91,0
2020-11-22,4,CELAYA,443.14,438.6,4.54,0
2020-11-22,5,CELAYA,431.13,426.45,4.68,0
2020-11-22,6,CELAYA,437.97,433.07,4.89,0
2020-11-22,7,CELAYA,434.64,429.88,4.76,0
2020-11-22,8,CELAYA,417.04,412.7,4.35,0
2020-11-22,9,CELAYA,393.97,391.17,2.8,0
2020-11-22,10,CELAYA,365.78,363.44,2.35,0
2020-11-22,11,CELAYA,390.35,388.13,2.23,0
2020-11-22,12,CELAYA,416.01,413.94,2.07,0
2020-11-22,13,CELAYA,416.21,413.65,2.56,0
2020-11-22,14,CELAYA,416.66,413.93,2.73,0
2020-11-22,15,CELAYA,411.41,409.07,2.34,0
2020-11-22,16,CELAYA,417.33,415.35,1.98,0
2020-11-22,17,CELAYA,416.08,414,2.09,0
2020-11-22,18,CELAYA,459.71,456.11,3.6,0
2020-11-22,19,CELAYA,506.37,502.36,4.01,0
2020-11-22,20,CELAYA,513.94,509.55,4.39,0
2020-11-22,21,CELAYA,509.75,504.84,4.91,0
2020-11-22,22,CELAYA,518.69,513.28,5.41,0
2020-11-22,23,CELAYA,498.41,493.1,5.31,0
2020-11-22,24,CELAYA,460.29,456.44,3.85,0
2020-11-22,1,CENTRO ORIENTE,494.72,478.81,15.91,0
2020-11-22,2,CENTRO ORIENTE,463.23,449.49,13.74,0
2020-11-22,3,CENTRO ORIENTE,461.15,448.64,12.51,0
2020-11-22,4,CENTRO ORIENTE,450.25,438.6,11.64,0
2020-11-22,5,CENTRO ORIENTE,436.52,426.45,10.07,0
2020-11-22,6,CENTRO ORIENTE,443.45,433.07,10.38,0
2020-11-22,7,CENTRO ORIENTE,438.81,429.88,8.93,0
2020-11-22,8,CENTRO ORIENTE,421.37,412.7,8.67,0
2020-11-22,9,CENTRO ORIENTE,401.38,391.17,10.22,0
2020-11-22,10,CENTRO ORIENTE,375.1,363.44,11.66,0
2020-11-22,11,CENTRO ORIENTE,401.43,388.13,13.31,0
2020-11-22,12,CENTRO ORIENTE,429.5,413.94,15.56,0
2020-11-22,13,CENTRO ORIENTE,429.32,413.65,15.67,0
2020-11-22,14,CENTRO ORIENTE,429.85,413.93,15.92,0
2020-11-22,15,CENTRO ORIENTE,424.74,409.07,15.67,0
2020-11-22,16,CENTRO ORIENTE,431.21,415.35,15.86,0
2020-11-22,17,CENTRO ORIENTE,430.32,414,16.33,0
2020-11-22,18,CENTRO ORIENTE,474.3,456.11,18.19,0
2020-11-22,19,CENTRO ORIENTE,525.26,502.36,22.9,0
2020-11-22,20,CENTRO ORIENTE,534.99,509.55,25.44,0
2020-11-22,21,CENTRO ORIENTE,530.01,504.84,25.17,0
2020-11-22,22,CENTRO ORIENTE,537.54,513.28,24.26,0
2020-11-22,23,CENTRO ORIENTE,514.22,493.1,21.12,0
2020-11-22,24,CENTRO ORIENTE,474,456.44,17.56,0
2020-11-22,1,CENTRO SUR,503.7,478.81,24.89,0
2020-11-22,2,CENTRO SUR,471.75,449.49,22.25,0
2020-11-22,3,CENTRO SUR,469.31,448.64,20.67,0
2020-11-22,4,CENTRO SUR,458.75,438.6,20.15,0
2020-11-22,5,CENTRO SUR,444.22,426.45,17.77,0
2020-11-22,6,CENTRO SUR,451.46,433.07,18.39,0
2020-11-22,7,CENTRO SUR,447.23,429.88,17.35,0
2020-11-22,8,CENTRO SUR,429.02,412.7,16.32,0
2020-11-22,9,CENTRO SUR,408.17,391.17,17,0
2020-11-22,10,CENTRO SUR,381.08,363.44,17.64,0
2020-11-22,11,CENTRO SUR,407.58,388.13,19.46,0
2020-11-22,12,CENTRO SUR,436.03,413.94,22.09,0
2020-11-22,13,CENTRO SUR,436.18,413.65,22.54,0
2020-11-22,14,CENTRO SUR,437.09,413.93,23.16,0
2020-11-22,15,CENTRO SUR,432.13,409.07,23.06,0
2020-11-22,16,CENTRO SUR,438.79,415.35,23.45,0
2020-11-22,17,CENTRO SUR,438.61,414,24.61,0
2020-11-22,18,CENTRO SUR,483.76,456.11,27.65,0
2020-11-22,19,CENTRO SUR,533.52,502.36,31.16,0
2020-11-22,20,CENTRO SUR,543.19,509.55,33.64,0
2020-11-22,21,CENTRO SUR,538.42,504.84,33.58,0
2020-11-22,22,CENTRO SUR,548.85,513.28,35.57,0
2020-11-22,23,CENTRO SUR,526.61,493.1,33.51,0
2020-11-22,24,CENTRO SUR,484.89,456.44,28.45,0
2020-11-22,1,CHETUMAL,517.07,478.81,38.26,0
2020-11-22,2,CHETUMAL,483.8,449.49,34.31,0
2020-11-22,3,CHETUMAL,477.47,448.64,28.83,0
2020-11-22,4,CHETUMAL,466.69,438.6,28.09,0
2020-11-22,5,CHETUMAL,449.06,426.45,22.61,0
2020-11-22,6,CHETUMAL,456.05,433.07,22.98,0
2020-11-22,7,CHETUMAL,442.08,429.88,12.2,0
2020-11-22,8,CHETUMAL,431.51,412.7,18.82,0
2020-11-22,9,CHETUMAL,415.3,391.17,24.13,0
2020-11-22,10,CHETUMAL,381.36,363.44,17.92,0
2020-11-22,11,CHETUMAL,405.23,388.13,17.1,0
2020-11-22,12,CHETUMAL,438.89,413.94,24.95,0
2020-11-22,13,CHETUMAL,433.23,413.65,19.58,0
2020-11-22,14,CHETUMAL,435.74,413.93,21.81,0
2020-11-22,15,CHETUMAL,432.29,409.07,23.21,0
2020-11-22,16,CHETUMAL,441.04,415.35,25.7,0
2020-11-22,17,CHETUMAL,444.16,414,30.16,0
2020-11-22,18,CHETUMAL,493.88,456.11,37.77,0
2020-11-22,19,CHETUMAL,557.35,502.36,54.99,0
2020-11-22,20,CHETUMAL,571.51,509.55,61.96,0
2020-11-22,21,CHETUMAL,567.66,504.84,62.82,0
2020-11-22,22,CHETUMAL,574.24,513.28,60.96,0
2020-11-22,23,CHETUMAL,542.34,493.1,49.25,0
2020-11-22,24,CHETUMAL,496.1,456.44,39.66,0
2020-11-22,1,CHIHUAHUA,421.85,478.81,-56.96,0
2020-11-22,2,CHIHUAHUA,394.63,449.49,-54.86,0
2020-11-22,3,CHIHUAHUA,395.04,448.64,-53.61,0
2020-11-22,4,CHIHUAHUA,388.21,438.6,-50.4,0
2020-11-22,5,CHIHUAHUA,383,426.45,-43.45,0
2020-11-22,6,CHIHUAHUA,389.83,433.07,-43.25,0
2020-11-22,7,CHIHUAHUA,389.25,429.88,-40.63,0
2020-11-22,8,CHIHUAHUA,373.67,412.7,-39.03,0
2020-11-22,9,CHIHUAHUA,348.56,391.17,-42.61,0
2020-11-22,10,CHIHUAHUA,322.71,363.44,-40.73,0
2020-11-22,11,CHIHUAHUA,339.27,388.13,-48.86,0
2020-11-22,12,CHIHUAHUA,348.02,413.94,-65.91,0
2020-11-22,13,CHIHUAHUA,348.53,413.65,-65.12,0
2020-11-22,14,CHIHUAHUA,348.58,413.93,-65.35,0
2020-11-22,15,CHIHUAHUA,345.75,409.07,-63.32,0
2020-11-22,16,CHIHUAHUA,345.19,415.35,-70.16,0
2020-11-22,17,CHIHUAHUA,344.62,414,-69.38,0
2020-11-22,18,CHIHUAHUA,391.96,456.11,-64.15,0
2020-11-22,19,CHIHUAHUA,470.16,502.36,-32.2,0
2020-11-22,20,CHIHUAHUA,443.52,509.55,-66.03,0
2020-11-22,21,CHIHUAHUA,436.95,504.84,-67.89,0
2020-11-22,22,CHIHUAHUA,439.1,513.28,-74.18,0
2020-11-22,23,CHIHUAHUA,419.82,493.1,-73.28,0
2020-11-22,24,CHIHUAHUA,392.27,456.44,-64.17,0
2020-11-22,1,CHILPANCINGO,529.82,478.81,51.01,0
2020-11-22,2,CHILPANCINGO,495.66,449.49,46.17,0
2020-11-22,3,CHILPANCINGO,492.36,448.64,43.72,0
2020-11-22,4,CHILPANCINGO,480.15,438.6,41.55,0
2020-11-22,5,CHILPANCINGO,463.93,426.45,37.48,0
2020-11-22,6,CHILPANCINGO,471.66,433.07,38.58,0
2020-11-22,7,CHILPANCINGO,466.19,429.88,36.31,0
2020-11-22,8,CHILPANCINGO,446.08,412.7,33.39,0
2020-11-22,9,CHILPANCINGO,424.63,391.17,33.46,0
2020-11-22,10,CHILPANCINGO,396.81,363.44,33.38,0
2020-11-22,11,CHILPANCINGO,424.35,388.13,36.22,0
2020-11-22,12,CHILPANCINGO,453.36,413.94,39.43,0
2020-11-22,13,CHILPANCINGO,454.08,413.65,40.43,0
2020-11-22,14,CHILPANCINGO,456.04,413.93,42.11,0
2020-11-22,15,CHILPANCINGO,451.39,409.07,42.32,0
2020-11-22,16,CHILPANCINGO,458.5,415.35,43.16,0
2020-11-22,17,CHILPANCINGO,458.72,414,44.73,0
2020-11-22,18,CHILPANCINGO,505.89,456.11,49.77,0
2020-11-22,19,CHILPANCINGO,555.82,502.36,53.46,0
2020-11-22,20,CHILPANCINGO,564.6,509.55,55.05,0
2020-11-22,21,CHILPANCINGO,555.69,504.84,50.85,0
2020-11-22,22,CHILPANCINGO,580.07,513.28,66.79,0
2020-11-22,23,CHILPANCINGO,555.1,493.1,62,0
2020-11-22,24,CHILPANCINGO,509.65,456.44,53.21,0
2020-11-22,1,CHONTALPA,487.83,478.81,9.02,0
2020-11-22,2,CHONTALPA,455.48,449.49,5.99,0
2020-11-22,3,CHONTALPA,452.33,448.64,3.69,0
2020-11-22,4,CHONTALPA,440.73,438.6,2.13,0
2020-11-22,5,CHONTALPA,424.36,426.45,-2.09,0
2020-11-22,6,CHONTALPA,431.28,433.07,-1.8,0
2020-11-22,7,CHONTALPA,419.1,429.88,-10.78,0
2020-11-22,8,CHONTALPA,405.12,412.7,-7.58,0
2020-11-22,9,CHONTALPA,388.54,391.17,-2.63,0
2020-11-22,10,CHONTALPA,360.62,363.44,-2.82,0
2020-11-22,11,CHONTALPA,383.94,388.13,-4.19,0
2020-11-22,12,CHONTALPA,413.14,413.94,-.8,0
2020-11-22,13,CHONTALPA,410.04,413.65,-3.61,0
2020-11-22,14,CHONTALPA,412.37,413.93,-1.56,0
2020-11-22,15,CHONTALPA,408.31,409.07,-.76,0
2020-11-22,16,CHONTALPA,415.9,415.35,.56,0
2020-11-22,17,CHONTALPA,417.32,414,3.33,0
2020-11-22,18,CHONTALPA,463.57,456.11,7.46,0
2020-11-22,19,CHONTALPA,521.72,502.36,19.36,0
2020-11-22,20,CHONTALPA,535.2,509.55,25.66,0
2020-11-22,21,CHONTALPA,531.95,504.84,27.11,0
2020-11-22,22,CHONTALPA,539.07,513.28,25.79,0
2020-11-22,23,CHONTALPA,511.33,493.1,18.23,0
2020-11-22,24,CHONTALPA,467.77,456.44,11.33,0
2020-11-22,1,CIENEGA,488.23,478.81,9.42,0
2020-11-22,2,CIENEGA,455.23,449.49,5.74,0
2020-11-22,3,CIENEGA,454.29,448.64,5.65,0
2020-11-22,4,CIENEGA,444.05,438.6,5.45,0
2020-11-22,5,CIENEGA,431.48,426.45,5.03,0
2020-11-22,6,CIENEGA,438.14,433.07,5.07,0
2020-11-22,7,CIENEGA,436.08,429.88,6.2,0
2020-11-22,8,CIENEGA,418.84,412.7,6.15,0
2020-11-22,9,CIENEGA,394.53,391.17,3.36,0
2020-11-22,10,CIENEGA,364.31,363.44,.87,0
2020-11-22,11,CIENEGA,388.56,388.13,.44,0
2020-11-22,12,CIENEGA,414.02,413.94,.08,0
2020-11-22,13,CIENEGA,414.43,413.65,.79,0
2020-11-22,14,CIENEGA,415.1,413.93,1.17,0
2020-11-22,15,CIENEGA,410.75,409.07,1.68,0
2020-11-22,16,CIENEGA,416.09,415.35,.74,0
2020-11-22,17,CIENEGA,415.58,414,1.59,0
2020-11-22,18,CIENEGA,462.1,456.11,5.99,0
2020-11-22,19,CIENEGA,507.94,502.36,5.58,0
2020-11-22,20,CIENEGA,515.58,509.55,6.03,0
2020-11-22,21,CIENEGA,510.23,504.84,5.39,0
2020-11-22,22,CIENEGA,523.19,513.28,9.91,0
2020-11-22,23,CIENEGA,503.97,493.1,10.87,0
2020-11-22,24,CIENEGA,463.76,456.44,7.32,0
2020-11-22,1,COATZACOALCOS,487.42,478.81,8.61,0
2020-11-22,2,COATZACOALCOS,455.75,449.49,6.26,0
2020-11-22,3,COATZACOALCOS,453.64,448.64,5,0
2020-11-22,4,COATZACOALCOS,442.11,438.6,3.5,0
2020-11-22,5,COATZACOALCOS,426.35,426.45,-.1,0
2020-11-22,6,COATZACOALCOS,433.33,433.07,.25,0
2020-11-22,7,COATZACOALCOS,422.61,429.88,-7.27,0
2020-11-22,8,COATZACOALCOS,407.82,412.7,-4.88,0
2020-11-22,9,COATZACOALCOS,390.67,391.17,-.49,0
2020-11-22,10,COATZACOALCOS,363.75,363.44,.31,0
2020-11-22,11,COATZACOALCOS,387.83,388.13,-.3,0
2020-11-22,12,COATZACOALCOS,416.48,413.94,2.55,0
2020-11-22,13,COATZACOALCOS,414.16,413.65,.51,0
2020-11-22,14,COATZACOALCOS,416.13,413.93,2.21,0
2020-11-22,15,COATZACOALCOS,411.71,409.07,2.63,0
2020-11-22,16,COATZACOALCOS,419.36,415.35,4.01,0
2020-11-22,17,COATZACOALCOS,420.56,414,6.56,0
2020-11-22,18,COATZACOALCOS,466.18,456.11,10.07,0
2020-11-22,19,COATZACOALCOS,520.99,502.36,18.63,0
2020-11-22,20,COATZACOALCOS,533.13,509.55,23.58,0
2020-11-22,21,COATZACOALCOS,529.43,504.84,24.59,0
2020-11-22,22,COATZACOALCOS,536.64,513.28,23.36,0
2020-11-22,23,COATZACOALCOS,509.86,493.1,16.76,0
2020-11-22,24,COATZACOALCOS,467.2,456.44,10.77,0
2020-11-22,1,COLIMA,488.82,478.81,10.01,0
2020-11-22,2,COLIMA,456.1,449.49,6.6,0
2020-11-22,3,COLIMA,455.03,448.64,6.39,0
2020-11-22,4,COLIMA,444.65,438.6,6.05,0
2020-11-22,5,COLIMA,431.9,426.45,5.45,0
2020-11-22,6,COLIMA,438.53,433.07,5.45,0
2020-11-22,7,COLIMA,436.14,429.88,6.27,0
2020-11-22,8,COLIMA,418.71,412.7,6.02,0
2020-11-22,9,COLIMA,393.01,391.17,1.84,0
2020-11-22,10,COLIMA,363.44,363.44,.01,0
2020-11-22,11,COLIMA,387.69,388.13,-.43,0
2020-11-22,12,COLIMA,413.14,413.94,-.79,0
2020-11-22,13,COLIMA,412.97,413.65,-.67,0
2020-11-22,14,COLIMA,413.76,413.93,-.17,0
2020-11-22,15,COLIMA,409.18,409.07,.11,0
2020-11-22,16,COLIMA,414.33,415.35,-1.02,0
2020-11-22,17,COLIMA,413.66,414,-.34,0
2020-11-22,18,COLIMA,461.17,456.11,5.06,0
2020-11-22,19,COLIMA,506.4,502.36,4.04,0
2020-11-22,20,COLIMA,514.06,509.55,4.52,0
2020-11-22,21,COLIMA,508.86,504.84,4.03,0
2020-11-22,22,COLIMA,522.08,513.28,8.79,0
2020-11-22,23,COLIMA,503.9,493.1,10.8,0
2020-11-22,24,COLIMA,464.13,456.44,7.7,0
2020-11-22,1,CORDOBA,486.72,478.81,7.91,0
2020-11-22,2,CORDOBA,455.21,449.49,5.71,0
2020-11-22,3,CORDOBA,453.62,448.64,4.98,0
2020-11-22,4,CORDOBA,442.21,438.6,3.61,0
2020-11-22,5,CORDOBA,427.41,426.45,.96,0
2020-11-22,6,CORDOBA,434.42,433.07,1.35,0
2020-11-22,7,CORDOBA,430.24,429.88,.36,0
2020-11-22,8,CORDOBA,413.95,412.7,1.25,0
2020-11-22,9,CORDOBA,395.53,391.17,4.36,0
2020-11-22,10,CORDOBA,369.29,363.44,5.86,0
2020-11-22,11,CORDOBA,394.48,388.13,6.35,0
2020-11-22,12,CORDOBA,422.7,413.94,8.77,0
2020-11-22,13,CORDOBA,421.82,413.65,8.17,0
2020-11-22,14,CORDOBA,422.99,413.93,9.06,0
2020-11-22,15,CORDOBA,418.02,409.07,8.95,0
2020-11-22,16,CORDOBA,425.64,415.35,10.3,0
2020-11-22,17,CORDOBA,422.77,414,8.78,0
2020-11-22,18,CORDOBA,467.73,456.11,11.62,0
2020-11-22,19,CORDOBA,520,502.36,17.64,0
2020-11-22,20,CORDOBA,530.73,509.55,21.18,0
2020-11-22,21,CORDOBA,526.05,504.84,21.21,0
2020-11-22,22,CORDOBA,533.67,513.28,20.39,0
2020-11-22,23,CORDOBA,507.85,493.1,14.75,0
2020-11-22,24,CORDOBA,466.69,456.44,10.25,0
2020-11-22,1,CUAUHTEMOC,436.84,478.81,-41.98,0
2020-11-22,2,CUAUHTEMOC,409.84,449.49,-39.65,0
2020-11-22,3,CUAUHTEMOC,411.06,448.64,-37.58,0
2020-11-22,4,CUAUHTEMOC,404.13,438.6,-34.48,0
2020-11-22,5,CUAUHTEMOC,398.43,426.45,-28.02,0
2020-11-22,6,CUAUHTEMOC,405.58,433.07,-27.49,0
2020-11-22,7,CUAUHTEMOC,404.73,429.88,-25.15,0
2020-11-22,8,CUAUHTEMOC,388.09,412.7,-24.6,0
2020-11-22,9,CUAUHTEMOC,362.25,391.17,-28.92,0
2020-11-22,10,CUAUHTEMOC,335.73,363.44,-27.71,0
2020-11-22,11,CUAUHTEMOC,353.37,388.13,-34.76,0
2020-11-22,12,CUAUHTEMOC,361.94,413.94,-52,0
2020-11-22,13,CUAUHTEMOC,362.18,413.65,-51.47,0
2020-11-22,14,CUAUHTEMOC,362.61,413.93,-51.31,0
2020-11-22,15,CUAUHTEMOC,360.7,409.07,-48.37,0
2020-11-22,16,CUAUHTEMOC,360.66,415.35,-54.69,0
2020-11-22,17,CUAUHTEMOC,360.03,414,-53.96,0
2020-11-22,18,CUAUHTEMOC,408.9,456.11,-47.21,0
2020-11-22,19,CUAUHTEMOC,488.22,502.36,-14.14,0
2020-11-22,20,CUAUHTEMOC,461.22,509.55,-48.33,0
2020-11-22,21,CUAUHTEMOC,452.93,504.84,-51.91,0
2020-11-22,22,CUAUHTEMOC,455.63,513.28,-57.65,0
2020-11-22,23,CUAUHTEMOC,435.84,493.1,-57.26,0
2020-11-22,24,CUAUHTEMOC,406.96,456.44,-49.48,0
2020-11-22,1,CUAUTLA,502.77,478.81,23.96,0
2020-11-22,2,CUAUTLA,470.42,449.49,20.92,0
2020-11-22,3,CUAUTLA,467.89,448.64,19.25,0
2020-11-22,4,CUAUTLA,456.46,438.6,17.86,0
2020-11-22,5,CUAUTLA,441.77,426.45,15.32,0
2020-11-22,6,CUAUTLA,448.96,433.07,15.89,0
2020-11-22,7,CUAUTLA,443.32,429.88,13.44,0
2020-11-22,8,CUAUTLA,425.26,412.7,12.56,0
2020-11-22,9,CUAUTLA,405.41,391.17,14.25,0
2020-11-22,10,CUAUTLA,379.03,363.44,15.59,0
2020-11-22,11,CUAUTLA,405.68,388.13,17.55,0
2020-11-22,12,CUAUTLA,434.38,413.94,20.44,0
2020-11-22,13,CUAUTLA,434.02,413.65,20.37,0
2020-11-22,14,CUAUTLA,435.04,413.93,21.11,0
2020-11-22,15,CUAUTLA,430,409.07,20.93,0
2020-11-22,16,CUAUTLA,437.18,415.35,21.84,0
2020-11-22,17,CUAUTLA,437.31,414,23.31,0
2020-11-22,18,CUAUTLA,482.87,456.11,26.76,0
2020-11-22,19,CUAUTLA,535.79,502.36,33.44,0
2020-11-22,20,CUAUTLA,546.04,509.55,36.49,0
2020-11-22,21,CUAUTLA,540.69,504.84,35.85,0
2020-11-22,22,CUAUTLA,550.17,513.28,36.89,0
2020-11-22,23,CUAUTLA,524.73,493.1,31.63,0
2020-11-22,24,CUAUTLA,482.36,456.44,25.93,0
2020-11-22,1,CUERNAVACA,502.22,478.81,23.41,0
2020-11-22,2,CUERNAVACA,469.85,449.49,20.36,0
2020-11-22,3,CUERNAVACA,467.39,448.64,18.75,0
2020-11-22,4,CUERNAVACA,456,438.6,17.4,0
2020-11-22,5,CUERNAVACA,441.31,426.45,14.86,0
2020-11-22,6,CUERNAVACA,448.5,433.07,15.43,0
2020-11-22,7,CUERNAVACA,442.74,429.88,12.87,0
2020-11-22,8,CUERNAVACA,424.46,412.7,11.77,0
2020-11-22,9,CUERNAVACA,404.72,391.17,13.55,0
2020-11-22,10,CUERNAVACA,378.21,363.44,14.77,0
2020-11-22,11,CUERNAVACA,404.71,388.13,16.58,0
2020-11-22,12,CUERNAVACA,433.31,413.94,19.37,0
2020-11-22,13,CUERNAVACA,433.09,413.65,19.44,0
2020-11-22,14,CUERNAVACA,434.17,413.93,20.24,0
2020-11-22,15,CUERNAVACA,429.22,409.07,20.15,0
2020-11-22,16,CUERNAVACA,436.34,415.35,20.99,0
2020-11-22,17,CUERNAVACA,436.33,414,22.33,0
2020-11-22,18,CUERNAVACA,481.75,456.11,25.64,0
2020-11-22,19,CUERNAVACA,532.81,502.36,30.45,0
2020-11-22,20,CUERNAVACA,543.11,509.55,33.56,0
2020-11-22,21,CUERNAVACA,537.43,504.84,32.59,0
2020-11-22,22,CUERNAVACA,548.88,513.28,35.6,0
2020-11-22,23,CUERNAVACA,524.22,493.1,31.12,0
2020-11-22,24,CUERNAVACA,481.93,456.44,25.49,0
2020-11-22,1,CULIACAN,442.49,478.81,-36.33,0
2020-11-22,2,CULIACAN,411.98,449.49,-37.52,0
2020-11-22,3,CULIACAN,410.9,448.64,-37.74,0
2020-11-22,4,CULIACAN,402.35,438.6,-36.25,0
2020-11-22,5,CULIACAN,392.46,426.45,-33.99,0
2020-11-22,6,CULIACAN,396.4,433.07,-36.68,0
2020-11-22,7,CULIACAN,392.04,429.88,-37.84,0
2020-11-22,8,CULIACAN,378.61,412.7,-34.08,0
2020-11-22,9,CULIACAN,358.73,391.17,-32.44,0
2020-11-22,10,CULIACAN,325.95,363.44,-37.48,0
2020-11-22,11,CULIACAN,344.3,388.13,-43.83,0
2020-11-22,12,CULIACAN,365.85,413.94,-48.09,0
2020-11-22,13,CULIACAN,366.18,413.65,-47.47,0
2020-11-22,14,CULIACAN,368.14,413.93,-45.79,0
2020-11-22,15,CULIACAN,368.15,409.07,-40.92,0
2020-11-22,16,CULIACAN,371.36,415.35,-43.98,0
2020-11-22,17,CULIACAN,369.9,414,-44.1,0
2020-11-22,18,CULIACAN,410.46,456.11,-45.66,0
2020-11-22,19,CULIACAN,454.98,502.36,-47.38,0
2020-11-22,20,CULIACAN,457.18,509.55,-52.37,0
2020-11-22,21,CULIACAN,452.87,504.84,-51.97,0
2020-11-22,22,CULIACAN,464.3,513.28,-48.98,0
2020-11-22,23,CULIACAN,448.88,493.1,-44.22,0
2020-11-22,24,CULIACAN,417.65,456.44,-38.79,0
2020-11-22,1,DURANGO,455.74,478.81,-23.08,0
2020-11-22,2,DURANGO,422.8,449.49,-26.69,0
2020-11-22,3,DURANGO,424.57,448.64,-24.07,0
2020-11-22,4,DURANGO,416.58,438.6,-22.02,0
2020-11-22,5,DURANGO,406.49,426.45,-19.96,0
2020-11-22,6,DURANGO,412.44,433.07,-20.63,0
2020-11-22,7,DURANGO,410.62,429.88,-19.26,0
2020-11-22,8,DURANGO,395.38,412.7,-17.32,0
2020-11-22,9,DURANGO,367.87,391.17,-23.3,0
2020-11-22,10,DURANGO,335,363.44,-28.44,0
2020-11-22,11,DURANGO,356.84,388.13,-31.29,0
2020-11-22,12,DURANGO,376.05,413.94,-37.89,0
2020-11-22,13,DURANGO,376.32,413.65,-37.33,0
2020-11-22,14,DURANGO,377.94,413.93,-35.99,0
2020-11-22,15,DURANGO,373.31,409.07,-35.76,0
2020-11-22,16,DURANGO,376.47,415.35,-38.88,0
2020-11-22,17,DURANGO,376.09,414,-37.91,0
2020-11-22,18,DURANGO,425.11,456.11,-31,0
2020-11-22,19,DURANGO,473.64,502.36,-28.72,0
2020-11-22,20,DURANGO,476.89,509.55,-32.66,0
2020-11-22,21,DURANGO,471.18,504.84,-33.66,0
2020-11-22,22,DURANGO,479.94,513.28,-33.35,0
2020-11-22,23,DURANGO,462.99,493.1,-30.11,0
2020-11-22,24,DURANGO,429.72,456.44,-26.72,0
2020-11-22,1,FRESNILLO,466.11,478.81,-12.71,0
2020-11-22,2,FRESNILLO,433.87,449.49,-15.62,0
2020-11-22,3,FRESNILLO,437.09,448.64,-11.55,0
2020-11-22,4,FRESNILLO,428.61,438.6,-9.99,0
2020-11-22,5,FRESNILLO,417.52,426.45,-8.93,0
2020-11-22,6,FRESNILLO,424.99,433.07,-8.09,0
2020-11-22,7,FRESNILLO,423.44,429.88,-6.44,0
2020-11-22,8,FRESNILLO,407.16,412.7,-5.54,0
2020-11-22,9,FRESNILLO,380.93,391.17,-10.24,0
2020-11-22,10,FRESNILLO,350.56,363.44,-12.88,0
2020-11-22,11,FRESNILLO,373.9,388.13,-14.23,0
2020-11-22,12,FRESNILLO,396.63,413.94,-17.3,0
2020-11-22,13,FRESNILLO,397.66,413.65,-15.99,0
2020-11-22,14,FRESNILLO,397.43,413.93,-16.5,0
2020-11-22,15,FRESNILLO,391.13,409.07,-17.95,0
2020-11-22,16,FRESNILLO,394.3,415.35,-21.05,0
2020-11-22,17,FRESNILLO,390.88,414,-23.12,0
2020-11-22,18,FRESNILLO,438.39,456.11,-17.72,0
2020-11-22,19,FRESNILLO,487.37,502.36,-14.98,0
2020-11-22,20,FRESNILLO,493.14,509.55,-16.41,0
2020-11-22,21,FRESNILLO,486.49,504.84,-18.35,0
2020-11-22,22,FRESNILLO,492.62,513.28,-20.66,0
2020-11-22,23,FRESNILLO,473.03,493.1,-20.07,0
2020-11-22,24,FRESNILLO,437.87,456.44,-18.57,0
2020-11-22,1,GUADALAJARA,484.71,478.81,5.9,0
2020-11-22,2,GUADALAJARA,451.85,449.49,2.36,0
2020-11-22,3,GUADALAJARA,451,448.64,2.36,0
2020-11-22,4,GUADALAJARA,440.85,438.6,2.24,0
2020-11-22,5,GUADALAJARA,428.45,426.45,2,0
2020-11-22,6,GUADALAJARA,435.04,433.07,1.97,0
2020-11-22,7,GUADALAJARA,432.82,429.88,2.94,0
2020-11-22,8,GUADALAJARA,415.76,412.7,3.06,0
2020-11-22,9,GUADALAJARA,391.49,391.17,.33,0
2020-11-22,10,GUADALAJARA,361.28,363.44,-2.16,0
2020-11-22,11,GUADALAJARA,385.23,388.13,-2.9,0
2020-11-22,12,GUADALAJARA,410.47,413.94,-3.46,0
2020-11-22,13,GUADALAJARA,411.06,413.65,-2.59,0
2020-11-22,14,GUADALAJARA,411.76,413.93,-2.17,0
2020-11-22,15,GUADALAJARA,407.4,409.07,-1.67,0
2020-11-22,16,GUADALAJARA,412.59,415.35,-2.75,0
2020-11-22,17,GUADALAJARA,411.9,414,-2.09,0
2020-11-22,18,GUADALAJARA,458.4,456.11,2.28,0
2020-11-22,19,GUADALAJARA,503.44,502.36,1.08,0
2020-11-22,20,GUADALAJARA,510.65,509.55,1.1,0
2020-11-22,21,GUADALAJARA,505.51,504.84,.67,0
2020-11-22,22,GUADALAJARA,518.7,513.28,5.42,0
2020-11-22,23,GUADALAJARA,499.84,493.1,6.74,0
2020-11-22,24,GUADALAJARA,460.26,456.44,3.82,0
2020-11-22,1,GUASAVE,428.09,478.81,-50.72,0
2020-11-22,2,GUASAVE,398.83,449.49,-50.67,0
2020-11-22,3,GUASAVE,397.28,448.64,-51.36,0
2020-11-22,4,GUASAVE,389.41,438.6,-49.2,0
2020-11-22,5,GUASAVE,380.48,426.45,-45.97,0
2020-11-22,6,GUASAVE,383.69,433.07,-49.38,0
2020-11-22,7,GUASAVE,379.51,429.88,-50.37,0
2020-11-22,8,GUASAVE,367.56,412.7,-45.13,0
2020-11-22,9,GUASAVE,350.37,391.17,-40.8,0
2020-11-22,10,GUASAVE,316.65,363.44,-46.79,0
2020-11-22,11,GUASAVE,332.8,388.13,-55.33,0
2020-11-22,12,GUASAVE,353.65,413.94,-60.29,0
2020-11-22,13,GUASAVE,353.2,413.65,-60.45,0
2020-11-22,14,GUASAVE,354.9,413.93,-59.03,0
2020-11-22,15,GUASAVE,356.63,409.07,-52.44,0
2020-11-22,16,GUASAVE,358.87,415.35,-56.48,0
2020-11-22,17,GUASAVE,357.3,414,-56.7,0
2020-11-22,18,GUASAVE,395.63,456.11,-60.49,0
2020-11-22,19,GUASAVE,442.26,502.36,-60.1,0
2020-11-22,20,GUASAVE,443.4,509.55,-66.15,0
2020-11-22,21,GUASAVE,439.37,504.84,-65.47,0
2020-11-22,22,GUASAVE,449.49,513.28,-63.8,0
2020-11-22,23,GUASAVE,434.45,493.1,-58.65,0
2020-11-22,24,GUASAVE,405.17,456.44,-51.27,0
2020-11-22,1,GUAYMAS,410.61,478.81,-68.2,0
2020-11-22,2,GUAYMAS,384.34,449.49,-65.16,0
2020-11-22,3,GUAYMAS,382.61,448.64,-66.03,0
2020-11-22,4,GUAYMAS,376.65,438.6,-61.96,0
2020-11-22,5,GUAYMAS,369.72,426.45,-56.73,0
2020-11-22,6,GUAYMAS,371.93,433.07,-61.14,0
2020-11-22,7,GUAYMAS,369.27,429.88,-60.61,0
2020-11-22,8,GUAYMAS,358.7,412.7,-53.99,0
2020-11-22,9,GUAYMAS,341.58,391.17,-49.59,0
2020-11-22,10,GUAYMAS,301.6,363.44,-61.84,0
2020-11-22,11,GUAYMAS,312.37,388.13,-75.76,0
2020-11-22,12,GUAYMAS,330.72,413.94,-83.22,0
2020-11-22,13,GUAYMAS,330.07,413.65,-83.58,0
2020-11-22,14,GUAYMAS,331.83,413.93,-82.1,0
2020-11-22,15,GUAYMAS,334.45,409.07,-74.63,0
2020-11-22,16,GUAYMAS,334.27,415.35,-81.07,0
2020-11-22,17,GUAYMAS,333.03,414,-80.97,0
2020-11-22,18,GUAYMAS,374.35,456.11,-81.76,0
2020-11-22,19,GUAYMAS,430.94,502.36,-71.42,0
2020-11-22,20,GUAYMAS,425.2,509.55,-84.35,0
2020-11-22,21,GUAYMAS,421.33,504.84,-83.51,0
2020-11-22,22,GUAYMAS,428.19,513.28,-85.1,0
2020-11-22,23,GUAYMAS,414.24,493.1,-78.86,0
2020-11-22,24,GUAYMAS,389.34,456.44,-67.1,0
2020-11-22,1,HERMOSILLO,405.57,478.81,-73.25,0
2020-11-22,2,HERMOSILLO,379.9,449.49,-69.6,0
2020-11-22,3,HERMOSILLO,378.11,448.64,-70.53,0
2020-11-22,4,HERMOSILLO,373.17,438.6,-65.43,0
2020-11-22,5,HERMOSILLO,366.69,426.45,-59.76,0
2020-11-22,6,HERMOSILLO,368.58,433.07,-64.49,0
2020-11-22,7,HERMOSILLO,366.74,429.88,-63.14,0
2020-11-22,8,HERMOSILLO,355.12,412.7,-57.58,0
2020-11-22,9,HERMOSILLO,337.74,391.17,-53.42,0
2020-11-22,10,HERMOSILLO,297.34,363.44,-66.1,0
2020-11-22,11,HERMOSILLO,305.92,388.13,-82.21,0
2020-11-22,12,HERMOSILLO,323.76,413.94,-90.17,0
2020-11-22,13,HERMOSILLO,323.65,413.65,-90,0
2020-11-22,14,HERMOSILLO,325.81,413.93,-88.12,0
2020-11-22,15,HERMOSILLO,327.45,409.07,-81.63,0
2020-11-22,16,HERMOSILLO,326.18,415.35,-89.16,0
2020-11-22,17,HERMOSILLO,325.6,414,-88.39,0
2020-11-22,18,HERMOSILLO,369.03,456.11,-87.09,0
2020-11-22,19,HERMOSILLO,427.35,502.36,-75.01,0
2020-11-22,20,HERMOSILLO,418.86,509.55,-90.69,0
2020-11-22,21,HERMOSILLO,415.82,504.84,-89.02,0
2020-11-22,22,HERMOSILLO,421.37,513.28,-91.92,0
2020-11-22,23,HERMOSILLO,409.11,493.1,-83.99,0
2020-11-22,24,HERMOSILLO,386.22,456.44,-70.22,0
2020-11-22,1,HUAJUAPAN,519.05,478.81,40.24,0
2020-11-22,2,HUAJUAPAN,483.75,449.49,34.26,0
2020-11-22,3,HUAJUAPAN,481.27,448.64,32.63,0
2020-11-22,4,HUAJUAPAN,469.07,438.6,30.47,0
2020-11-22,5,HUAJUAPAN,453.62,426.45,27.17,0
2020-11-22,6,HUAJUAPAN,461.92,433.07,28.85,0
2020-11-22,7,HUAJUAPAN,455.34,429.88,25.46,0
2020-11-22,8,HUAJUAPAN,436.88,412.7,24.18,0
2020-11-22,9,HUAJUAPAN,417.27,391.17,26.1,0
2020-11-22,10,HUAJUAPAN,389.62,363.44,26.18,0
2020-11-22,11,HUAJUAPAN,416.39,388.13,28.26,0
2020-11-22,12,HUAJUAPAN,446.28,413.94,32.34,0
2020-11-22,13,HUAJUAPAN,445.5,413.65,31.85,0
2020-11-22,14,HUAJUAPAN,447.05,413.93,33.13,0
2020-11-22,15,HUAJUAPAN,442,409.07,32.93,0
2020-11-22,16,HUAJUAPAN,449.72,415.35,34.38,0
2020-11-22,17,HUAJUAPAN,450.12,414,36.12,0
2020-11-22,18,HUAJUAPAN,498.83,456.11,42.72,0
2020-11-22,19,HUAJUAPAN,561.99,502.36,59.63,0
2020-11-22,20,HUAJUAPAN,576.27,509.55,66.72,0
2020-11-22,21,HUAJUAPAN,570.22,504.84,65.38,0
2020-11-22,22,HUAJUAPAN,576.12,513.28,62.83,0
2020-11-22,23,HUAJUAPAN,545.86,493.1,52.76,0
2020-11-22,24,HUAJUAPAN,498.89,456.44,42.46,0
2020-11-22,1,HUASTECA,462.77,478.81,-16.04,0
2020-11-22,2,HUASTECA,436.74,449.49,-12.76,0
2020-11-22,3,HUASTECA,437.2,448.64,-11.45,0
2020-11-22,4,HUASTECA,427.72,438.6,-10.88,0
2020-11-22,5,HUASTECA,416.68,426.45,-9.77,0
2020-11-22,6,HUASTECA,424.13,433.07,-8.94,0
2020-11-22,7,HUASTECA,421.74,429.88,-8.14,0
2020-11-22,8,HUASTECA,406.06,412.7,-6.64,0
2020-11-22,9,HUASTECA,384.37,391.17,-6.8,0
2020-11-22,10,HUASTECA,356.62,363.44,-6.81,0
2020-11-22,11,HUASTECA,380.69,388.13,-7.44,0
2020-11-22,12,HUASTECA,404.98,413.94,-8.95,0
2020-11-22,13,HUASTECA,405.22,413.65,-8.43,0
2020-11-22,14,HUASTECA,405.29,413.93,-8.64,0
2020-11-22,15,HUASTECA,400.28,409.07,-8.79,0
2020-11-22,16,HUASTECA,406.05,415.35,-9.3,0
2020-11-22,17,HUASTECA,402.92,414,-11.08,0
2020-11-22,18,HUASTECA,441.45,456.11,-14.66,0
2020-11-22,19,HUASTECA,488.07,502.36,-14.29,0
2020-11-22,20,HUASTECA,495.52,509.55,-14.03,0
2020-11-22,21,HUASTECA,490.73,504.84,-14.11,0
2020-11-22,22,HUASTECA,496.87,513.28,-16.41,0
2020-11-22,23,HUASTECA,476.2,493.1,-16.9,0
2020-11-22,24,HUASTECA,442.15,456.44,-14.29,0
2020-11-22,1,HUATULCO,553.02,478.81,74.2,0
2020-11-22,2,HUATULCO,512.92,449.49,63.42,0
2020-11-22,3,HUATULCO,509.74,448.64,61.1,0
2020-11-22,4,HUATULCO,495.38,438.6,56.78,0
2020-11-22,5,HUATULCO,477.57,426.45,51.12,0
2020-11-22,6,HUATULCO,486.9,433.07,53.83,0
2020-11-22,7,HUATULCO,477.01,429.88,47.14,0
2020-11-22,8,HUATULCO,453.59,412.7,40.9,0
2020-11-22,9,HUATULCO,433.8,391.17,42.64,0
2020-11-22,10,HUATULCO,405.29,363.44,41.86,0
2020-11-22,11,HUATULCO,431.3,388.13,43.18,0
2020-11-22,12,HUATULCO,460.49,413.94,46.55,0
2020-11-22,13,HUATULCO,460.53,413.65,46.88,0
2020-11-22,14,HUATULCO,466.67,413.93,52.74,0
2020-11-22,15,HUATULCO,462.33,409.07,53.26,0
2020-11-22,16,HUATULCO,471.07,415.35,55.72,0
2020-11-22,17,HUATULCO,471.77,414,57.78,0
2020-11-22,18,HUATULCO,522.56,456.11,66.45,0
2020-11-22,19,HUATULCO,595.07,502.36,92.71,0
2020-11-22,20,HUATULCO,615.78,509.55,106.24,0
2020-11-22,21,HUATULCO,610.96,504.84,106.12,0
2020-11-22,22,HUATULCO,620.73,513.28,107.45,0
2020-11-22,23,HUATULCO,586.19,493.1,93.09,0
2020-11-22,24,HUATULCO,534.09,456.44,77.66,0
2020-11-22,1,HUEJUTLA,462.21,478.81,-16.6,0
2020-11-22,2,HUEJUTLA,434.37,449.49,-15.13,0
2020-11-22,3,HUEJUTLA,434.41,448.64,-14.23,0
2020-11-22,4,HUEJUTLA,424.08,438.6,-14.52,0
2020-11-22,5,HUEJUTLA,412.65,426.45,-13.8,0
2020-11-22,6,HUEJUTLA,421.79,433.07,-11.29,0
2020-11-22,7,HUEJUTLA,417.64,429.88,-12.24,0
2020-11-22,8,HUEJUTLA,401.48,412.7,-11.22,0
2020-11-22,9,HUEJUTLA,381.23,391.17,-9.94,0
2020-11-22,10,HUEJUTLA,355.35,363.44,-8.09,0
2020-11-22,11,HUEJUTLA,381.32,388.13,-6.81,0
2020-11-22,12,HUEJUTLA,404.87,413.94,-9.07,0
2020-11-22,13,HUEJUTLA,404.94,413.65,-8.71,0
2020-11-22,14,HUEJUTLA,405.24,413.93,-8.69,0
2020-11-22,15,HUEJUTLA,399.99,409.07,-9.08,0
2020-11-22,16,HUEJUTLA,406.02,415.35,-9.33,0
2020-11-22,17,HUEJUTLA,403.63,414,-10.37,0
2020-11-22,18,HUEJUTLA,440.88,456.11,-15.23,0
2020-11-22,19,HUEJUTLA,486.22,502.36,-16.14,0
2020-11-22,20,HUEJUTLA,493.3,509.55,-16.25,0
2020-11-22,21,HUEJUTLA,488.45,504.84,-16.39,0
2020-11-22,22,HUEJUTLA,494.84,513.28,-18.45,0
2020-11-22,23,HUEJUTLA,474.41,493.1,-18.69,0
2020-11-22,24,HUEJUTLA,441.32,456.44,-15.12,0
2020-11-22,1,IGUALA,526.48,478.81,47.66,0
2020-11-22,2,IGUALA,492.43,449.49,42.94,0
2020-11-22,3,IGUALA,489.29,448.64,40.65,0
2020-11-22,4,IGUALA,477.35,438.6,38.75,0
2020-11-22,5,IGUALA,461.34,426.45,34.89,0
2020-11-22,6,IGUALA,469,433.07,35.93,0
2020-11-22,7,IGUALA,463.48,429.88,33.61,0
2020-11-22,8,IGUALA,443.9,412.7,31.2,0
2020-11-22,9,IGUALA,422.96,391.17,31.8,0
2020-11-22,10,IGUALA,395.17,363.44,31.73,0
2020-11-22,11,IGUALA,422.8,388.13,34.67,0
2020-11-22,12,IGUALA,452.58,413.94,38.64,0
2020-11-22,13,IGUALA,452.97,413.65,39.32,0
2020-11-22,14,IGUALA,454.42,413.93,40.49,0
2020-11-22,15,IGUALA,449.66,409.07,40.59,0
2020-11-22,16,IGUALA,456.75,415.35,41.4,0
2020-11-22,17,IGUALA,456.82,414,42.83,0
2020-11-22,18,IGUALA,503.66,456.11,47.55,0
2020-11-22,19,IGUALA,550.88,502.36,48.52,0
2020-11-22,20,IGUALA,558.19,509.55,48.64,0
2020-11-22,21,IGUALA,549.01,504.84,44.17,0
2020-11-22,22,IGUALA,575.44,513.28,62.16,0
2020-11-22,23,IGUALA,550.94,493.1,57.84,0
2020-11-22,24,IGUALA,506.18,456.44,49.75,0
2020-11-22,1,IRAPUATO,489.22,478.81,10.41,0
2020-11-22,2,IRAPUATO,458.38,449.49,8.88,0
2020-11-22,3,IRAPUATO,457.77,448.64,9.13,0
2020-11-22,4,IRAPUATO,447.54,438.6,8.94,0
2020-11-22,5,IRAPUATO,435.11,426.45,8.66,0
2020-11-22,6,IRAPUATO,441.98,433.07,8.9,0
2020-11-22,7,IRAPUATO,438.94,429.88,9.07,0
2020-11-22,8,IRAPUATO,421.22,412.7,8.53,0
2020-11-22,9,IRAPUATO,397.51,391.17,6.34,0
2020-11-22,10,IRAPUATO,368.34,363.44,4.9,0
2020-11-22,11,IRAPUATO,393.12,388.13,4.99,0
2020-11-22,12,IRAPUATO,418.93,413.94,5,0
2020-11-22,13,IRAPUATO,419.15,413.65,5.5,0
2020-11-22,14,IRAPUATO,419.5,413.93,5.57,0
2020-11-22,15,IRAPUATO,414.44,409.07,5.37,0
2020-11-22,16,IRAPUATO,420.23,415.35,4.88,0
2020-11-22,17,IRAPUATO,419.11,414,5.11,0
2020-11-22,18,IRAPUATO,463.84,456.11,7.73,0
2020-11-22,19,IRAPUATO,511.34,502.36,8.98,0
2020-11-22,20,IRAPUATO,518.87,509.55,9.32,0
2020-11-22,21,IRAPUATO,513.94,504.84,9.11,0
2020-11-22,22,IRAPUATO,523.47,513.28,10.19,0
2020-11-22,23,IRAPUATO,503.04,493.1,9.94,0
2020-11-22,24,IRAPUATO,464.96,456.44,8.52,0
2020-11-22,1,IXMIQUILPAN,501.65,478.81,22.84,0
2020-11-22,2,IXMIQUILPAN,470.03,449.49,20.54,0
2020-11-22,3,IXMIQUILPAN,468.23,448.64,19.59,0
2020-11-22,4,IXMIQUILPAN,457.25,438.6,18.65,0
2020-11-22,5,IXMIQUILPAN,443.91,426.45,17.46,0
2020-11-22,6,IXMIQUILPAN,451.03,433.07,17.95,0
2020-11-22,7,IXMIQUILPAN,447.1,429.88,17.22,0
2020-11-22,8,IXMIQUILPAN,429.04,412.7,16.35,0
2020-11-22,9,IXMIQUILPAN,406.36,391.17,15.19,0
2020-11-22,10,IXMIQUILPAN,378.07,363.44,14.64,0
2020-11-22,11,IXMIQUILPAN,404.39,388.13,16.27,0
2020-11-22,12,IXMIQUILPAN,432.11,413.94,18.18,0
2020-11-22,13,IXMIQUILPAN,431.47,413.65,17.82,0
2020-11-22,14,IXMIQUILPAN,431.92,413.93,18,0
2020-11-22,15,IXMIQUILPAN,426.5,409.07,17.43,0
2020-11-22,16,IXMIQUILPAN,433.23,415.35,17.88,0
2020-11-22,17,IXMIQUILPAN,433.14,414,19.14,0
2020-11-22,18,IXMIQUILPAN,481.51,456.11,25.4,0
2020-11-22,19,IXMIQUILPAN,533.68,502.36,31.32,0
2020-11-22,20,IXMIQUILPAN,536.57,509.55,27.02,0
2020-11-22,21,IXMIQUILPAN,535.35,504.84,30.51,0
2020-11-22,22,IXMIQUILPAN,536,513.28,22.71,0
2020-11-22,23,IXMIQUILPAN,520.8,493.1,27.7,0
2020-11-22,24,IXMIQUILPAN,480.98,456.44,24.54,0
2020-11-22,1,IZUCAR,508.11,478.81,29.29,0
2020-11-22,2,IZUCAR,475.06,449.49,25.57,0
2020-11-22,3,IZUCAR,472.71,448.64,24.07,0
2020-11-22,4,IZUCAR,461.13,438.6,22.53,0
2020-11-22,5,IZUCAR,446.2,426.45,19.75,0
2020-11-22,6,IZUCAR,453.83,433.07,20.76,0
2020-11-22,7,IZUCAR,447.79,429.88,17.91,0
2020-11-22,8,IZUCAR,429.61,412.7,16.92,0
2020-11-22,9,IZUCAR,409.99,391.17,18.82,0
2020-11-22,10,IZUCAR,382.86,363.44,19.43,0
2020-11-22,11,IZUCAR,409.6,388.13,21.47,0
2020-11-22,12,IZUCAR,439.01,413.94,25.08,0
2020-11-22,13,IZUCAR,438.4,413.65,24.75,0
2020-11-22,14,IZUCAR,439.45,413.93,25.53,0
2020-11-22,15,IZUCAR,434.47,409.07,25.4,0
2020-11-22,16,IZUCAR,441.69,415.35,26.35,0
2020-11-22,17,IZUCAR,441.47,414,27.48,0
2020-11-22,18,IZUCAR,488.14,456.11,32.02,0
2020-11-22,19,IZUCAR,544.28,502.36,41.92,0
2020-11-22,20,IZUCAR,555.76,509.55,46.21,0
2020-11-22,21,IZUCAR,550.21,504.84,45.37,0
2020-11-22,22,IZUCAR,557.46,513.28,44.18,0
2020-11-22,23,IZUCAR,530.74,493.1,37.64,0
2020-11-22,24,IZUCAR,487.18,456.44,30.74,0
2020-11-22,1,JIQUILPAN,488,478.81,9.19,0
2020-11-22,2,JIQUILPAN,456.24,449.49,6.74,0
2020-11-22,3,JIQUILPAN,454.79,448.64,6.15,0
2020-11-22,4,JIQUILPAN,444.62,438.6,6.02,0
2020-11-22,5,JIQUILPAN,431.5,426.45,5.05,0
2020-11-22,6,JIQUILPAN,438.52,433.07,5.44,0
2020-11-22,7,JIQUILPAN,436.27,429.88,6.39,0
2020-11-22,8,JIQUILPAN,418.78,412.7,6.09,0
2020-11-22,9,JIQUILPAN,395.24,391.17,4.07,0
2020-11-22,10,JIQUILPAN,366.24,363.44,2.81,0
2020-11-22,11,JIQUILPAN,390.63,388.13,2.5,0
2020-11-22,12,JIQUILPAN,416.3,413.94,2.36,0
2020-11-22,13,JIQUILPAN,416.74,413.65,3.09,0
2020-11-22,14,JIQUILPAN,417.43,413.93,3.5,0
2020-11-22,15,JIQUILPAN,412.93,409.07,3.86,0
2020-11-22,16,JIQUILPAN,418.36,415.35,3.01,0
2020-11-22,17,JIQUILPAN,417.96,414,3.96,0
2020-11-22,18,JIQUILPAN,463.29,456.11,7.18,0
2020-11-22,19,JIQUILPAN,507.79,502.36,5.43,0
2020-11-22,20,JIQUILPAN,515.12,509.55,5.57,0
2020-11-22,21,JIQUILPAN,510.36,504.84,5.52,0
2020-11-22,22,JIQUILPAN,523.86,513.28,10.58,0
2020-11-22,23,JIQUILPAN,505.35,493.1,12.25,0
2020-11-22,24,JIQUILPAN,465.45,456.44,9.01,0
2020-11-22,1,JUAREZ,397.6,478.81,-81.21,0
2020-11-22,2,JUAREZ,375.13,449.49,-74.36,0
2020-11-22,3,JUAREZ,373.34,448.64,-75.3,0
2020-11-22,4,JUAREZ,366.59,438.6,-72.01,0
2020-11-22,5,JUAREZ,364.79,426.45,-61.65,0
2020-11-22,6,JUAREZ,370.66,433.07,-62.41,0
2020-11-22,7,JUAREZ,370.14,429.88,-59.74,0
2020-11-22,8,JUAREZ,353.97,412.7,-58.73,0
2020-11-22,9,JUAREZ,332.54,391.17,-58.63,0
2020-11-22,10,JUAREZ,316.16,363.44,-47.27,0
2020-11-22,11,JUAREZ,331.08,388.13,-57.05,0
2020-11-22,12,JUAREZ,331.79,413.94,-82.15,0
2020-11-22,13,JUAREZ,331.95,413.65,-81.7,0
2020-11-22,14,JUAREZ,331.85,413.93,-82.08,0
2020-11-22,15,JUAREZ,330.56,409.07,-78.51,0
2020-11-22,16,JUAREZ,329.88,415.35,-85.47,0
2020-11-22,17,JUAREZ,330.79,414,-83.2,0
2020-11-22,18,JUAREZ,371.75,456.11,-84.37,0
2020-11-22,19,JUAREZ,467.66,502.36,-34.69,0
2020-11-22,20,JUAREZ,414.4,509.55,-95.15,0
2020-11-22,21,JUAREZ,414.29,504.84,-90.55,0
2020-11-22,22,JUAREZ,415.85,513.28,-97.43,0
2020-11-22,23,JUAREZ,398.09,493.1,-95.01,0
2020-11-22,24,JUAREZ,376.38,456.44,-80.06,0
2020-11-22,1,LAGUNA,453.33,478.81,-25.48,0
2020-11-22,2,LAGUNA,420.66,449.49,-28.84,0
2020-11-22,3,LAGUNA,424.74,448.64,-23.9,0
2020-11-22,4,LAGUNA,416.81,438.6,-21.79,0
2020-11-22,5,LAGUNA,407.21,426.45,-19.24,0
2020-11-22,6,LAGUNA,414.65,433.07,-18.42,0
2020-11-22,7,LAGUNA,414.19,429.88,-15.69,0
2020-11-22,8,LAGUNA,398.4,412.7,-14.29,0
2020-11-22,9,LAGUNA,365.9,391.17,-25.27,0
2020-11-22,10,LAGUNA,333.67,363.44,-29.77,0
2020-11-22,11,LAGUNA,355.5,388.13,-32.63,0
2020-11-22,12,LAGUNA,374.94,413.94,-38.99,0
2020-11-22,13,LAGUNA,375.73,413.65,-37.91,0
2020-11-22,14,LAGUNA,376.11,413.93,-37.82,0
2020-11-22,15,LAGUNA,370.41,409.07,-38.66,0
2020-11-22,16,LAGUNA,371.72,415.35,-43.63,0
2020-11-22,17,LAGUNA,368.91,414,-45.08,0
2020-11-22,18,LAGUNA,422.76,456.11,-33.35,0
2020-11-22,19,LAGUNA,474.59,502.36,-27.77,0
2020-11-22,20,LAGUNA,475.74,509.55,-33.81,0
2020-11-22,21,LAGUNA,470.21,504.84,-34.63,0
2020-11-22,22,LAGUNA,474.38,513.28,-38.91,0
2020-11-22,23,LAGUNA,458.05,493.1,-35.05,0
2020-11-22,24,LAGUNA,426.21,456.44,-30.23,0
2020-11-22,1,LAZARO CARDENAS,498.1,478.81,19.29,0
2020-11-22,2,LAZARO CARDENAS,470.03,449.49,20.53,0
2020-11-22,3,LAZARO CARDENAS,466.98,448.64,18.34,0
2020-11-22,4,LAZARO CARDENAS,456.95,438.6,18.35,0
2020-11-22,5,LAZARO CARDENAS,440.97,426.45,14.52,0
2020-11-22,6,LAZARO CARDENAS,449,433.07,15.92,0
2020-11-22,7,LAZARO CARDENAS,446.31,429.88,16.43,0
2020-11-22,8,LAZARO CARDENAS,426.35,412.7,13.66,0
2020-11-22,9,LAZARO CARDENAS,403.83,391.17,12.66,0
2020-11-22,10,LAZARO CARDENAS,376.52,363.44,13.09,0
2020-11-22,11,LAZARO CARDENAS,400.96,388.13,12.83,0
2020-11-22,12,LAZARO CARDENAS,427.7,413.94,13.76,0
2020-11-22,13,LAZARO CARDENAS,428.68,413.65,15.04,0
2020-11-22,14,LAZARO CARDENAS,430.1,413.93,16.17,0
2020-11-22,15,LAZARO CARDENAS,426.21,409.07,17.13,0
2020-11-22,16,LAZARO CARDENAS,431.26,415.35,15.91,0
2020-11-22,17,LAZARO CARDENAS,433.03,414,19.03,0
2020-11-22,18,LAZARO CARDENAS,475.13,456.11,19.02,0
2020-11-22,19,LAZARO CARDENAS,514.5,502.36,12.14,0
2020-11-22,20,LAZARO CARDENAS,519.1,509.55,9.55,0
2020-11-22,21,LAZARO CARDENAS,515.77,504.84,10.93,0
2020-11-22,22,LAZARO CARDENAS,534.07,513.28,20.78,0
2020-11-22,23,LAZARO CARDENAS,520.21,493.1,27.11,0
2020-11-22,24,LAZARO CARDENAS,481.08,456.44,24.64,0
2020-11-22,1,LEON,489.4,478.81,10.59,0
2020-11-22,2,LEON,457.86,449.49,8.37,0
2020-11-22,3,LEON,457.48,448.64,8.84,0
2020-11-22,4,LEON,447.27,438.6,8.67,0
2020-11-22,5,LEON,434.97,426.45,8.53,0
2020-11-22,6,LEON,442.02,433.07,8.95,0
2020-11-22,7,LEON,439.36,429.88,9.48,0
2020-11-22,8,LEON,421.42,412.7,8.72,0
2020-11-22,9,LEON,396.77,391.17,5.6,0
2020-11-22,10,LEON,366.97,363.44,3.53,0
2020-11-22,11,LEON,391.68,388.13,3.56,0
2020-11-22,12,LEON,417.38,413.94,3.45,0
2020-11-22,13,LEON,417.65,413.65,4.01,0
2020-11-22,14,LEON,417.94,413.93,4.01,0
2020-11-22,15,LEON,412.74,409.07,3.67,0
2020-11-22,16,LEON,418.35,415.35,3,0
2020-11-22,17,LEON,417.3,414,3.3,0
2020-11-22,18,LEON,463.38,456.11,7.27,0
2020-11-22,19,LEON,512.33,502.36,9.97,0
2020-11-22,20,LEON,519.96,509.55,10.41,0
2020-11-22,21,LEON,514.77,504.84,9.93,0
2020-11-22,22,LEON,524.18,513.28,10.9,0
2020-11-22,23,LEON,503.44,493.1,10.34,0
2020-11-22,24,LEON,464.83,456.44,8.39,0
2020-11-22,1,LOS ALTOS,489.94,478.81,11.12,0
2020-11-22,2,LOS ALTOS,457.66,449.49,8.17,0
2020-11-22,3,LOS ALTOS,457.53,448.64,8.89,0
2020-11-22,4,LOS ALTOS,447.71,438.6,9.1,0
2020-11-22,5,LOS ALTOS,435.81,426.45,9.37,0
2020-11-22,6,LOS ALTOS,443.02,433.07,9.94,0
2020-11-22,7,LOS ALTOS,441.02,429.88,11.14,0
2020-11-22,8,LOS ALTOS,422.74,412.7,10.05,0
2020-11-22,9,LOS ALTOS,396.05,391.17,4.88,0
2020-11-22,10,LOS ALTOS,364.82,363.44,1.38,0
2020-11-22,11,LOS ALTOS,388.78,388.13,.65,0
2020-11-22,12,LOS ALTOS,413.53,413.94,-.4,0
2020-11-22,13,LOS ALTOS,413.84,413.65,.19,0
2020-11-22,14,LOS ALTOS,414.22,413.93,.29,0
2020-11-22,15,LOS ALTOS,409.2,409.07,.13,0
2020-11-22,16,LOS ALTOS,414.84,415.35,-.51,0
2020-11-22,17,LOS ALTOS,414.51,414,.52,0
2020-11-22,18,LOS ALTOS,462.83,456.11,6.71,0
2020-11-22,19,LOS ALTOS,511.8,502.36,9.44,0
2020-11-22,20,LOS ALTOS,519.22,509.55,9.67,0
2020-11-22,21,LOS ALTOS,513.1,504.84,8.27,0
2020-11-22,22,LOS ALTOS,523.5,513.28,10.22,0
2020-11-22,23,LOS ALTOS,503.43,493.1,10.33,0
2020-11-22,24,LOS ALTOS,464.44,456.44,8,0
2020-11-22,1,LOS MOCHIS,415.62,478.81,-63.2,0
2020-11-22,2,LOS MOCHIS,387.58,449.49,-61.91,0
2020-11-22,3,LOS MOCHIS,386.23,448.64,-62.41,0
2020-11-22,4,LOS MOCHIS,378.98,438.6,-59.62,0
2020-11-22,5,LOS MOCHIS,370.84,426.45,-55.61,0
2020-11-22,6,LOS MOCHIS,373.87,433.07,-59.2,0
2020-11-22,7,LOS MOCHIS,370.29,429.88,-59.59,0
2020-11-22,8,LOS MOCHIS,359.18,412.7,-53.51,0
2020-11-22,9,LOS MOCHIS,343.18,391.17,-47.99,0
2020-11-22,10,LOS MOCHIS,309.41,363.44,-54.02,0
2020-11-22,11,LOS MOCHIS,324.4,388.13,-63.72,0
2020-11-22,12,LOS MOCHIS,344.85,413.94,-69.08,0
2020-11-22,13,LOS MOCHIS,343.8,413.65,-69.85,0
2020-11-22,14,LOS MOCHIS,345.48,413.93,-68.44,0
2020-11-22,15,LOS MOCHIS,347.9,409.07,-61.17,0
2020-11-22,16,LOS MOCHIS,349.33,415.35,-66.02,0
2020-11-22,17,LOS MOCHIS,347.75,414,-66.25,0
2020-11-22,18,LOS MOCHIS,384.45,456.11,-71.66,0
2020-11-22,19,LOS MOCHIS,431.26,502.36,-71.1,0
2020-11-22,20,LOS MOCHIS,430.95,509.55,-78.6,0
2020-11-22,21,LOS MOCHIS,425.84,504.84,-79,0
2020-11-22,22,LOS MOCHIS,435.33,513.28,-77.96,0
2020-11-22,23,LOS MOCHIS,420.73,493.1,-72.37,0
2020-11-22,24,LOS MOCHIS,393.13,456.44,-63.31,0
2020-11-22,1,LOS RIOS,496.64,478.81,17.83,0
2020-11-22,2,LOS RIOS,463.87,449.49,14.37,0
2020-11-22,3,LOS RIOS,460.14,448.64,11.5,0
2020-11-22,4,LOS RIOS,448.76,438.6,10.16,0
2020-11-22,5,LOS RIOS,432.19,426.45,5.74,0
2020-11-22,6,LOS RIOS,439.1,433.07,6.03,0
2020-11-22,7,LOS RIOS,426.48,429.88,-3.4,0
2020-11-22,8,LOS RIOS,413.26,412.7,.57,0
2020-11-22,9,LOS RIOS,396.6,391.17,5.43,0
2020-11-22,10,LOS RIOS,367.09,363.44,3.66,0
2020-11-22,11,LOS RIOS,390.52,388.13,2.39,0
2020-11-22,12,LOS RIOS,420.9,413.94,6.97,0
2020-11-22,13,LOS RIOS,417.06,413.65,3.42,0
2020-11-22,14,LOS RIOS,419.47,413.93,5.54,0
2020-11-22,15,LOS RIOS,415.48,409.07,6.41,0
2020-11-22,16,LOS RIOS,423.43,415.35,8.09,0
2020-11-22,17,LOS RIOS,425.29,414,11.29,0
2020-11-22,18,LOS RIOS,472.82,456.11,16.71,0
2020-11-22,19,LOS RIOS,532.75,502.36,30.39,0
2020-11-22,20,LOS RIOS,546.34,509.55,36.79,0
2020-11-22,21,LOS RIOS,542.81,504.84,37.97,0
2020-11-22,22,LOS RIOS,549.68,513.28,36.4,0
2020-11-22,23,LOS RIOS,520.64,493.1,27.54,0
2020-11-22,24,LOS RIOS,476.17,456.44,19.73,0
2020-11-22,1,LOS TUXTLAS,492.15,478.81,13.34,0
2020-11-22,2,LOS TUXTLAS,459.54,449.49,10.05,0
2020-11-22,3,LOS TUXTLAS,457.09,448.64,8.45,0
2020-11-22,4,LOS TUXTLAS,445.54,438.6,6.94,0
2020-11-22,5,LOS TUXTLAS,429.77,426.45,3.32,0
2020-11-22,6,LOS TUXTLAS,436.74,433.07,3.66,0
2020-11-22,7,LOS TUXTLAS,427.65,429.88,-2.23,0
2020-11-22,8,LOS TUXTLAS,412.25,412.7,-.45,0
2020-11-22,9,LOS TUXTLAS,394.68,391.17,3.51,0
2020-11-22,10,LOS TUXTLAS,368.3,363.44,4.86,0
2020-11-22,11,LOS TUXTLAS,393.9,388.13,5.78,0
2020-11-22,12,LOS TUXTLAS,422.65,413.94,8.72,0
2020-11-22,13,LOS TUXTLAS,420.9,413.65,7.25,0
2020-11-22,14,LOS TUXTLAS,422.73,413.93,8.8,0
2020-11-22,15,LOS TUXTLAS,418.44,409.07,9.37,0
2020-11-22,16,LOS TUXTLAS,426.02,415.35,10.67,0
2020-11-22,17,LOS TUXTLAS,427,414,13,0
2020-11-22,18,LOS TUXTLAS,474.06,456.11,17.94,0
2020-11-22,19,LOS TUXTLAS,531.91,502.36,29.55,0
2020-11-22,20,LOS TUXTLAS,544.17,509.55,34.62,0
2020-11-22,21,LOS TUXTLAS,540.03,504.84,35.19,0
2020-11-22,22,LOS TUXTLAS,546.66,513.28,33.38,0
2020-11-22,23,LOS TUXTLAS,519.01,493.1,25.91,0
2020-11-22,24,LOS TUXTLAS,474.43,456.44,18,0
2020-11-22,1,MANZANILLO,480.02,478.81,1.21,0
2020-11-22,2,MANZANILLO,448.03,449.49,-1.46,0
2020-11-22,3,MANZANILLO,447.01,448.64,-1.63,0
2020-11-22,4,MANZANILLO,436.93,438.6,-1.68,0
2020-11-22,5,MANZANILLO,424.25,426.45,-2.2,0
2020-11-22,6,MANZANILLO,430.91,433.07,-2.16,0
2020-11-22,7,MANZANILLO,428.52,429.88,-1.36,0
2020-11-22,8,MANZANILLO,411.32,412.7,-1.38,0
2020-11-22,9,MANZANILLO,385.46,391.17,-5.7,0
2020-11-22,10,MANZANILLO,356.5,363.44,-6.93,0
2020-11-22,11,MANZANILLO,380.32,388.13,-7.8,0
2020-11-22,12,MANZANILLO,405.33,413.94,-8.6,0
2020-11-22,13,MANZANILLO,405.81,413.65,-7.84,0
2020-11-22,14,MANZANILLO,406.61,413.93,-7.32,0
2020-11-22,15,MANZANILLO,402.18,409.07,-6.89,0
2020-11-22,16,MANZANILLO,407.36,415.35,-7.98,0
2020-11-22,17,MANZANILLO,406.98,414,-7.02,0
2020-11-22,18,MANZANILLO,453.93,456.11,-2.19,0
2020-11-22,19,MANZANILLO,498.43,502.36,-3.93,0
2020-11-22,20,MANZANILLO,505.88,509.55,-3.67,0
2020-11-22,21,MANZANILLO,500.97,504.84,-3.87,0
2020-11-22,22,MANZANILLO,513.98,513.28,.7,0
2020-11-22,23,MANZANILLO,495.54,493.1,2.44,0
2020-11-22,24,MANZANILLO,456.3,456.44,-.14,0
2020-11-22,1,MATAMOROS,407.53,478.81,-71.28,0
2020-11-22,2,MATAMOROS,376,449.49,-73.5,0
2020-11-22,3,MATAMOROS,384.91,448.64,-63.73,0
2020-11-22,4,MATAMOROS,378.81,438.6,-59.79,0
2020-11-22,5,MATAMOROS,370.65,426.45,-55.8,0
2020-11-22,6,MATAMOROS,379.46,433.07,-53.62,0
2020-11-22,7,MATAMOROS,379.25,429.88,-50.63,0
2020-11-22,8,MATAMOROS,367.33,412.7,-45.37,0
2020-11-22,9,MATAMOROS,347.54,391.17,-43.63,0
2020-11-22,10,MATAMOROS,321.81,363.44,-41.63,0
2020-11-22,11,MATAMOROS,343.81,388.13,-44.32,0
2020-11-22,12,MATAMOROS,363.08,413.94,-50.85,0
2020-11-22,13,MATAMOROS,365.81,413.65,-47.84,0
2020-11-22,14,MATAMOROS,366.74,413.93,-47.19,0
2020-11-22,15,MATAMOROS,360.07,409.07,-49,0
2020-11-22,16,MATAMOROS,361.19,415.35,-54.16,0
2020-11-22,17,MATAMOROS,350.51,414,-63.49,0
2020-11-22,18,MATAMOROS,383.74,456.11,-72.37,0
2020-11-22,19,MATAMOROS,422.83,502.36,-79.53,0
2020-11-22,20,MATAMOROS,426.57,509.55,-82.98,0
2020-11-22,21,MATAMOROS,421.26,504.84,-83.58,0
2020-11-22,22,MATAMOROS,425.7,513.28,-87.58,0
2020-11-22,23,MATAMOROS,409.93,493.1,-83.17,0
2020-11-22,24,MATAMOROS,382.4,456.44,-74.04,0
2020-11-22,1,MATEHUALA,490.74,478.81,11.92,0
2020-11-22,2,MATEHUALA,461.15,449.49,11.66,0
2020-11-22,3,MATEHUALA,462.64,448.64,13.99,0
2020-11-22,4,MATEHUALA,454.55,438.6,15.95,0
2020-11-22,5,MATEHUALA,444.42,426.45,17.98,0
2020-11-22,6,MATEHUALA,452.66,433.07,19.59,0
2020-11-22,7,MATEHUALA,449.48,429.88,19.6,0
2020-11-22,8,MATEHUALA,429.79,412.7,17.1,0
2020-11-22,9,MATEHUALA,403.24,391.17,12.07,0
2020-11-22,10,MATEHUALA,369.75,363.44,6.32,0
2020-11-22,11,MATEHUALA,392.42,388.13,4.3,0
2020-11-22,12,MATEHUALA,416.34,413.94,2.4,0
2020-11-22,13,MATEHUALA,415.72,413.65,2.08,0
2020-11-22,14,MATEHUALA,415.56,413.93,1.63,0
2020-11-22,15,MATEHUALA,410.18,409.07,1.11,0
2020-11-22,16,MATEHUALA,414.53,415.35,-.82,0
2020-11-22,17,MATEHUALA,412.6,414,-1.39,0
2020-11-22,18,MATEHUALA,459.55,456.11,3.43,0
2020-11-22,19,MATEHUALA,510.64,502.36,8.28,0
2020-11-22,20,MATEHUALA,518.94,509.55,9.39,0
2020-11-22,21,MATEHUALA,511.51,504.84,6.67,0
2020-11-22,22,MATEHUALA,519.55,513.28,6.27,0
2020-11-22,23,MATEHUALA,497.39,493.1,4.29,0
2020-11-22,24,MATEHUALA,459.29,456.44,2.86,0
2020-11-22,1,MAZATLAN,458.78,478.81,-20.03,0
2020-11-22,2,MAZATLAN,426.64,449.49,-22.85,0
2020-11-22,3,MAZATLAN,425.97,448.64,-22.67,0
2020-11-22,4,MAZATLAN,416.88,438.6,-21.72,0
2020-11-22,5,MAZATLAN,406.03,426.45,-20.42,0
2020-11-22,6,MAZATLAN,411.03,433.07,-22.04,0
2020-11-22,7,MAZATLAN,409.85,429.88,-20.03,0
2020-11-22,8,MAZATLAN,394.72,412.7,-17.98,0
2020-11-22,9,MAZATLAN,371.51,391.17,-19.66,0
2020-11-22,10,MAZATLAN,339.2,363.44,-24.24,0
2020-11-22,11,MAZATLAN,359.95,388.13,-28.17,0
2020-11-22,12,MAZATLAN,382.09,413.94,-31.84,0
2020-11-22,13,MAZATLAN,382.57,413.65,-31.08,0
2020-11-22,14,MAZATLAN,384.13,413.93,-29.8,0
2020-11-22,15,MAZATLAN,382.17,409.07,-26.9,0
2020-11-22,16,MAZATLAN,385.85,415.35,-29.5,0
2020-11-22,17,MAZATLAN,384.48,414,-29.51,0
2020-11-22,18,MAZATLAN,429.1,456.11,-27.02,0
2020-11-22,19,MAZATLAN,473.56,502.36,-28.8,0
2020-11-22,20,MAZATLAN,478.01,509.55,-31.54,0
2020-11-22,21,MAZATLAN,473.41,504.84,-31.43,0
2020-11-22,22,MAZATLAN,486.34,513.28,-26.94,0
2020-11-22,23,MAZATLAN,470.39,493.1,-22.71,0
2020-11-22,24,MAZATLAN,436.29,456.44,-20.15,0
2020-11-22,1,MERIDA,503.8,478.81,24.99,0
2020-11-22,2,MERIDA,473.16,449.49,23.67,0
2020-11-22,3,MERIDA,465.1,448.64,16.46,0
2020-11-22,4,MERIDA,456.33,438.6,17.73,0
2020-11-22,5,MERIDA,438.69,426.45,12.24,0
2020-11-22,6,MERIDA,445.36,433.07,12.29,0
2020-11-22,7,MERIDA,430.77,429.88,.89,0
2020-11-22,8,MERIDA,424.47,412.7,11.78,0
2020-11-22,9,MERIDA,410.69,391.17,19.52,0
2020-11-22,10,MERIDA,374.11,363.44,10.68,0
2020-11-22,11,MERIDA,396.41,388.13,8.29,0
2020-11-22,12,MERIDA,432.08,413.94,18.15,0
2020-11-22,13,MERIDA,423.4,413.65,9.75,0
2020-11-22,14,MERIDA,426.2,413.93,12.27,0
2020-11-22,15,MERIDA,422.36,409.07,13.29,0
2020-11-22,16,MERIDA,430.51,415.35,15.16,0
2020-11-22,17,MERIDA,433.12,414,19.13,0
2020-11-22,18,MERIDA,478.47,456.11,22.36,0
2020-11-22,19,MERIDA,539.85,502.36,37.49,0
2020-11-22,20,MERIDA,554.65,509.55,45.1,0
2020-11-22,21,MERIDA,551.75,504.84,46.91,0
2020-11-22,22,MERIDA,559.05,513.28,45.77,0
2020-11-22,23,MERIDA,527.23,493.1,34.13,0
2020-11-22,24,MERIDA,483.35,456.44,26.92,0
2020-11-22,1,MINAS,508.3,478.81,29.49,0
2020-11-22,2,MINAS,472.2,449.49,22.7,0
2020-11-22,3,MINAS,469.97,448.64,21.33,0
2020-11-22,4,MINAS,458.85,438.6,20.24,0
2020-11-22,5,MINAS,446.04,426.45,19.59,0
2020-11-22,6,MINAS,453.29,433.07,20.22,0
2020-11-22,7,MINAS,452.69,429.88,22.81,0
2020-11-22,8,MINAS,435.7,412.7,23,0
2020-11-22,9,MINAS,409.31,391.17,18.14,0
2020-11-22,10,MINAS,383.13,363.44,19.69,0
2020-11-22,11,MINAS,408.33,388.13,20.2,0
2020-11-22,12,MINAS,434.65,413.94,20.72,0
2020-11-22,13,MINAS,428.6,413.65,14.96,0
2020-11-22,14,MINAS,430.24,413.93,16.32,0
2020-11-22,15,MINAS,425.07,409.07,16,0
2020-11-22,16,MINAS,430.44,415.35,15.09,0
2020-11-22,17,MINAS,434.24,414,20.25,0
2020-11-22,18,MINAS,481.94,456.11,25.83,0
2020-11-22,19,MINAS,533.82,502.36,31.46,0
2020-11-22,20,MINAS,542.31,509.55,32.76,0
2020-11-22,21,MINAS,536.5,504.84,31.66,0
2020-11-22,22,MINAS,548.55,513.28,35.27,0
2020-11-22,23,MINAS,526.87,493.1,33.77,0
2020-11-22,24,MINAS,481.21,456.44,24.77,0
2020-11-22,1,MONCLOVA,422.55,478.81,-56.27,0
2020-11-22,2,MONCLOVA,391.07,449.49,-58.42,0
2020-11-22,3,MONCLOVA,397.98,448.64,-50.66,0
2020-11-22,4,MONCLOVA,391.83,438.6,-46.78,0
2020-11-22,5,MONCLOVA,383.67,426.45,-42.78,0
2020-11-22,6,MONCLOVA,392.8,433.07,-40.27,0
2020-11-22,7,MONCLOVA,392.48,429.88,-37.4,0
2020-11-22,8,MONCLOVA,378.78,412.7,-33.92,0
2020-11-22,9,MONCLOVA,355.78,391.17,-35.39,0
2020-11-22,10,MONCLOVA,328.5,363.44,-34.93,0
2020-11-22,11,MONCLOVA,350.26,388.13,-37.87,0
2020-11-22,12,MONCLOVA,368.88,413.94,-45.05,0
2020-11-22,13,MONCLOVA,370.39,413.65,-43.26,0
2020-11-22,14,MONCLOVA,370.44,413.93,-43.49,0
2020-11-22,15,MONCLOVA,362.34,409.07,-46.73,0
2020-11-22,16,MONCLOVA,362.04,415.35,-53.31,0
2020-11-22,17,MONCLOVA,354,414,-59.99,0
2020-11-22,18,MONCLOVA,395.35,456.11,-60.77,0
2020-11-22,19,MONCLOVA,442.73,502.36,-59.63,0
2020-11-22,20,MONCLOVA,443.53,509.55,-66.01,0
2020-11-22,21,MONCLOVA,437.24,504.84,-67.6,0
2020-11-22,22,MONCLOVA,440.98,513.28,-72.31,0
2020-11-22,23,MONCLOVA,423.58,493.1,-69.52,0
2020-11-22,24,MONCLOVA,394.35,456.44,-62.09,0
2020-11-22,1,MONTEMORELOS,435.01,478.81,-43.8,0
2020-11-22,2,MONTEMORELOS,402.84,449.49,-46.65,0
2020-11-22,3,MONTEMORELOS,409.98,448.64,-38.66,0
2020-11-22,4,MONTEMORELOS,402.98,438.6,-35.62,0
2020-11-22,5,MONTEMORELOS,393.66,426.45,-32.79,0
2020-11-22,6,MONTEMORELOS,402.13,433.07,-30.95,0
2020-11-22,7,MONTEMORELOS,401.46,429.88,-28.42,0
2020-11-22,8,MONTEMORELOS,387.94,412.7,-24.76,0
2020-11-22,9,MONTEMORELOS,364.76,391.17,-26.41,0
2020-11-22,10,MONTEMORELOS,337.36,363.44,-26.07,0
2020-11-22,11,MONTEMORELOS,360.11,388.13,-28.01,0
2020-11-22,12,MONTEMORELOS,382.22,413.94,-31.71,0
2020-11-22,13,MONTEMORELOS,382.39,413.65,-31.25,0
2020-11-22,14,MONTEMORELOS,382.58,413.93,-31.35,0
2020-11-22,15,MONTEMORELOS,375.5,409.07,-33.57,0
2020-11-22,16,MONTEMORELOS,376.55,415.35,-38.79,0
2020-11-22,17,MONTEMORELOS,368.18,414,-45.82,0
2020-11-22,18,MONTEMORELOS,408.28,456.11,-47.83,0
2020-11-22,19,MONTEMORELOS,452.8,502.36,-49.56,0
2020-11-22,20,MONTEMORELOS,456.43,509.55,-53.12,0
2020-11-22,21,MONTEMORELOS,450.08,504.84,-54.76,0
2020-11-22,22,MONTEMORELOS,454.57,513.28,-58.71,0
2020-11-22,23,MONTEMORELOS,437.08,493.1,-56.02,0
2020-11-22,24,MONTEMORELOS,407.39,456.44,-49.05,0
2020-11-22,1,MONTERREY,427.89,478.81,-50.92,0
2020-11-22,2,MONTERREY,395.29,449.49,-54.2,0
2020-11-22,3,MONTERREY,403.31,448.64,-45.33,0
2020-11-22,4,MONTERREY,396.8,438.6,-41.8,0
2020-11-22,5,MONTERREY,387.77,426.45,-38.68,0
2020-11-22,6,MONTERREY,396.28,433.07,-36.8,0
2020-11-22,7,MONTERREY,395.61,429.88,-34.26,0
2020-11-22,8,MONTERREY,382.17,412.7,-30.53,0
2020-11-22,9,MONTERREY,358.91,391.17,-32.26,0
2020-11-22,10,MONTERREY,331.64,363.44,-31.8,0
2020-11-22,11,MONTERREY,353.92,388.13,-34.21,0
2020-11-22,12,MONTERREY,374.83,413.94,-39.11,0
2020-11-22,13,MONTERREY,375.55,413.65,-38.09,0
2020-11-22,14,MONTERREY,375.61,413.93,-38.32,0
2020-11-22,15,MONTERREY,368.46,409.07,-40.62,0
2020-11-22,16,MONTERREY,368.92,415.35,-46.43,0
2020-11-22,17,MONTERREY,360.26,414,-53.73,0
2020-11-22,18,MONTERREY,400.61,456.11,-55.5,0
2020-11-22,19,MONTERREY,444.68,502.36,-57.68,0
2020-11-22,20,MONTERREY,447.78,509.55,-61.77,0
2020-11-22,21,MONTERREY,441.36,504.84,-63.48,0
2020-11-22,22,MONTERREY,445.58,513.28,-67.7,0
2020-11-22,23,MONTERREY,428.75,493.1,-64.35,0
2020-11-22,24,MONTERREY,399.98,456.44,-56.46,0
2020-11-22,1,MORELIA,495.34,478.81,16.53,0
2020-11-22,2,MORELIA,463.18,449.49,13.69,0
2020-11-22,3,MORELIA,461.17,448.64,12.53,0
2020-11-22,4,MORELIA,450.68,438.6,12.08,0
2020-11-22,5,MORELIA,437.12,426.45,10.67,0
2020-11-22,6,MORELIA,444.27,433.07,11.19,0
2020-11-22,7,MORELIA,441.83,429.88,11.95,0
2020-11-22,8,MORELIA,424.08,412.7,11.39,0
2020-11-22,9,MORELIA,401.81,391.17,10.64,0
2020-11-22,10,MORELIA,373.68,363.44,10.24,0
2020-11-22,11,MORELIA,399.11,388.13,10.99,0
2020-11-22,12,MORELIA,425.85,413.94,11.91,0
2020-11-22,13,MORELIA,426.26,413.65,12.62,0
2020-11-22,14,MORELIA,426.97,413.93,13.04,0
2020-11-22,15,MORELIA,422.19,409.07,13.12,0
2020-11-22,16,MORELIA,428.06,415.35,12.71,0
2020-11-22,17,MORELIA,427.59,414,13.6,0
2020-11-22,18,MORELIA,472.86,456.11,16.74,0
2020-11-22,19,MORELIA,521.7,502.36,19.34,0
2020-11-22,20,MORELIA,530.82,509.55,21.27,0
2020-11-22,21,MORELIA,525.81,504.84,20.97,0
2020-11-22,22,MORELIA,537.24,513.28,23.96,0
2020-11-22,23,MORELIA,515.88,493.1,22.78,0
2020-11-22,24,MORELIA,474.07,456.44,17.63,0
2020-11-22,1,MORELOS,501.75,478.81,22.94,0
2020-11-22,2,MORELOS,469.43,449.49,19.94,0
2020-11-22,3,MORELOS,467,448.64,18.36,0
2020-11-22,4,MORELOS,455.61,438.6,17.01,0
2020-11-22,5,MORELOS,440.95,426.45,14.5,0
2020-11-22,6,MORELOS,448.14,433.07,15.07,0
2020-11-22,7,MORELOS,442.38,429.88,12.5,0
2020-11-22,8,MORELOS,424.14,412.7,11.44,0
2020-11-22,9,MORELOS,404.39,391.17,13.22,0
2020-11-22,10,MORELOS,377.88,363.44,14.45,0
2020-11-22,11,MORELOS,404.4,388.13,16.28,0
2020-11-22,12,MORELOS,432.97,413.94,19.03,0
2020-11-22,13,MORELOS,432.73,413.65,19.09,0
2020-11-22,14,MORELOS,433.81,413.93,19.89,0
2020-11-22,15,MORELOS,428.87,409.07,19.8,0
2020-11-22,16,MORELOS,435.99,415.35,20.64,0
2020-11-22,17,MORELOS,435.97,414,21.98,0
2020-11-22,18,MORELOS,481.36,456.11,25.25,0
2020-11-22,19,MORELOS,532.75,502.36,30.4,0
2020-11-22,20,MORELOS,542.56,509.55,33.01,0
2020-11-22,21,MORELOS,536.9,504.84,32.06,0
2020-11-22,22,MORELOS,548.16,513.28,34.87,0
2020-11-22,23,MORELOS,523.55,493.1,30.45,0
2020-11-22,24,MORELOS,481.35,456.44,24.91,0
2020-11-22,1,MOTUL TIZIMIN,495.52,478.81,16.7,0
2020-11-22,2,MOTUL TIZIMIN,467.54,449.49,18.05,0
2020-11-22,3,MOTUL TIZIMIN,456.95,448.64,8.31,0
2020-11-22,4,MOTUL TIZIMIN,450.35,438.6,11.75,0
2020-11-22,5,MOTUL TIZIMIN,432.99,426.45,6.54,0
2020-11-22,6,MOTUL TIZIMIN,440.48,433.07,7.41,0
2020-11-22,7,MOTUL TIZIMIN,428.03,429.88,-1.84,0
2020-11-22,8,MOTUL TIZIMIN,427.34,412.7,14.64,0
2020-11-22,9,MOTUL TIZIMIN,416.82,391.17,25.65,0
2020-11-22,10,MOTUL TIZIMIN,373.97,363.44,10.54,0
2020-11-22,11,MOTUL TIZIMIN,393.52,388.13,5.39,0
2020-11-22,12,MOTUL TIZIMIN,431.28,413.94,17.34,0
2020-11-22,13,MOTUL TIZIMIN,418.42,413.65,4.77,0
2020-11-22,14,MOTUL TIZIMIN,420.96,413.93,7.03,0
2020-11-22,15,MOTUL TIZIMIN,415.71,409.07,6.64,0
2020-11-22,16,MOTUL TIZIMIN,424.36,415.35,9.01,0
2020-11-22,17,MOTUL TIZIMIN,427.22,414,13.23,0
2020-11-22,18,MOTUL TIZIMIN,467.58,456.11,11.47,0
2020-11-22,19,MOTUL TIZIMIN,527.83,502.36,25.47,0
2020-11-22,20,MOTUL TIZIMIN,543.08,509.55,33.54,0
2020-11-22,21,MOTUL TIZIMIN,541.82,504.84,36.98,0
2020-11-22,22,MOTUL TIZIMIN,549.38,513.28,36.09,0
2020-11-22,23,MOTUL TIZIMIN,517.45,493.1,24.35,0
2020-11-22,24,MOTUL TIZIMIN,476.57,456.44,20.13,0
2020-11-22,1,NAVOJOA,405.04,478.81,-73.77,0
2020-11-22,2,NAVOJOA,378.52,449.49,-70.98,0
2020-11-22,3,NAVOJOA,377.12,448.64,-71.52,0
2020-11-22,4,NAVOJOA,370.76,438.6,-67.85,0
2020-11-22,5,NAVOJOA,363.68,426.45,-62.77,0
2020-11-22,6,NAVOJOA,366.17,433.07,-66.91,0
2020-11-22,7,NAVOJOA,362.9,429.88,-66.97,0
2020-11-22,8,NAVOJOA,354,412.7,-58.69,0
2020-11-22,9,NAVOJOA,340.7,391.17,-50.47,0
2020-11-22,10,NAVOJOA,304.22,363.44,-59.21,0
2020-11-22,11,NAVOJOA,316.94,388.13,-71.19,0
2020-11-22,12,NAVOJOA,335.62,413.94,-78.32,0
2020-11-22,13,NAVOJOA,332.83,413.65,-80.82,0
2020-11-22,14,NAVOJOA,332.98,413.93,-80.95,0
2020-11-22,15,NAVOJOA,339.14,409.07,-69.94,0
2020-11-22,16,NAVOJOA,339.94,415.35,-75.41,0
2020-11-22,17,NAVOJOA,335.99,414,-78.01,0
2020-11-22,18,NAVOJOA,372.13,456.11,-83.99,0
2020-11-22,19,NAVOJOA,422.2,502.36,-80.16,0
2020-11-22,20,NAVOJOA,420.03,509.55,-89.52,0
2020-11-22,21,NAVOJOA,415.68,504.84,-89.16,0
2020-11-22,22,NAVOJOA,423.91,513.28,-89.37,0
2020-11-22,23,NAVOJOA,409.93,493.1,-83.17,0
2020-11-22,24,NAVOJOA,384.05,456.44,-72.39,0
2020-11-22,1,NOGALES,409.41,478.81,-69.4,0
2020-11-22,2,NOGALES,388.52,449.49,-60.97,0
2020-11-22,3,NOGALES,386.34,448.64,-62.3,0
2020-11-22,4,NOGALES,381.29,438.6,-57.31,0
2020-11-22,5,NOGALES,374.81,426.45,-51.64,0
2020-11-22,6,NOGALES,379.04,433.07,-54.04,0
2020-11-22,7,NOGALES,377.58,429.88,-52.3,0
2020-11-22,8,NOGALES,363.98,412.7,-48.72,0
2020-11-22,9,NOGALES,342.78,391.17,-48.39,0
2020-11-22,10,NOGALES,299.53,363.44,-63.91,0
2020-11-22,11,NOGALES,307.05,388.13,-81.08,0
2020-11-22,12,NOGALES,319.49,413.94,-94.45,0
2020-11-22,13,NOGALES,319.55,413.65,-94.1,0
2020-11-22,14,NOGALES,320.87,413.93,-93.06,0
2020-11-22,15,NOGALES,321.34,409.07,-87.73,0
2020-11-22,16,NOGALES,319.55,415.35,-95.8,0
2020-11-22,17,NOGALES,321.21,414,-92.78,0
2020-11-22,18,NOGALES,371.67,456.11,-84.44,0
2020-11-22,19,NOGALES,440.09,502.36,-62.27,0
2020-11-22,20,NOGALES,425.13,509.55,-84.42,0
2020-11-22,21,NOGALES,422.5,504.84,-82.34,0
2020-11-22,22,NOGALES,427.49,513.28,-85.8,0
2020-11-22,23,NOGALES,413.72,493.1,-79.38,0
2020-11-22,24,NOGALES,389.42,456.44,-67.02,0
2020-11-22,1,NUEVO LAREDO,419.43,478.81,-59.38,0
2020-11-22,2,NUEVO LAREDO,388.88,449.49,-60.61,0
2020-11-22,3,NUEVO LAREDO,394.54,448.64,-54.11,0
2020-11-22,4,NUEVO LAREDO,388.46,438.6,-50.15,0
2020-11-22,5,NUEVO LAREDO,380.81,426.45,-45.64,0
2020-11-22,6,NUEVO LAREDO,389.99,433.07,-43.08,0
2020-11-22,7,NUEVO LAREDO,389.55,429.88,-40.33,0
2020-11-22,8,NUEVO LAREDO,375.88,412.7,-36.82,0
2020-11-22,9,NUEVO LAREDO,353.31,391.17,-37.86,0
2020-11-22,10,NUEVO LAREDO,326.71,363.44,-36.73,0
2020-11-22,11,NUEVO LAREDO,348.13,388.13,-39.99,0
2020-11-22,12,NUEVO LAREDO,366.06,413.94,-47.88,0
2020-11-22,13,NUEVO LAREDO,367.45,413.65,-46.2,0
2020-11-22,14,NUEVO LAREDO,367.5,413.93,-46.43,0
2020-11-22,15,NUEVO LAREDO,359.39,409.07,-49.68,0
2020-11-22,16,NUEVO LAREDO,358.83,415.35,-56.52,0
2020-11-22,17,NUEVO LAREDO,351.39,414,-62.6,0
2020-11-22,18,NUEVO LAREDO,393.1,456.11,-63.02,0
2020-11-22,19,NUEVO LAREDO,443.73,502.36,-58.63,0
2020-11-22,20,NUEVO LAREDO,441.73,509.55,-67.82,0
2020-11-22,21,NUEVO LAREDO,435.89,504.84,-68.96,0
2020-11-22,22,NUEVO LAREDO,439.58,513.28,-73.7,0
2020-11-22,23,NUEVO LAREDO,421.75,493.1,-71.35,0
2020-11-22,24,NUEVO LAREDO,392.37,456.44,-64.07,0
2020-11-22,1,OAXACA,500.56,478.81,21.74,0
2020-11-22,2,OAXACA,466.53,449.49,17.03,0
2020-11-22,3,OAXACA,464.47,448.64,15.83,0
2020-11-22,4,OAXACA,452.49,438.6,13.89,0
2020-11-22,5,OAXACA,437,426.45,10.55,0
2020-11-22,6,OAXACA,444.87,433.07,11.8,0
2020-11-22,7,OAXACA,436.5,429.88,6.62,0
2020-11-22,8,OAXACA,420.21,412.7,7.52,0
2020-11-22,9,OAXACA,402.23,391.17,11.06,0
2020-11-22,10,OAXACA,375.6,363.44,12.16,0
2020-11-22,11,OAXACA,401.21,388.13,13.08,0
2020-11-22,12,OAXACA,430.41,413.94,16.47,0
2020-11-22,13,OAXACA,429.35,413.65,15.7,0
2020-11-22,14,OAXACA,431.32,413.93,17.39,0
2020-11-22,15,OAXACA,426.59,409.07,17.52,0
2020-11-22,16,OAXACA,434.44,415.35,19.09,0
2020-11-22,17,OAXACA,435.14,414,21.14,0
2020-11-22,18,OAXACA,482.38,456.11,26.27,0
2020-11-22,19,OAXACA,541.83,502.36,39.47,0
2020-11-22,20,OAXACA,554.72,509.55,45.17,0
2020-11-22,21,OAXACA,549.66,504.84,44.82,0
2020-11-22,22,OAXACA,555.83,513.28,42.54,0
2020-11-22,23,OAXACA,526.89,493.1,33.79,0
2020-11-22,24,OAXACA,481.57,456.44,25.13,0
2020-11-22,1,OBREGON,403.06,478.81,-75.75,0
2020-11-22,2,OBREGON,377.23,449.49,-72.27,0
2020-11-22,3,OBREGON,375.88,448.64,-72.76,0
2020-11-22,4,OBREGON,370,438.6,-68.6,0
2020-11-22,5,OBREGON,363.35,426.45,-63.1,0
2020-11-22,6,OBREGON,365.76,433.07,-67.32,0
2020-11-22,7,OBREGON,362.65,429.88,-67.23,0
2020-11-22,8,OBREGON,353.32,412.7,-59.38,0
2020-11-22,9,OBREGON,338.34,391.17,-52.83,0
2020-11-22,10,OBREGON,302.17,363.44,-61.27,0
2020-11-22,11,OBREGON,313.75,388.13,-74.38,0
2020-11-22,12,OBREGON,332.35,413.94,-81.59,0
2020-11-22,13,OBREGON,330.99,413.65,-82.66,0
2020-11-22,14,OBREGON,332.48,413.93,-81.44,0
2020-11-22,15,OBREGON,335.91,409.07,-73.17,0
2020-11-22,16,OBREGON,336.44,415.35,-78.91,0
2020-11-22,17,OBREGON,334.47,414,-79.53,0
2020-11-22,18,OBREGON,371.3,456.11,-84.81,0
2020-11-22,19,OBREGON,421.27,502.36,-81.09,0
2020-11-22,20,OBREGON,417.59,509.55,-91.96,0
2020-11-22,21,OBREGON,413.69,504.84,-91.15,0
2020-11-22,22,OBREGON,421.52,513.28,-91.76,0
2020-11-22,23,OBREGON,407.89,493.1,-85.21,0
2020-11-22,24,OBREGON,383.13,456.44,-73.31,0
2020-11-22,1,ORIZABA,487.9,478.81,9.09,0
2020-11-22,2,ORIZABA,456.2,449.49,6.71,0
2020-11-22,3,ORIZABA,454.4,448.64,5.76,0
2020-11-22,4,ORIZABA,443,438.6,4.4,0
2020-11-22,5,ORIZABA,428.04,426.45,1.6,0
2020-11-22,6,ORIZABA,435.12,433.07,2.05,0
2020-11-22,7,ORIZABA,428.23,429.88,-1.65,0
2020-11-22,8,ORIZABA,412.03,412.7,-.66,0
2020-11-22,9,ORIZABA,393.84,391.17,2.67,0
2020-11-22,10,ORIZABA,367.67,363.44,4.24,0
2020-11-22,11,ORIZABA,392.72,388.13,4.59,0
2020-11-22,12,ORIZABA,420.76,413.94,6.82,0
2020-11-22,13,ORIZABA,419.81,413.65,6.16,0
2020-11-22,14,ORIZABA,421.06,413.93,7.13,0
2020-11-22,15,ORIZABA,416.17,409.07,7.1,0
2020-11-22,16,ORIZABA,423.5,415.35,8.15,0
2020-11-22,17,ORIZABA,423.13,414,9.13,0
2020-11-22,18,ORIZABA,468.14,456.11,12.03,0
2020-11-22,19,ORIZABA,520.07,502.36,17.72,0
2020-11-22,20,ORIZABA,530.8,509.55,21.25,0
2020-11-22,21,ORIZABA,526.35,504.84,21.51,0
2020-11-22,22,ORIZABA,534.2,513.28,20.91,0
2020-11-22,23,ORIZABA,509.38,493.1,16.28,0
2020-11-22,24,ORIZABA,468.05,456.44,11.61,0
2020-11-22,1,PIEDRAS NEGRAS,412.5,478.81,-66.31,0
2020-11-22,2,PIEDRAS NEGRAS,382.95,449.49,-66.55,0
2020-11-22,3,PIEDRAS NEGRAS,389.12,448.64,-59.52,0
2020-11-22,4,PIEDRAS NEGRAS,384.66,438.6,-53.94,0
2020-11-22,5,PIEDRAS NEGRAS,377.95,426.45,-48.5,0
2020-11-22,6,PIEDRAS NEGRAS,387.81,433.07,-45.26,0
2020-11-22,7,PIEDRAS NEGRAS,387.63,429.88,-42.25,0
2020-11-22,8,PIEDRAS NEGRAS,374.73,412.7,-37.97,0
2020-11-22,9,PIEDRAS NEGRAS,352.55,391.17,-38.62,0
2020-11-22,10,PIEDRAS NEGRAS,325.98,363.44,-37.46,0
2020-11-22,11,PIEDRAS NEGRAS,346.53,388.13,-41.6,0
2020-11-22,12,PIEDRAS NEGRAS,363.54,413.94,-50.4,0
2020-11-22,13,PIEDRAS NEGRAS,364.24,413.65,-49.41,0
2020-11-22,14,PIEDRAS NEGRAS,363.71,413.93,-50.22,0
2020-11-22,15,PIEDRAS NEGRAS,353.66,409.07,-55.41,0
2020-11-22,16,PIEDRAS NEGRAS,352.01,415.35,-63.33,0
2020-11-22,17,PIEDRAS NEGRAS,344.88,414,-69.11,0
2020-11-22,18,PIEDRAS NEGRAS,386.6,456.11,-69.51,0
2020-11-22,19,PIEDRAS NEGRAS,437.25,502.36,-65.11,0
2020-11-22,20,PIEDRAS NEGRAS,434.06,509.55,-75.49,0
2020-11-22,21,PIEDRAS NEGRAS,429.22,504.84,-75.62,0
2020-11-22,22,PIEDRAS NEGRAS,433.37,513.28,-79.92,0
2020-11-22,23,PIEDRAS NEGRAS,415.8,493.1,-77.3,0
2020-11-22,24,PIEDRAS NEGRAS,386.58,456.44,-69.85,0
2020-11-22,1,POZA RICA,476.33,478.81,-2.48,0
2020-11-22,2,POZA RICA,447.26,449.49,-2.23,0
2020-11-22,3,POZA RICA,446.25,448.64,-2.4,0
2020-11-22,4,POZA RICA,435.44,438.6,-3.17,0
2020-11-22,5,POZA RICA,422.52,426.45,-3.93,0
2020-11-22,6,POZA RICA,429.21,433.07,-3.87,0
2020-11-22,7,POZA RICA,424.45,429.88,-5.43,0
2020-11-22,8,POZA RICA,408.27,412.7,-4.43,0
2020-11-22,9,POZA RICA,388.68,391.17,-2.49,0
2020-11-22,10,POZA RICA,363.69,363.44,.26,0
2020-11-22,11,POZA RICA,388.1,388.13,-.03,0
2020-11-22,12,POZA RICA,415.02,413.94,1.09,0
2020-11-22,13,POZA RICA,415.22,413.65,1.58,0
2020-11-22,14,POZA RICA,415.73,413.93,1.8,0
2020-11-22,15,POZA RICA,410.58,409.07,1.51,0
2020-11-22,16,POZA RICA,417.17,415.35,1.82,0
2020-11-22,17,POZA RICA,416.08,414,2.08,0
2020-11-22,18,POZA RICA,456.86,456.11,.75,0
2020-11-22,19,POZA RICA,504.36,502.36,2,0
2020-11-22,20,POZA RICA,512.85,509.55,3.3,0
2020-11-22,21,POZA RICA,507.81,504.84,2.97,0
2020-11-22,22,POZA RICA,515.17,513.28,1.89,0
2020-11-22,23,POZA RICA,493.58,493.1,.48,0
2020-11-22,24,POZA RICA,456.45,456.44,.01,0
2020-11-22,1,PUEBLA,493.13,478.81,14.31,0
2020-11-22,2,PUEBLA,461.34,449.49,11.84,0
2020-11-22,3,PUEBLA,459.29,448.64,10.65,0
2020-11-22,4,PUEBLA,448.16,438.6,9.56,0
2020-11-22,5,PUEBLA,433.45,426.45,7,0
2020-11-22,6,PUEBLA,440.69,433.07,7.62,0
2020-11-22,7,PUEBLA,434.32,429.88,4.45,0
2020-11-22,8,PUEBLA,416.79,412.7,4.09,0
2020-11-22,9,PUEBLA,397.69,391.17,6.53,0
2020-11-22,10,PUEBLA,371.48,363.44,8.05,0
2020-11-22,11,PUEBLA,397.23,388.13,9.1,0
2020-11-22,12,PUEBLA,425.45,413.94,11.51,0
2020-11-22,13,PUEBLA,425.03,413.65,11.38,0
2020-11-22,14,PUEBLA,426.08,413.93,12.16,0
2020-11-22,15,PUEBLA,421.06,409.07,11.98,0
2020-11-22,16,PUEBLA,428.13,415.35,12.78,0
2020-11-22,17,PUEBLA,427.99,414,14,0
2020-11-22,18,PUEBLA,473.04,456.11,16.93,0
2020-11-22,19,PUEBLA,524.76,502.36,22.4,0
2020-11-22,20,PUEBLA,535.13,509.55,25.58,0
2020-11-22,21,PUEBLA,530.25,504.84,25.41,0
2020-11-22,22,PUEBLA,538.15,513.28,24.86,0
2020-11-22,23,PUEBLA,513.08,493.1,19.98,0
2020-11-22,24,PUEBLA,471.91,456.44,15.48,0
2020-11-22,1,QUERETARO,484.27,478.81,5.46,0
2020-11-22,2,QUERETARO,454.16,449.49,4.67,0
2020-11-22,3,QUERETARO,453.11,448.64,4.47,0
2020-11-22,4,QUERETARO,442.83,438.6,4.23,0
2020-11-22,5,QUERETARO,430.54,426.45,4.09,0
2020-11-22,6,QUERETARO,437.24,433.07,4.17,0
2020-11-22,7,QUERETARO,433.89,429.88,4.02,0
2020-11-22,8,QUERETARO,416.13,412.7,3.43,0
2020-11-22,9,QUERETARO,393.2,391.17,2.03,0
2020-11-22,10,QUERETARO,364.41,363.44,.97,0
2020-11-22,11,QUERETARO,389.02,388.13,.89,0
2020-11-22,12,QUERETARO,414.92,413.94,.98,0
2020-11-22,13,QUERETARO,414.96,413.65,1.31,0
2020-11-22,14,QUERETARO,415.34,413.93,1.41,0
2020-11-22,15,QUERETARO,410.34,409.07,1.27,0
2020-11-22,16,QUERETARO,416.56,415.35,1.22,0
2020-11-22,17,QUERETARO,415.46,414,1.46,0
2020-11-22,18,QUERETARO,460.2,456.11,4.09,0
2020-11-22,19,QUERETARO,508.3,502.36,5.94,0
2020-11-22,20,QUERETARO,515.1,509.55,5.55,0
2020-11-22,21,QUERETARO,510.33,504.84,5.49,0
2020-11-22,22,QUERETARO,517.68,513.28,4.4,0
2020-11-22,23,QUERETARO,497.16,493.1,4.07,0
2020-11-22,24,QUERETARO,460.09,456.44,3.65,0
2020-11-22,1,REYNOSA,411.2,478.81,-67.61,0
2020-11-22,2,REYNOSA,379.31,449.49,-70.18,0
2020-11-22,3,REYNOSA,388.38,448.64,-60.26,0
2020-11-22,4,REYNOSA,382.44,438.6,-56.16,0
2020-11-22,5,REYNOSA,374.28,426.45,-52.17,0
2020-11-22,6,REYNOSA,383.14,433.07,-49.93,0
2020-11-22,7,REYNOSA,382.95,429.88,-46.93,0
2020-11-22,8,REYNOSA,371.04,412.7,-41.66,0
2020-11-22,9,REYNOSA,350.44,391.17,-40.73,0
2020-11-22,10,REYNOSA,324.41,363.44,-39.02,0
2020-11-22,11,REYNOSA,346.61,388.13,-41.51,0
2020-11-22,12,REYNOSA,366.15,413.94,-47.78,0
2020-11-22,13,REYNOSA,368.45,413.65,-45.19,0
2020-11-22,14,REYNOSA,369.2,413.93,-44.73,0
2020-11-22,15,REYNOSA,362.53,409.07,-46.54,0
2020-11-22,16,REYNOSA,363.44,415.35,-51.91,0
2020-11-22,17,REYNOSA,352.77,414,-61.22,0
2020-11-22,18,REYNOSA,387.08,456.11,-69.04,0
2020-11-22,19,REYNOSA,426.25,502.36,-76.11,0
2020-11-22,20,REYNOSA,430.15,509.55,-79.39,0
2020-11-22,21,REYNOSA,424.9,504.84,-79.94,0
2020-11-22,22,REYNOSA,429.29,513.28,-84,0
2020-11-22,23,REYNOSA,413.56,493.1,-79.54,0
2020-11-22,24,REYNOSA,385.77,456.44,-70.67,0
2020-11-22,1,RIVIERA MAYA,512.78,478.81,33.97,0
2020-11-22,2,RIVIERA MAYA,482.31,449.49,32.82,0
2020-11-22,3,RIVIERA MAYA,474.14,448.64,25.5,0
2020-11-22,4,RIVIERA MAYA,465.81,438.6,27.2,0
2020-11-22,5,RIVIERA MAYA,448.53,426.45,22.08,0
2020-11-22,6,RIVIERA MAYA,455.87,433.07,22.8,0
2020-11-22,7,RIVIERA MAYA,442.36,429.88,12.48,0
2020-11-22,8,RIVIERA MAYA,437.79,412.7,25.09,0
2020-11-22,9,RIVIERA MAYA,423.97,391.17,32.8,0
2020-11-22,10,RIVIERA MAYA,385.25,363.44,21.81,0
2020-11-22,11,RIVIERA MAYA,408.09,388.13,19.96,0
2020-11-22,12,RIVIERA MAYA,445.53,413.94,31.6,0
2020-11-22,13,RIVIERA MAYA,436.46,413.65,22.82,0
2020-11-22,14,RIVIERA MAYA,438.99,413.93,25.06,0
2020-11-22,15,RIVIERA MAYA,435.09,409.07,26.02,0
2020-11-22,16,RIVIERA MAYA,443.19,415.35,27.84,0
2020-11-22,17,RIVIERA MAYA,445.43,414,31.43,0
2020-11-22,18,RIVIERA MAYA,489.99,456.11,33.88,0
2020-11-22,19,RIVIERA MAYA,551.27,502.36,48.91,0
2020-11-22,20,RIVIERA MAYA,565.62,509.55,56.07,0
2020-11-22,21,RIVIERA MAYA,562.48,504.84,57.64,0
2020-11-22,22,RIVIERA MAYA,569.36,513.28,56.08,0
2020-11-22,23,RIVIERA MAYA,536.95,493.1,43.85,0
2020-11-22,24,RIVIERA MAYA,492.32,456.44,35.88,0
2020-11-22,1,SABINAS,417.1,478.81,-61.71,0
2020-11-22,2,SABINAS,386.73,449.49,-62.76,0
2020-11-22,3,SABINAS,392.79,448.64,-55.85,0
2020-11-22,4,SABINAS,386.99,438.6,-51.62,0
2020-11-22,5,SABINAS,379.46,426.45,-46.99,0
2020-11-22,6,SABINAS,388.69,433.07,-44.38,0
2020-11-22,7,SABINAS,388.28,429.88,-41.6,0
2020-11-22,8,SABINAS,374.76,412.7,-37.94,0
2020-11-22,9,SABINAS,352.19,391.17,-38.98,0
2020-11-22,10,SABINAS,325.48,363.44,-37.96,0
2020-11-22,11,SABINAS,346.66,388.13,-41.47,0
2020-11-22,12,SABINAS,364.37,413.94,-49.56,0
2020-11-22,13,SABINAS,365.59,413.65,-48.05,0
2020-11-22,14,SABINAS,365.44,413.93,-48.48,0
2020-11-22,15,SABINAS,357.01,409.07,-52.06,0
2020-11-22,16,SABINAS,356.25,415.35,-59.1,0
2020-11-22,17,SABINAS,348.81,414,-65.19,0
2020-11-22,18,SABINAS,390.41,456.11,-65.7,0
2020-11-22,19,SABINAS,440.33,502.36,-62.03,0
2020-11-22,20,SABINAS,438.75,509.55,-70.8,0
2020-11-22,21,SABINAS,432.91,504.84,-71.93,0
2020-11-22,22,SABINAS,436.54,513.28,-76.75,0
2020-11-22,23,SABINAS,418.96,493.1,-74.14,0
2020-11-22,24,SABINAS,389.87,456.44,-66.57,0
2020-11-22,1,SALTILLO,432.67,478.81,-46.14,0
2020-11-22,2,SALTILLO,399.75,449.49,-49.74,0
2020-11-22,3,SALTILLO,407.41,448.64,-41.23,0
2020-11-22,4,SALTILLO,400.76,438.6,-37.84,0
2020-11-22,5,SALTILLO,391.64,426.45,-34.81,0
2020-11-22,6,SALTILLO,399.92,433.07,-33.15,0
2020-11-22,7,SALTILLO,399.33,429.88,-30.55,0
2020-11-22,8,SALTILLO,386.03,412.7,-26.67,0
2020-11-22,9,SALTILLO,361.73,391.17,-29.44,0
2020-11-22,10,SALTILLO,333.41,363.44,-30.03,0
2020-11-22,11,SALTILLO,355.59,388.13,-32.53,0
2020-11-22,12,SALTILLO,375.52,413.94,-38.42,0
2020-11-22,13,SALTILLO,376.8,413.65,-36.84,0
2020-11-22,14,SALTILLO,376.8,413.93,-37.13,0
2020-11-22,15,SALTILLO,369.69,409.07,-39.39,0
2020-11-22,16,SALTILLO,369.99,415.35,-45.36,0
2020-11-22,17,SALTILLO,361.8,414,-52.2,0
2020-11-22,18,SALTILLO,403.87,456.11,-52.25,0
2020-11-22,19,SALTILLO,449.14,502.36,-53.22,0
2020-11-22,20,SALTILLO,452.33,509.55,-57.22,0
2020-11-22,21,SALTILLO,445.73,504.84,-59.11,0
2020-11-22,22,SALTILLO,450.25,513.28,-63.04,0
2020-11-22,23,SALTILLO,433.26,493.1,-59.84,0
2020-11-22,24,SALTILLO,404.21,456.44,-52.23,0
2020-11-22,1,SALVATIERRA,489.44,478.81,10.63,0
2020-11-22,2,SALVATIERRA,458.02,449.49,8.53,0
2020-11-22,3,SALVATIERRA,456.62,448.64,7.98,0
2020-11-22,4,SALVATIERRA,446.34,438.6,7.74,0
2020-11-22,5,SALVATIERRA,433.64,426.45,7.19,0
2020-11-22,6,SALVATIERRA,440.81,433.07,7.74,0
2020-11-22,7,SALVATIERRA,438.5,429.88,8.62,0
2020-11-22,8,SALVATIERRA,421.17,412.7,8.48,0
2020-11-22,9,SALVATIERRA,398.86,391.17,7.69,0
2020-11-22,10,SALVATIERRA,370.63,363.44,7.19,0
2020-11-22,11,SALVATIERRA,395.68,388.13,7.55,0
2020-11-22,12,SALVATIERRA,421.92,413.94,7.98,0
2020-11-22,13,SALVATIERRA,422,413.65,8.35,0
2020-11-22,14,SALVATIERRA,422.53,413.93,8.6,0
2020-11-22,15,SALVATIERRA,417.55,409.07,8.48,0
2020-11-22,16,SALVATIERRA,423.49,415.35,8.14,0
2020-11-22,17,SALVATIERRA,422.48,414,8.49,0
2020-11-22,18,SALVATIERRA,466.75,456.11,10.63,0
2020-11-22,19,SALVATIERRA,515,502.36,12.65,0
2020-11-22,20,SALVATIERRA,523.92,509.55,14.37,0
2020-11-22,21,SALVATIERRA,519.06,504.84,14.22,0
2020-11-22,22,SALVATIERRA,528.87,513.28,15.59,0
2020-11-22,23,SALVATIERRA,507.06,493.1,13.96,0
2020-11-22,24,SALVATIERRA,466.83,456.44,10.39,0
2020-11-22,1,SAN CRISTOBAL,509.67,478.81,30.86,0
2020-11-22,2,SAN CRISTOBAL,475.73,449.49,26.23,0
2020-11-22,3,SAN CRISTOBAL,473.04,448.64,24.4,0
2020-11-22,4,SAN CRISTOBAL,461.02,438.6,22.42,0
2020-11-22,5,SAN CRISTOBAL,444.71,426.45,18.26,0
2020-11-22,6,SAN CRISTOBAL,452.27,433.07,19.2,0
2020-11-22,7,SAN CRISTOBAL,440.51,429.88,10.63,0
2020-11-22,8,SAN CRISTOBAL,424.39,412.7,11.69,0
2020-11-22,9,SAN CRISTOBAL,405.75,391.17,14.58,0
2020-11-22,10,SAN CRISTOBAL,377.06,363.44,13.63,0
2020-11-22,11,SAN CRISTOBAL,401.16,388.13,13.03,0
2020-11-22,12,SAN CRISTOBAL,430.45,413.94,16.51,0
2020-11-22,13,SAN CRISTOBAL,427.49,413.65,13.84,0
2020-11-22,14,SAN CRISTOBAL,429.6,413.93,15.67,0
2020-11-22,15,SAN CRISTOBAL,424.78,409.07,15.71,0
2020-11-22,16,SAN CRISTOBAL,433.38,415.35,18.03,0
2020-11-22,17,SAN CRISTOBAL,435.89,414,21.9,0
2020-11-22,18,SAN CRISTOBAL,489.7,456.11,33.58,0
2020-11-22,19,SAN CRISTOBAL,558.76,502.36,56.4,0
2020-11-22,20,SAN CRISTOBAL,572.45,509.55,62.9,0
2020-11-22,21,SAN CRISTOBAL,567.13,504.84,62.29,0
2020-11-22,22,SAN CRISTOBAL,570.89,513.28,57.61,0
2020-11-22,23,SAN CRISTOBAL,537.82,493.1,44.73,0
2020-11-22,24,SAN CRISTOBAL,489.53,456.44,33.09,0
2020-11-22,1,SAN JUAN DEL RIO,495.43,478.81,16.62,0
2020-11-22,2,SAN JUAN DEL RIO,464.47,449.49,14.98,0
2020-11-22,3,SAN JUAN DEL RIO,462.95,448.64,14.31,0
2020-11-22,4,SAN JUAN DEL RIO,452.17,438.6,13.57,0
2020-11-22,5,SAN JUAN DEL RIO,439.15,426.45,12.71,0
2020-11-22,6,SAN JUAN DEL RIO,446.12,433.07,13.05,0
2020-11-22,7,SAN JUAN DEL RIO,442.31,429.88,12.43,0
2020-11-22,8,SAN JUAN DEL RIO,424.22,412.7,11.52,0
2020-11-22,9,SAN JUAN DEL RIO,401.98,391.17,10.81,0
2020-11-22,10,SAN JUAN DEL RIO,373.83,363.44,10.4,0
2020-11-22,11,SAN JUAN DEL RIO,399.74,388.13,11.62,0
2020-11-22,12,SAN JUAN DEL RIO,426.98,413.94,13.04,0
2020-11-22,13,SAN JUAN DEL RIO,426.7,413.65,13.05,0
2020-11-22,14,SAN JUAN DEL RIO,427.13,413.93,13.2,0
2020-11-22,15,SAN JUAN DEL RIO,421.94,409.07,12.87,0
2020-11-22,16,SAN JUAN DEL RIO,428.4,415.35,13.05,0
2020-11-22,17,SAN JUAN DEL RIO,427.7,414,13.71,0
2020-11-22,18,SAN JUAN DEL RIO,473.34,456.11,17.23,0
2020-11-22,19,SAN JUAN DEL RIO,521.35,502.36,18.99,0
2020-11-22,20,SAN JUAN DEL RIO,525.88,509.55,16.33,0
2020-11-22,21,SAN JUAN DEL RIO,521.97,504.84,17.13,0
2020-11-22,22,SAN JUAN DEL RIO,527.24,513.28,13.95,0
2020-11-22,23,SAN JUAN DEL RIO,508.3,493.1,15.2,0
2020-11-22,24,SAN JUAN DEL RIO,471.16,456.44,14.73,0
2020-11-22,1,SAN LUIS POTOSI,473.21,478.81,-5.6,0
2020-11-22,2,SAN LUIS POTOSI,444.23,449.49,-5.26,0
2020-11-22,3,SAN LUIS POTOSI,444.92,448.64,-3.72,0
2020-11-22,4,SAN LUIS POTOSI,435.14,438.6,-3.46,0
2020-11-22,5,SAN LUIS POTOSI,423.81,426.45,-2.64,0
2020-11-22,6,SAN LUIS POTOSI,431.17,433.07,-1.9,0
2020-11-22,7,SAN LUIS POTOSI,428.42,429.88,-1.46,0
2020-11-22,8,SAN LUIS POTOSI,411.2,412.7,-1.49,0
2020-11-22,9,SAN LUIS POTOSI,385.39,391.17,-5.78,0
2020-11-22,10,SAN LUIS POTOSI,355.35,363.44,-8.09,0
2020-11-22,11,SAN LUIS POTOSI,379.12,388.13,-9.01,0
2020-11-22,12,SAN LUIS POTOSI,403.23,413.94,-10.71,0
2020-11-22,13,SAN LUIS POTOSI,403.51,413.65,-10.14,0
2020-11-22,14,SAN LUIS POTOSI,403.64,413.93,-10.29,0
2020-11-22,15,SAN LUIS POTOSI,398.27,409.07,-10.8,0
2020-11-22,16,SAN LUIS POTOSI,403.51,415.35,-11.84,0
2020-11-22,17,SAN LUIS POTOSI,401.86,414,-12.14,0
2020-11-22,18,SAN LUIS POTOSI,445.35,456.11,-10.76,0
2020-11-22,19,SAN LUIS POTOSI,492.26,502.36,-10.1,0
2020-11-22,20,SAN LUIS POTOSI,498.81,509.55,-10.74,0
2020-11-22,21,SAN LUIS POTOSI,493.74,504.84,-11.1,0
2020-11-22,22,SAN LUIS POTOSI,502.1,513.28,-11.19,0
2020-11-22,23,SAN LUIS POTOSI,482.85,493.1,-10.25,0
2020-11-22,24,SAN LUIS POTOSI,447.8,456.44,-8.64,0
2020-11-22,1,SAN MARTIN,493.01,478.81,14.2,0
2020-11-22,2,SAN MARTIN,461.26,449.49,11.77,0
2020-11-22,3,SAN MARTIN,459.28,448.64,10.64,0
2020-11-22,4,SAN MARTIN,448.32,438.6,9.72,0
2020-11-22,5,SAN MARTIN,433.95,426.45,7.5,0
2020-11-22,6,SAN MARTIN,441.15,433.07,8.07,0
2020-11-22,7,SAN MARTIN,435.24,429.88,5.36,0
2020-11-22,8,SAN MARTIN,417.69,412.7,4.99,0
2020-11-22,9,SAN MARTIN,398.52,391.17,7.35,0
2020-11-22,10,SAN MARTIN,372.25,363.44,8.82,0
2020-11-22,11,SAN MARTIN,398.25,388.13,10.12,0
2020-11-22,12,SAN MARTIN,426.37,413.94,12.43,0
2020-11-22,13,SAN MARTIN,426.09,413.65,12.44,0
2020-11-22,14,SAN MARTIN,427,413.93,13.07,0
2020-11-22,15,SAN MARTIN,421.94,409.07,12.87,0
2020-11-22,16,SAN MARTIN,428.94,415.35,13.59,0
2020-11-22,17,SAN MARTIN,428.77,414,14.77,0
2020-11-22,18,SAN MARTIN,473.55,456.11,17.43,0
2020-11-22,19,SAN MARTIN,525.14,502.36,22.78,0
2020-11-22,20,SAN MARTIN,535.02,509.55,25.48,0
2020-11-22,21,SAN MARTIN,530.19,504.84,25.35,0
2020-11-22,22,SAN MARTIN,538.15,513.28,24.87,0
2020-11-22,23,SAN MARTIN,513.64,493.1,20.54,0
2020-11-22,24,SAN MARTIN,472.81,456.44,16.37,0
2020-11-22,1,TAMPICO,449.73,478.81,-29.08,0
2020-11-22,2,TAMPICO,426.16,449.49,-23.34,0
2020-11-22,3,TAMPICO,426.69,448.64,-21.95,0
2020-11-22,4,TAMPICO,417.39,438.6,-21.21,0
2020-11-22,5,TAMPICO,406.6,426.45,-19.85,0
2020-11-22,6,TAMPICO,413.88,433.07,-19.19,0
2020-11-22,7,TAMPICO,411.08,429.88,-18.8,0
2020-11-22,8,TAMPICO,397.06,412.7,-15.63,0
2020-11-22,9,TAMPICO,376.58,391.17,-14.59,0
2020-11-22,10,TAMPICO,350.38,363.44,-13.06,0
2020-11-22,11,TAMPICO,374.24,388.13,-13.89,0
2020-11-22,12,TAMPICO,398.19,413.94,-15.75,0
2020-11-22,13,TAMPICO,398.3,413.65,-15.35,0
2020-11-22,14,TAMPICO,398.27,413.93,-15.66,0
2020-11-22,15,TAMPICO,393.25,409.07,-15.82,0
2020-11-22,16,TAMPICO,398.83,415.35,-16.51,0
2020-11-22,17,TAMPICO,395.21,414,-18.78,0
2020-11-22,18,TAMPICO,430.36,456.11,-25.75,0
2020-11-22,19,TAMPICO,470.75,502.36,-31.61,0
2020-11-22,20,TAMPICO,476.61,509.55,-32.93,0
2020-11-22,21,TAMPICO,472.03,504.84,-32.81,0
2020-11-22,22,TAMPICO,478.94,513.28,-34.35,0
2020-11-22,23,TAMPICO,460.83,493.1,-32.27,0
2020-11-22,24,TAMPICO,430.45,456.44,-25.99,0
2020-11-22,1,TAPACHULA,490.14,478.81,11.32,0
2020-11-22,2,TAPACHULA,457.9,449.49,8.4,0
2020-11-22,3,TAPACHULA,455.75,448.64,7.1,0
2020-11-22,4,TAPACHULA,444,438.6,5.4,0
2020-11-22,5,TAPACHULA,428.03,426.45,1.58,0
2020-11-22,6,TAPACHULA,434.5,433.07,1.43,0
2020-11-22,7,TAPACHULA,422.23,429.88,-7.64,0
2020-11-22,8,TAPACHULA,408.31,412.7,-4.39,0
2020-11-22,9,TAPACHULA,391.29,391.17,.12,0
2020-11-22,10,TAPACHULA,364.61,363.44,1.17,0
2020-11-22,11,TAPACHULA,388.18,388.13,.06,0
2020-11-22,12,TAPACHULA,416.8,413.94,2.87,0
2020-11-22,13,TAPACHULA,413.6,413.65,-.05,0
2020-11-22,14,TAPACHULA,415.53,413.93,1.6,0
2020-11-22,15,TAPACHULA,411.04,409.07,1.97,0
2020-11-22,16,TAPACHULA,420.22,415.35,4.87,0
2020-11-22,17,TAPACHULA,422.27,414,8.27,0
2020-11-22,18,TAPACHULA,469.17,456.11,13.05,0
2020-11-22,19,TAPACHULA,527.57,502.36,25.21,0
2020-11-22,20,TAPACHULA,541.51,509.55,31.96,0
2020-11-22,21,TAPACHULA,538.81,504.84,33.97,0
2020-11-22,22,TAPACHULA,544.18,513.28,30.89,0
2020-11-22,23,TAPACHULA,514.17,493.1,21.07,0
2020-11-22,24,TAPACHULA,470.04,456.44,13.6,0
2020-11-22,1,TECAMACHALCO,493.16,478.81,14.34,0
2020-11-22,2,TECAMACHALCO,461.39,449.49,11.9,0
2020-11-22,3,TECAMACHALCO,459.25,448.64,10.61,0
2020-11-22,4,TECAMACHALCO,447.66,438.6,9.05,0
2020-11-22,5,TECAMACHALCO,432.85,426.45,6.41,0
2020-11-22,6,TECAMACHALCO,439.94,433.07,6.86,0
2020-11-22,7,TECAMACHALCO,433.49,429.88,3.61,0
2020-11-22,8,TECAMACHALCO,416.21,412.7,3.51,0
2020-11-22,9,TECAMACHALCO,397.37,391.17,6.21,0
2020-11-22,10,TECAMACHALCO,371.85,363.44,8.42,0
2020-11-22,11,TECAMACHALCO,397.27,388.13,9.14,0
2020-11-22,12,TECAMACHALCO,425.31,413.94,11.38,0
2020-11-22,13,TECAMACHALCO,424.99,413.65,11.34,0
2020-11-22,14,TECAMACHALCO,425.2,413.93,11.27,0
2020-11-22,15,TECAMACHALCO,419.68,409.07,10.61,0
2020-11-22,16,TECAMACHALCO,426.9,415.35,11.55,0
2020-11-22,17,TECAMACHALCO,426.89,414,12.9,0
2020-11-22,18,TECAMACHALCO,472.09,456.11,15.98,0
2020-11-22,19,TECAMACHALCO,525.25,502.36,22.89,0
2020-11-22,20,TECAMACHALCO,535.48,509.55,25.93,0
2020-11-22,21,TECAMACHALCO,530.26,504.84,25.43,0
2020-11-22,22,TECAMACHALCO,538.01,513.28,24.73,0
2020-11-22,23,TECAMACHALCO,513.04,493.1,19.94,0
2020-11-22,24,TECAMACHALCO,471.59,456.44,15.15,0
2020-11-22,1,TEHUACAN,502.39,478.81,23.58,0
2020-11-22,2,TEHUACAN,469.62,449.49,20.13,0
2020-11-22,3,TEHUACAN,467.35,448.64,18.71,0
2020-11-22,4,TEHUACAN,455.28,438.6,16.68,0
2020-11-22,5,TEHUACAN,439.47,426.45,13.03,0
2020-11-22,6,TEHUACAN,447.07,433.07,14,0
2020-11-22,7,TEHUACAN,440.39,429.88,10.51,0
2020-11-22,8,TEHUACAN,423.02,412.7,10.33,0
2020-11-22,9,TEHUACAN,404.39,391.17,13.22,0
2020-11-22,10,TEHUACAN,377.54,363.44,14.11,0
2020-11-22,11,TEHUACAN,403.37,388.13,15.25,0
2020-11-22,12,TEHUACAN,431.92,413.94,17.99,0
2020-11-22,13,TEHUACAN,431.2,413.65,17.56,0
2020-11-22,14,TEHUACAN,431.8,413.93,17.87,0
2020-11-22,15,TEHUACAN,426.28,409.07,17.21,0
2020-11-22,16,TEHUACAN,433.6,415.35,18.26,0
2020-11-22,17,TEHUACAN,433.1,414,19.1,0
2020-11-22,18,TEHUACAN,479.84,456.11,23.73,0
2020-11-22,19,TEHUACAN,534.84,502.36,32.48,0
2020-11-22,20,TEHUACAN,545.42,509.55,35.87,0
2020-11-22,21,TEHUACAN,540.18,504.84,35.34,0
2020-11-22,22,TEHUACAN,547.93,513.28,34.64,0
2020-11-22,23,TEHUACAN,521.83,493.1,28.73,0
2020-11-22,24,TEHUACAN,479.34,456.44,22.9,0
2020-11-22,1,TEHUANTEPEC,469.36,478.81,-9.45,0
2020-11-22,2,TEHUANTEPEC,433.45,449.49,-16.05,0
2020-11-22,3,TEHUANTEPEC,434.46,448.64,-14.18,0
2020-11-22,4,TEHUANTEPEC,422.34,438.6,-16.26,0
2020-11-22,5,TEHUANTEPEC,406.08,426.45,-20.37,0
2020-11-22,6,TEHUANTEPEC,415.87,433.07,-17.21,0
2020-11-22,7,TEHUANTEPEC,403.86,429.88,-26.02,0
2020-11-22,8,TEHUANTEPEC,384.68,412.7,-28.02,0
2020-11-22,9,TEHUANTEPEC,371.07,391.17,-20.1,0
2020-11-22,10,TEHUANTEPEC,345.64,363.44,-17.79,0
2020-11-22,11,TEHUANTEPEC,365.32,388.13,-22.81,0
2020-11-22,12,TEHUANTEPEC,390.91,413.94,-23.03,0
2020-11-22,13,TEHUANTEPEC,388.3,413.65,-25.35,0
2020-11-22,14,TEHUANTEPEC,391.96,413.93,-21.97,0
2020-11-22,15,TEHUANTEPEC,388.66,409.07,-20.41,0
2020-11-22,16,TEHUANTEPEC,397.6,415.35,-17.75,0
2020-11-22,17,TEHUANTEPEC,400.14,414,-13.86,0
2020-11-22,18,TEHUANTEPEC,445.16,456.11,-10.96,0
2020-11-22,19,TEHUANTEPEC,496.82,502.36,-5.53,0
2020-11-22,20,TEHUANTEPEC,511.87,509.55,2.32,0
2020-11-22,21,TEHUANTEPEC,512.2,504.84,7.37,0
2020-11-22,22,TEHUANTEPEC,520.99,513.28,7.7,0
2020-11-22,23,TEHUANTEPEC,492.96,493.1,-.14,0
2020-11-22,24,TEHUANTEPEC,452.6,456.44,-3.84,0
2020-11-22,1,TEPIC VALLARTA,487.37,478.81,8.56,0
2020-11-22,2,TEPIC VALLARTA,453.42,449.49,3.92,0
2020-11-22,3,TEPIC VALLARTA,452.23,448.64,3.59,0
2020-11-22,4,TEPIC VALLARTA,442.39,438.6,3.79,0
2020-11-22,5,TEPIC VALLARTA,429.87,426.45,3.42,0
2020-11-22,6,TEPIC VALLARTA,435.97,433.07,2.9,0
2020-11-22,7,TEPIC VALLARTA,433.93,429.88,4.05,0
2020-11-22,8,TEPIC VALLARTA,416.96,412.7,4.26,0
2020-11-22,9,TEPIC VALLARTA,392.57,391.17,1.4,0
2020-11-22,10,TEPIC VALLARTA,361.44,363.44,-2,0
2020-11-22,11,TEPIC VALLARTA,385.06,388.13,-3.07,0
2020-11-22,12,TEPIC VALLARTA,409.86,413.94,-4.08,0
2020-11-22,13,TEPIC VALLARTA,410.41,413.65,-3.24,0
2020-11-22,14,TEPIC VALLARTA,411.57,413.93,-2.36,0
2020-11-22,15,TEPIC VALLARTA,408.28,409.07,-.79,0
2020-11-22,16,TEPIC VALLARTA,413.37,415.35,-1.97,0
2020-11-22,17,TEPIC VALLARTA,412.57,414,-1.43,0
2020-11-22,18,TEPIC VALLARTA,459.19,456.11,3.08,0
2020-11-22,19,TEPIC VALLARTA,500.27,502.36,-2.08,0
2020-11-22,20,TEPIC VALLARTA,507.18,509.55,-2.37,0
2020-11-22,21,TEPIC VALLARTA,502.3,504.84,-2.54,0
2020-11-22,22,TEPIC VALLARTA,518.76,513.28,5.48,0
2020-11-22,23,TEPIC VALLARTA,502.52,493.1,9.42,0
2020-11-22,24,TEPIC VALLARTA,463.15,456.44,6.71,0
2020-11-22,1,TEZIUTLAN,485.2,478.81,6.38,0
2020-11-22,2,TEZIUTLAN,455.22,449.49,5.72,0
2020-11-22,3,TEZIUTLAN,453.82,448.64,5.18,0
2020-11-22,4,TEZIUTLAN,442.56,438.6,3.96,0
2020-11-22,5,TEZIUTLAN,429.34,426.45,2.89,0
2020-11-22,6,TEZIUTLAN,435.16,433.07,2.09,0
2020-11-22,7,TEZIUTLAN,429.92,429.88,.04,0
2020-11-22,8,TEZIUTLAN,413.2,412.7,.5,0
2020-11-22,9,TEZIUTLAN,392.32,391.17,1.15,0
2020-11-22,10,TEZIUTLAN,367.9,363.44,4.47,0
2020-11-22,11,TEZIUTLAN,392.43,388.13,4.3,0
2020-11-22,12,TEZIUTLAN,419.56,413.94,5.62,0
2020-11-22,13,TEZIUTLAN,420.26,413.65,6.61,0
2020-11-22,14,TEZIUTLAN,420.51,413.93,6.58,0
2020-11-22,15,TEZIUTLAN,414.54,409.07,5.47,0
2020-11-22,16,TEZIUTLAN,422.38,415.35,7.03,0
2020-11-22,17,TEZIUTLAN,422.25,414,8.25,0
2020-11-22,18,TEZIUTLAN,464.9,456.11,8.79,0
2020-11-22,19,TEZIUTLAN,513.95,502.36,11.6,0
2020-11-22,20,TEZIUTLAN,522.7,509.55,13.15,0
2020-11-22,21,TEZIUTLAN,517.33,504.84,12.49,0
2020-11-22,22,TEZIUTLAN,524.83,513.28,11.55,0
2020-11-22,23,TEZIUTLAN,503.62,493.1,10.52,0
2020-11-22,24,TEZIUTLAN,464.94,456.44,8.5,0
2020-11-22,1,TICUL,508.22,478.81,29.41,0
2020-11-22,2,TICUL,476.67,449.49,27.18,0
2020-11-22,3,TICUL,469.66,448.64,21.01,0
2020-11-22,4,TICUL,460.1,438.6,21.5,0
2020-11-22,5,TICUL,442.67,426.45,16.23,0
2020-11-22,6,TICUL,449.67,433.07,16.6,0
2020-11-22,7,TICUL,435.62,429.88,5.75,0
2020-11-22,8,TICUL,426.67,412.7,13.98,0
2020-11-22,9,TICUL,410.97,391.17,19.81,0
2020-11-22,10,TICUL,375.4,363.44,11.96,0
2020-11-22,11,TICUL,398.31,388.13,10.19,0
2020-11-22,12,TICUL,432.29,413.94,18.35,0
2020-11-22,13,TICUL,425.2,413.65,11.56,0
2020-11-22,14,TICUL,427.54,413.93,13.61,0
2020-11-22,15,TICUL,424.49,409.07,15.42,0
2020-11-22,16,TICUL,433.66,415.35,18.31,0
2020-11-22,17,TICUL,437.65,414,23.66,0
2020-11-22,18,TICUL,484.89,456.11,28.77,0
2020-11-22,19,TICUL,546.51,502.36,44.16,0
2020-11-22,20,TICUL,560.55,509.55,51.01,0
2020-11-22,21,TICUL,557.07,504.84,52.23,0
2020-11-22,22,TICUL,563.88,513.28,50.6,0
2020-11-22,23,TICUL,532.35,493.1,39.25,0
2020-11-22,24,TICUL,487.56,456.44,31.12,0
2020-11-22,1,TLAXCALA,493.61,478.81,14.8,0
2020-11-22,2,TLAXCALA,461.92,449.49,12.43,0
2020-11-22,3,TLAXCALA,459.79,448.64,11.15,0
2020-11-22,4,TLAXCALA,448.63,438.6,10.03,0
2020-11-22,5,TLAXCALA,434.76,426.45,8.31,0
2020-11-22,6,TLAXCALA,441.2,433.07,8.13,0
2020-11-22,7,TLAXCALA,435.54,429.88,5.66,0
2020-11-22,8,TLAXCALA,417.44,412.7,4.74,0
2020-11-22,9,TLAXCALA,396.47,391.17,5.3,0
2020-11-22,10,TLAXCALA,370.78,363.44,7.34,0
2020-11-22,11,TLAXCALA,396.36,388.13,8.24,0
2020-11-22,12,TLAXCALA,424.14,413.94,10.21,0
2020-11-22,13,TLAXCALA,424.13,413.65,10.48,0
2020-11-22,14,TLAXCALA,424.77,413.93,10.84,0
2020-11-22,15,TLAXCALA,419.44,409.07,10.37,0
2020-11-22,16,TLAXCALA,426.63,415.35,11.28,0
2020-11-22,17,TLAXCALA,427.08,414,13.08,0
2020-11-22,18,TLAXCALA,472.78,456.11,16.67,0
2020-11-22,19,TLAXCALA,524.29,502.36,21.93,0
2020-11-22,20,TLAXCALA,534.21,509.55,24.66,0
2020-11-22,21,TLAXCALA,529.12,504.84,24.28,0
2020-11-22,22,TLAXCALA,536.92,513.28,23.64,0
2020-11-22,23,TLAXCALA,513.02,493.1,19.92,0
2020-11-22,24,TLAXCALA,472.35,456.44,15.91,0
2020-11-22,1,TUXTLA,487.71,478.81,8.9,0
2020-11-22,2,TUXTLA,455.51,449.49,6.02,0
2020-11-22,3,TUXTLA,453.26,448.64,4.62,0
2020-11-22,4,TUXTLA,441.62,438.6,3.02,0
2020-11-22,5,TUXTLA,425.71,426.45,-.74,0
2020-11-22,6,TUXTLA,432.69,433.07,-.38,0
2020-11-22,7,TUXTLA,421.02,429.88,-8.86,0
2020-11-22,8,TUXTLA,406.41,412.7,-6.29,0
2020-11-22,9,TUXTLA,389.5,391.17,-1.67,0
2020-11-22,10,TUXTLA,362.44,363.44,-1,0
2020-11-22,11,TUXTLA,386.09,388.13,-2.04,0
2020-11-22,12,TUXTLA,414.73,413.94,.79,0
2020-11-22,13,TUXTLA,411.92,413.65,-1.73,0
2020-11-22,14,TUXTLA,414.12,413.93,.19,0
2020-11-22,15,TUXTLA,409.81,409.07,.74,0
2020-11-22,16,TUXTLA,417.81,415.35,2.46,0
2020-11-22,17,TUXTLA,419.49,414,5.49,0
2020-11-22,18,TUXTLA,465.8,456.11,9.68,0
2020-11-22,19,TUXTLA,522.74,502.36,20.38,0
2020-11-22,20,TUXTLA,535.56,509.55,26.02,0
2020-11-22,21,TUXTLA,532.16,504.84,27.32,0
2020-11-22,22,TUXTLA,538.48,513.28,25.2,0
2020-11-22,23,TUXTLA,510.46,493.1,17.36,0
2020-11-22,24,TUXTLA,467,456.44,10.57,0
2020-11-22,1,URUAPAN,495.45,478.81,16.64,0
2020-11-22,2,URUAPAN,463.41,449.49,13.92,0
2020-11-22,3,URUAPAN,461.41,448.64,12.77,0
2020-11-22,4,URUAPAN,450.78,438.6,12.18,0
2020-11-22,5,URUAPAN,437.17,426.45,10.72,0
2020-11-22,6,URUAPAN,444.29,433.07,11.22,0
2020-11-22,7,URUAPAN,442.03,429.88,12.15,0
2020-11-22,8,URUAPAN,423.9,412.7,11.21,0
2020-11-22,9,URUAPAN,401.02,391.17,9.85,0
2020-11-22,10,URUAPAN,372.55,363.44,9.11,0
2020-11-22,11,URUAPAN,397.74,388.13,9.61,0
2020-11-22,12,URUAPAN,424.18,413.94,10.24,0
2020-11-22,13,URUAPAN,424.78,413.65,11.13,0
2020-11-22,14,URUAPAN,425.6,413.93,11.67,0
2020-11-22,15,URUAPAN,420.99,409.07,11.92,0
2020-11-22,16,URUAPAN,426.61,415.35,11.27,0
2020-11-22,17,URUAPAN,426.19,414,12.2,0
2020-11-22,18,URUAPAN,471.35,456.11,15.24,0
2020-11-22,19,URUAPAN,518.39,502.36,16.04,0
2020-11-22,20,URUAPAN,526.92,509.55,17.37,0
2020-11-22,21,URUAPAN,521.97,504.84,17.13,0
2020-11-22,22,URUAPAN,534.29,513.28,21.01,0
2020-11-22,23,URUAPAN,514.1,493.1,21,0
2020-11-22,24,URUAPAN,472.75,456.44,16.31,0
2020-11-22,1,VDM CENTRO,498.29,478.81,19.48,0
2020-11-22,2,VDM CENTRO,466.21,449.49,16.71,0
2020-11-22,3,VDM CENTRO,463.92,448.64,15.28,0
2020-11-22,4,VDM CENTRO,452.9,438.6,14.3,0
2020-11-22,5,VDM CENTRO,438.82,426.45,12.37,0
2020-11-22,6,VDM CENTRO,445.86,433.07,12.78,0
2020-11-22,7,VDM CENTRO,440.95,429.88,11.07,0
2020-11-22,8,VDM CENTRO,423.46,412.7,10.76,0
2020-11-22,9,VDM CENTRO,403.55,391.17,12.39,0
2020-11-22,10,VDM CENTRO,377.34,363.44,13.9,0
2020-11-22,11,VDM CENTRO,404.24,388.13,16.11,0
2020-11-22,12,VDM CENTRO,432.81,413.94,18.88,0
2020-11-22,13,VDM CENTRO,432.82,413.65,19.17,0
2020-11-22,14,VDM CENTRO,433.56,413.93,19.63,0
2020-11-22,15,VDM CENTRO,428.5,409.07,19.43,0
2020-11-22,16,VDM CENTRO,435.41,415.35,20.06,0
2020-11-22,17,VDM CENTRO,434.97,414,20.97,0
2020-11-22,18,VDM CENTRO,479.77,456.11,23.66,0
2020-11-22,19,VDM CENTRO,531.43,502.36,29.07,0
2020-11-22,20,VDM CENTRO,540.94,509.55,31.39,0
2020-11-22,21,VDM CENTRO,535.77,504.84,30.93,0
2020-11-22,22,VDM CENTRO,544.26,513.28,30.98,0
2020-11-22,23,VDM CENTRO,520.33,493.1,27.23,0
2020-11-22,24,VDM CENTRO,478.86,456.44,22.43,0
2020-11-22,1,VDM NORTE,497.3,478.81,18.49,0
2020-11-22,2,VDM NORTE,465.56,449.49,16.07,0
2020-11-22,3,VDM NORTE,463.38,448.64,14.74,0
2020-11-22,4,VDM NORTE,452.38,438.6,13.78,0
2020-11-22,5,VDM NORTE,438.41,426.45,11.97,0
2020-11-22,6,VDM NORTE,445.41,433.07,12.34,0
2020-11-22,7,VDM NORTE,440.53,429.88,10.65,0
2020-11-22,8,VDM NORTE,422.83,412.7,10.14,0
2020-11-22,9,VDM NORTE,402.76,391.17,11.6,0
2020-11-22,10,VDM NORTE,376.44,363.44,13,0
2020-11-22,11,VDM NORTE,403.14,388.13,15.01,0
2020-11-22,12,VDM NORTE,431.49,413.94,17.56,0
2020-11-22,13,VDM NORTE,431.56,413.65,17.91,0
2020-11-22,14,VDM NORTE,432.25,413.93,18.32,0
2020-11-22,15,VDM NORTE,427.16,409.07,18.09,0
2020-11-22,16,VDM NORTE,434.01,415.35,18.66,0
2020-11-22,17,VDM NORTE,433.42,414,19.43,0
2020-11-22,18,VDM NORTE,477.85,456.11,21.74,0
2020-11-22,19,VDM NORTE,529.04,502.36,26.68,0
2020-11-22,20,VDM NORTE,538.37,509.55,28.83,0
2020-11-22,21,VDM NORTE,533.24,504.84,28.4,0
2020-11-22,22,VDM NORTE,541.68,513.28,28.39,0
2020-11-22,23,VDM NORTE,518.21,493.1,25.11,0
2020-11-22,24,VDM NORTE,477.4,456.44,20.96,0
2020-11-22,1,VDM SUR,501.15,478.81,22.34,0
2020-11-22,2,VDM SUR,469.01,449.49,19.51,0
2020-11-22,3,VDM SUR,466.76,448.64,18.12,0
2020-11-22,4,VDM SUR,455.73,438.6,17.12,0
2020-11-22,5,VDM SUR,441.53,426.45,15.08,0
2020-11-22,6,VDM SUR,448.56,433.07,15.49,0
2020-11-22,7,VDM SUR,443.63,429.88,13.76,0
2020-11-22,8,VDM SUR,425.86,412.7,13.16,0
2020-11-22,9,VDM SUR,405.72,391.17,14.55,0
2020-11-22,10,VDM SUR,379.23,363.44,15.8,0
2020-11-22,11,VDM SUR,406.1,388.13,17.97,0
2020-11-22,12,VDM SUR,434.67,413.94,20.73,0
2020-11-22,13,VDM SUR,434.65,413.65,21,0
2020-11-22,14,VDM SUR,435.41,413.93,21.48,0
2020-11-22,15,VDM SUR,430.29,409.07,21.22,0
2020-11-22,16,VDM SUR,437.17,415.35,21.82,0
2020-11-22,17,VDM SUR,436.8,414,22.81,0
2020-11-22,18,VDM SUR,481.8,456.11,25.69,0
2020-11-22,19,VDM SUR,533.5,502.36,31.14,0
2020-11-22,20,VDM SUR,543.09,509.55,33.54,0
2020-11-22,21,VDM SUR,537.87,504.84,33.03,0
2020-11-22,22,VDM SUR,546.77,513.28,33.49,0
2020-11-22,23,VDM SUR,522.89,493.1,29.79,0
2020-11-22,24,VDM SUR,481.26,456.44,24.82,0
2020-11-22,1,VERACRUZ,484.76,478.81,5.95,0
2020-11-22,2,VERACRUZ,453.58,449.49,4.09,0
2020-11-22,3,VERACRUZ,451.99,448.64,3.35,0
2020-11-22,4,VERACRUZ,440.68,438.6,2.07,0
2020-11-22,5,VERACRUZ,426.05,426.45,-.4,0
2020-11-22,6,VERACRUZ,432.77,433.07,-.31,0
2020-11-22,7,VERACRUZ,424.75,429.88,-5.12,0
2020-11-22,8,VERACRUZ,408.13,412.7,-4.56,0
2020-11-22,9,VERACRUZ,390.09,391.17,-1.07,0
2020-11-22,10,VERACRUZ,364.74,363.44,1.3,0
2020-11-22,11,VERACRUZ,389.62,388.13,1.5,0
2020-11-22,12,VERACRUZ,417.59,413.94,3.66,0
2020-11-22,13,VERACRUZ,416.92,413.65,3.28,0
2020-11-22,14,VERACRUZ,418.36,413.93,4.44,0
2020-11-22,15,VERACRUZ,413.47,409.07,4.4,0
2020-11-22,16,VERACRUZ,420.27,415.35,4.92,0
2020-11-22,17,VERACRUZ,421.08,414,7.08,0
2020-11-22,18,VERACRUZ,465.17,456.11,9.06,0
2020-11-22,19,VERACRUZ,516.69,502.36,14.33,0
2020-11-22,20,VERACRUZ,527.3,509.55,17.75,0
2020-11-22,21,VERACRUZ,522.74,504.84,17.9,0
2020-11-22,22,VERACRUZ,530.38,513.28,17.1,0
2020-11-22,23,VERACRUZ,505.92,493.1,12.82,0
2020-11-22,24,VERACRUZ,465.36,456.44,8.92,0
2020-11-22,1,VICTORIA,442.53,478.81,-36.28,0
2020-11-22,2,VICTORIA,415.92,449.49,-33.58,0
2020-11-22,3,VICTORIA,419.1,448.64,-29.54,0
2020-11-22,4,VICTORIA,410.72,438.6,-27.88,0
2020-11-22,5,VICTORIA,400.64,426.45,-25.81,0
2020-11-22,6,VICTORIA,408.33,433.07,-24.75,0
2020-11-22,7,VICTORIA,406.22,429.88,-23.66,0
2020-11-22,8,VICTORIA,391.71,412.7,-20.98,0
2020-11-22,9,VICTORIA,371.25,391.17,-19.92,0
2020-11-22,10,VICTORIA,344.4,363.44,-19.04,0
2020-11-22,11,VICTORIA,367.7,388.13,-20.43,0
2020-11-22,12,VICTORIA,390.62,413.94,-23.31,0
2020-11-22,13,VICTORIA,391.2,413.65,-22.44,0
2020-11-22,14,VICTORIA,391.15,413.93,-22.78,0
2020-11-22,15,VICTORIA,385.37,409.07,-23.71,0
2020-11-22,16,VICTORIA,389.29,415.35,-26.06,0
2020-11-22,17,VICTORIA,383.3,414,-30.69,0
2020-11-22,18,VICTORIA,419.01,456.11,-37.11,0
2020-11-22,19,VICTORIA,459.57,502.36,-42.79,0
2020-11-22,20,VICTORIA,464.09,509.55,-45.46,0
2020-11-22,21,VICTORIA,460.63,504.84,-44.21,0
2020-11-22,22,VICTORIA,467.35,513.28,-45.94,0
2020-11-22,23,VICTORIA,449.33,493.1,-43.77,0
2020-11-22,24,VICTORIA,419.36,456.44,-37.07,0
2020-11-22,1,VILLAHERMOSA,485.37,478.81,6.56,0
2020-11-22,2,VILLAHERMOSA,453.17,449.49,3.68,0
2020-11-22,3,VILLAHERMOSA,449.73,448.64,1.09,0
2020-11-22,4,VILLAHERMOSA,438.26,438.6,-.35,0
2020-11-22,5,VILLAHERMOSA,421.86,426.45,-4.59,0
2020-11-22,6,VILLAHERMOSA,428.49,433.07,-4.59,0
2020-11-22,7,VILLAHERMOSA,416.04,429.88,-13.83,0
2020-11-22,8,VILLAHERMOSA,402.51,412.7,-10.19,0
2020-11-22,9,VILLAHERMOSA,386.23,391.17,-4.94,0
2020-11-22,10,VILLAHERMOSA,358.37,363.44,-5.07,0
2020-11-22,11,VILLAHERMOSA,381.53,388.13,-6.59,0
2020-11-22,12,VILLAHERMOSA,410.83,413.94,-3.11,0
2020-11-22,13,VILLAHERMOSA,407.46,413.65,-6.19,0
2020-11-22,14,VILLAHERMOSA,409.84,413.93,-4.09,0
2020-11-22,15,VILLAHERMOSA,405.84,409.07,-3.23,0
2020-11-22,16,VILLAHERMOSA,413.39,415.35,-1.96,0
2020-11-22,17,VILLAHERMOSA,414.9,414,.91,0
2020-11-22,18,VILLAHERMOSA,461.03,456.11,4.92,0
2020-11-22,19,VILLAHERMOSA,519.02,502.36,16.66,0
2020-11-22,20,VILLAHERMOSA,532.39,509.55,22.85,0
2020-11-22,21,VILLAHERMOSA,529.08,504.84,24.24,0
2020-11-22,22,VILLAHERMOSA,535.98,513.28,22.69,0
2020-11-22,23,VILLAHERMOSA,508,493.1,14.9,0
2020-11-22,24,VILLAHERMOSA,464.67,456.44,8.23,0
2020-11-22,1,XALAPA,490.65,478.81,11.84,0
2020-11-22,2,XALAPA,459.49,449.49,9.99,0
2020-11-22,3,XALAPA,457.71,448.64,9.07,0
2020-11-22,4,XALAPA,446.29,438.6,7.69,0
2020-11-22,5,XALAPA,432.49,426.45,6.05,0
2020-11-22,6,XALAPA,438.2,433.07,5.13,0
2020-11-22,7,XALAPA,434.01,429.88,4.13,0
2020-11-22,8,XALAPA,417.21,412.7,4.51,0
2020-11-22,9,XALAPA,395.94,391.17,4.77,0
2020-11-22,10,XALAPA,371.29,363.44,7.85,0
2020-11-22,11,XALAPA,395.65,388.13,7.52,0
2020-11-22,12,XALAPA,423.76,413.94,9.83,0
2020-11-22,13,XALAPA,424.87,413.65,11.23,0
2020-11-22,14,XALAPA,426,413.93,12.07,0
2020-11-22,15,XALAPA,419.95,409.07,10.88,0
2020-11-22,16,XALAPA,425.2,415.35,9.85,0
2020-11-22,17,XALAPA,425.58,414,11.58,0
2020-11-22,18,XALAPA,470.49,456.11,14.38,0
2020-11-22,19,XALAPA,520.65,502.36,18.29,0
2020-11-22,20,XALAPA,529.6,509.55,20.05,0
2020-11-22,21,XALAPA,524.29,504.84,19.45,0
2020-11-22,22,XALAPA,531.02,513.28,17.74,0
2020-11-22,23,XALAPA,509.16,493.1,16.06,0
2020-11-22,24,XALAPA,468.98,456.44,12.54,0
2020-11-22,1,ZACAPU,492.62,478.81,13.81,0
2020-11-22,2,ZACAPU,461.32,449.49,11.83,0
2020-11-22,3,ZACAPU,459.67,448.64,11.03,0
2020-11-22,4,ZACAPU,449.32,438.6,10.72,0
2020-11-22,5,ZACAPU,436,426.45,9.55,0
2020-11-22,6,ZACAPU,443.18,433.07,10.1,0
2020-11-22,7,ZACAPU,440.76,429.88,10.88,0
2020-11-22,8,ZACAPU,422.88,412.7,10.18,0
2020-11-22,9,ZACAPU,399.97,391.17,8.8,0
2020-11-22,10,ZACAPU,371.43,363.44,8,0
2020-11-22,11,ZACAPU,396.31,388.13,8.18,0
2020-11-22,12,ZACAPU,422.53,413.94,8.6,0
2020-11-22,13,ZACAPU,422.8,413.65,9.15,0
2020-11-22,14,ZACAPU,423.57,413.93,9.64,0
2020-11-22,15,ZACAPU,418.93,409.07,9.86,0
2020-11-22,16,ZACAPU,424.54,415.35,9.19,0
2020-11-22,17,ZACAPU,423.94,414,9.94,0
2020-11-22,18,ZACAPU,468.85,456.11,12.74,0
2020-11-22,19,ZACAPU,514.95,502.36,12.59,0
2020-11-22,20,ZACAPU,522.9,509.55,13.35,0
2020-11-22,21,ZACAPU,518.16,504.84,13.32,0
2020-11-22,22,ZACAPU,530.34,513.28,17.06,0
2020-11-22,23,ZACAPU,510.58,493.1,17.48,0
2020-11-22,24,ZACAPU,470.21,456.44,13.77,0
2020-11-22,1,ZACATECAS,489.06,478.81,10.25,0
2020-11-22,2,ZACATECAS,456.97,449.49,7.48,0
2020-11-22,3,ZACATECAS,457.44,448.64,8.79,0
2020-11-22,4,ZACATECAS,447.81,438.6,9.2,0
2020-11-22,5,ZACATECAS,435.87,426.45,9.42,0
2020-11-22,6,ZACATECAS,443.31,433.07,10.24,0
2020-11-22,7,ZACATECAS,441.28,429.88,11.41,0
2020-11-22,8,ZACATECAS,422.73,412.7,10.03,0
2020-11-22,9,ZACATECAS,394.57,391.17,3.4,0
2020-11-22,10,ZACATECAS,363.09,363.44,-.35,0
2020-11-22,11,ZACATECAS,387.1,388.13,-1.02,0
2020-11-22,12,ZACATECAS,411.55,413.94,-2.39,0
2020-11-22,13,ZACATECAS,411.98,413.65,-1.67,0
2020-11-22,14,ZACATECAS,412.14,413.93,-1.79,0
2020-11-22,15,ZACATECAS,406.72,409.07,-2.35,0
2020-11-22,16,ZACATECAS,411.65,415.35,-3.7,0
2020-11-22,17,ZACATECAS,410.62,414,-3.38,0
2020-11-22,18,ZACATECAS,460.48,456.11,4.36,0
2020-11-22,19,ZACATECAS,511.95,502.36,9.59,0
2020-11-22,20,ZACATECAS,519.09,509.55,9.54,0
2020-11-22,21,ZACATECAS,512.99,504.84,8.15,0
2020-11-22,22,ZACATECAS,521.43,513.28,8.14,0
2020-11-22,23,ZACATECAS,500.46,493.1,7.36,0
2020-11-22,24,ZACATECAS,461.36,456.44,4.92,0
2020-11-22,1,ZAMORA,494.52,478.81,15.7,0
2020-11-22,2,ZAMORA,462.36,449.49,12.86,0
2020-11-22,3,ZAMORA,460.78,448.64,12.14,0
2020-11-22,4,ZAMORA,450.42,438.6,11.82,0
2020-11-22,5,ZAMORA,437.1,426.45,10.65,0
2020-11-22,6,ZAMORA,444.14,433.07,11.06,0
2020-11-22,7,ZAMORA,442.03,429.88,12.15,0
2020-11-22,8,ZAMORA,424.27,412.7,11.58,0
2020-11-22,9,ZAMORA,400.8,391.17,9.63,0
2020-11-22,10,ZAMORA,371.59,363.44,8.15,0
2020-11-22,11,ZAMORA,396.31,388.13,8.19,0
2020-11-22,12,ZAMORA,422.35,413.94,8.42,0
2020-11-22,13,ZAMORA,422.75,413.65,9.1,0
2020-11-22,14,ZAMORA,423.41,413.93,9.49,0
2020-11-22,15,ZAMORA,418.78,409.07,9.71,0
2020-11-22,16,ZAMORA,424.32,415.35,8.97,0
2020-11-22,17,ZAMORA,423.96,414,9.96,0
2020-11-22,18,ZAMORA,469.78,456.11,13.67,0
2020-11-22,19,ZAMORA,516.01,502.36,13.65,0
2020-11-22,20,ZAMORA,524.02,509.55,14.47,0
2020-11-22,21,ZAMORA,519,504.84,14.16,0
2020-11-22,22,ZAMORA,531.92,513.28,18.64,0
2020-11-22,23,ZAMORA,512.54,493.1,19.44,0
2020-11-22,24,ZAMORA,471.81,456.44,15.37,0
2020-11-22,1,ZAPOTLAN,489.37,478.81,10.56,0
2020-11-22,2,ZAPOTLAN,456.28,449.49,6.79,0
2020-11-22,3,ZAPOTLAN,455.21,448.64,6.57,0
2020-11-22,4,ZAPOTLAN,444.91,438.6,6.31,0
2020-11-22,5,ZAPOTLAN,431.99,426.45,5.54,0
2020-11-22,6,ZAPOTLAN,438.63,433.07,5.56,0
2020-11-22,7,ZAPOTLAN,436.45,429.88,6.57,0
2020-11-22,8,ZAPOTLAN,419.71,412.7,7.01,0
2020-11-22,9,ZAPOTLAN,395.5,391.17,4.33,0
2020-11-22,10,ZAPOTLAN,365.82,363.44,2.38,0
2020-11-22,11,ZAPOTLAN,390.1,388.13,1.98,0
2020-11-22,12,ZAPOTLAN,415.59,413.94,1.66,0
2020-11-22,13,ZAPOTLAN,415.83,413.65,2.18,0
2020-11-22,14,ZAPOTLAN,416.3,413.93,2.37,0
2020-11-22,15,ZAPOTLAN,411.58,409.07,2.51,0
2020-11-22,16,ZAPOTLAN,416.63,415.35,1.29,0
2020-11-22,17,ZAPOTLAN,416.19,414,2.19,0
2020-11-22,18,ZAPOTLAN,463.19,456.11,7.08,0
2020-11-22,19,ZAPOTLAN,508.89,502.36,6.53,0
2020-11-22,20,ZAPOTLAN,516.67,509.55,7.12,0
2020-11-22,21,ZAPOTLAN,511.22,504.84,6.39,0
2020-11-22,22,ZAPOTLAN,524.09,513.28,10.81,0
2020-11-22,23,ZAPOTLAN,504.82,493.1,11.72,0
2020-11-22,24,ZAPOTLAN,464.77,456.44,8.34,0
2020-11-22,1,ZIHUATANEJO,514.47,478.81,35.66,0
2020-11-22,2,ZIHUATANEJO,483.12,449.49,33.63,0
2020-11-22,3,ZIHUATANEJO,479.83,448.64,31.18,0
2020-11-22,4,ZIHUATANEJO,468.72,438.6,30.12,0
2020-11-22,5,ZIHUATANEJO,452.67,426.45,26.22,0
2020-11-22,6,ZIHUATANEJO,460.25,433.07,27.18,0
2020-11-22,7,ZIHUATANEJO,456.36,429.88,26.48,0
2020-11-22,8,ZIHUATANEJO,436.09,412.7,23.4,0
2020-11-22,9,ZIHUATANEJO,413.8,391.17,22.64,0
2020-11-22,10,ZIHUATANEJO,386.11,363.44,22.67,0
2020-11-22,11,ZIHUATANEJO,412.25,388.13,24.12,0
2020-11-22,12,ZIHUATANEJO,440.47,413.94,26.53,0
2020-11-22,13,ZIHUATANEJO,441.26,413.65,27.62,0
2020-11-22,14,ZIHUATANEJO,442.72,413.93,28.79,0
2020-11-22,15,ZIHUATANEJO,438.41,409.07,29.34,0
2020-11-22,16,ZIHUATANEJO,444.53,415.35,29.19,0
2020-11-22,17,ZIHUATANEJO,445.25,414,31.26,0
2020-11-22,18,ZIHUATANEJO,489.92,456.11,33.81,0
2020-11-22,19,ZIHUATANEJO,534.53,502.36,32.17,0
2020-11-22,20,ZIHUATANEJO,541.96,509.55,32.41,0
2020-11-22,21,ZIHUATANEJO,536.64,504.84,31.8,0
2020-11-22,22,ZIHUATANEJO,557.08,513.28,43.8,0
2020-11-22,23,ZIHUATANEJO,538.49,493.1,45.39,0
2020-11-22,24,ZIHUATANEJO,496.01,456.44,39.58,0
2020-11-23,1,ACAPULCO,497.34,448.02,49.33,0
2020-11-23,2,ACAPULCO,476.14,431.06,45.08,0
2020-11-23,3,ACAPULCO,448.93,409.72,39.21,0
2020-11-23,4,ACAPULCO,439.75,402.87,36.87,0
2020-11-23,5,ACAPULCO,452.73,414.92,37.82,0
2020-11-23,6,ACAPULCO,466.53,426.42,40.1,0
2020-11-23,7,ACAPULCO,494.93,452.14,42.8,0
2020-11-23,8,ACAPULCO,505.7,461.2,44.5,0
2020-11-23,9,ACAPULCO,510.83,463.28,47.55,0
2020-11-23,10,ACAPULCO,511.7,460.52,51.1,.08
2020-11-23,11,ACAPULCO,513.79,460.71,53.06,.02
2020-11-23,12,ACAPULCO,520.17,464.86,55.27,.04
2020-11-23,13,ACAPULCO,538.97,481.56,57.42,0
2020-11-23,14,ACAPULCO,550.3,491.37,58.9,.02
2020-11-23,15,ACAPULCO,537.17,480.67,56.49,.01
2020-11-23,16,ACAPULCO,542.65,485.78,56.86,.01
2020-11-23,17,ACAPULCO,557.7,497.74,59.93,.03
2020-11-23,18,ACAPULCO,591.84,534.92,58.13,-1.21
2020-11-23,19,ACAPULCO,843.41,759.14,90.54,-6.26
2020-11-23,20,ACAPULCO,836.21,748.42,94,-6.21
2020-11-23,21,ACAPULCO,680.24,609.33,73.95,-3.03
2020-11-23,22,ACAPULCO,615.2,551.25,65.77,-1.82
2020-11-23,23,ACAPULCO,599.41,535.22,65.66,-1.47
2020-11-23,24,ACAPULCO,554.16,496.32,58.66,-.83
2020-11-23,1,AGUASCALIENTES,442.68,448.02,-5.33,0
2020-11-23,2,AGUASCALIENTES,427.03,431.06,-4.03,0
2020-11-23,3,AGUASCALIENTES,405.86,409.72,-3.86,0
2020-11-23,4,AGUASCALIENTES,399.88,402.87,-3,0
2020-11-23,5,AGUASCALIENTES,411.79,414.92,-3.12,0
2020-11-23,6,AGUASCALIENTES,422.68,426.42,-3.74,0
2020-11-23,7,AGUASCALIENTES,448.14,452.14,-4,0
2020-11-23,8,AGUASCALIENTES,457.68,461.2,-3.52,0
2020-11-23,9,AGUASCALIENTES,454.44,463.28,-8.84,0
2020-11-23,10,AGUASCALIENTES,449.57,460.52,-10.89,-.06
2020-11-23,11,AGUASCALIENTES,449.08,460.71,-11.6,-.04
2020-11-23,12,AGUASCALIENTES,454.87,464.86,-9.9,-.09
2020-11-23,13,AGUASCALIENTES,472.57,481.56,-8.99,0
2020-11-23,14,AGUASCALIENTES,483.94,491.37,-7.44,.01
2020-11-23,15,AGUASCALIENTES,472.02,480.67,-8.65,0
2020-11-23,16,AGUASCALIENTES,477.16,485.78,-8.63,0
2020-11-23,17,AGUASCALIENTES,493.03,497.74,-4.72,.01
2020-11-23,18,AGUASCALIENTES,545.72,534.92,1.51,9.29
2020-11-23,19,AGUASCALIENTES,811.55,759.14,4.59,47.82
2020-11-23,20,AGUASCALIENTES,799.84,748.42,4.54,46.88
2020-11-23,21,AGUASCALIENTES,634.5,609.33,2.33,22.85
2020-11-23,22,AGUASCALIENTES,568.07,551.25,3.12,13.71
2020-11-23,23,AGUASCALIENTES,548.39,535.22,2.1,11.07
2020-11-23,24,AGUASCALIENTES,503.24,496.32,.71,6.21
2020-11-23,1,APATZINGAN,467.08,448.02,19.07,0
2020-11-23,2,APATZINGAN,448.62,431.06,17.56,0
2020-11-23,3,APATZINGAN,423.32,409.72,13.6,0
2020-11-23,4,APATZINGAN,416,402.87,13.12,0
2020-11-23,5,APATZINGAN,428.81,414.92,13.9,0
2020-11-23,6,APATZINGAN,441.74,426.42,15.32,0
2020-11-23,7,APATZINGAN,469.79,452.14,17.65,0
2020-11-23,8,APATZINGAN,484.95,461.2,23.75,0
2020-11-23,9,APATZINGAN,490.02,463.28,26.74,0
2020-11-23,10,APATZINGAN,490.14,460.52,29.34,.28
2020-11-23,11,APATZINGAN,489.1,460.71,28.31,.08
2020-11-23,12,APATZINGAN,496.59,464.86,31.55,.18
2020-11-23,13,APATZINGAN,515.39,481.56,33.84,0
2020-11-23,14,APATZINGAN,527.53,491.37,36.01,.15
2020-11-23,15,APATZINGAN,514.91,480.67,34.15,.09
2020-11-23,16,APATZINGAN,522.72,485.78,36.85,.1
2020-11-23,17,APATZINGAN,538.94,497.74,40.97,.23
2020-11-23,18,APATZINGAN,578.63,534.92,41.75,1.97
2020-11-23,19,APATZINGAN,830.75,759.14,61.49,10.12
2020-11-23,20,APATZINGAN,823.36,748.42,65.03,9.91
2020-11-23,21,APATZINGAN,664.38,609.33,50.22,4.83
2020-11-23,22,APATZINGAN,598.59,551.25,44.44,2.9
2020-11-23,23,APATZINGAN,578.39,535.22,40.82,2.34
2020-11-23,24,APATZINGAN,530.44,496.32,32.8,1.32
2020-11-23,1,CABORCA,390.14,448.02,-57.88,0
2020-11-23,2,CABORCA,389.58,431.06,-41.48,0
2020-11-23,3,CABORCA,373.94,409.72,-35.78,0
2020-11-23,4,CABORCA,369.16,402.87,-33.72,0
2020-11-23,5,CABORCA,374.45,414.92,-40.46,0
2020-11-23,6,CABORCA,377.6,426.42,-48.82,0
2020-11-23,7,CABORCA,394.03,452.14,-58.1,0
2020-11-23,8,CABORCA,401.45,461.2,-59.74,0
2020-11-23,9,CABORCA,394.86,463.28,-68.42,0
2020-11-23,10,CABORCA,354.96,460.52,-101.38,-4.19
2020-11-23,11,CABORCA,338.57,460.71,-120.72,-1.43
2020-11-23,12,CABORCA,335.1,464.86,-126.39,-3.37
2020-11-23,13,CABORCA,358.03,481.56,-123.52,0
2020-11-23,14,CABORCA,353.54,491.37,-119.79,-18.04
2020-11-23,15,CABORCA,345.92,480.67,-123.17,-11.58
2020-11-23,16,CABORCA,348.68,485.78,-125.41,-11.68
2020-11-23,17,CABORCA,355.47,497.74,-114.22,-28.05
2020-11-23,18,CABORCA,422.02,534.92,-90.59,-22.31
2020-11-23,19,CABORCA,576.37,759.14,-68.21,-114.56
2020-11-23,20,CABORCA,576.38,748.42,-59.88,-112.16
2020-11-23,21,CABORCA,499.53,609.33,-55.12,-54.68
2020-11-23,22,CABORCA,478.8,551.25,-39.64,-32.81
2020-11-23,23,CABORCA,468.34,535.22,-40.37,-26.51
2020-11-23,24,CABORCA,438.53,496.32,-42.83,-14.96
2020-11-23,1,CAMARGO,405.14,448.02,-42.88,0
2020-11-23,2,CAMARGO,400.34,431.06,-30.72,0
2020-11-23,3,CAMARGO,383.25,409.72,-26.47,0
2020-11-23,4,CAMARGO,380.12,402.87,-22.76,0
2020-11-23,5,CAMARGO,385.68,414.92,-29.24,0
2020-11-23,6,CAMARGO,391.33,426.42,-35.09,0
2020-11-23,7,CAMARGO,410.66,452.14,-41.47,0
2020-11-23,8,CAMARGO,422.57,461.2,-38.62,0
2020-11-23,9,CAMARGO,417.09,463.28,-46.19,0
2020-11-23,10,CAMARGO,402.35,460.52,-55.58,-2.59
2020-11-23,11,CAMARGO,397.5,460.71,-62.32,-.89
2020-11-23,12,CAMARGO,404.23,464.86,-58.59,-2.04
2020-11-23,13,CAMARGO,418.12,481.56,-63.43,0
2020-11-23,14,CAMARGO,425.21,491.37,-61.03,-5.13
2020-11-23,15,CAMARGO,416.09,480.67,-61.28,-3.3
2020-11-23,16,CAMARGO,417.93,485.78,-64.52,-3.33
2020-11-23,17,CAMARGO,443.45,497.74,-46.3,-7.98
2020-11-23,18,CAMARGO,465.09,534.92,-33.62,-36.2
2020-11-23,19,CAMARGO,538.71,759.14,-34.14,-186.29
2020-11-23,20,CAMARGO,526.01,748.42,-40.01,-182.4
2020-11-23,21,CAMARGO,481.66,609.33,-38.74,-88.92
2020-11-23,22,CAMARGO,465.55,551.25,-32.34,-53.36
2020-11-23,23,CAMARGO,459.58,535.22,-32.53,-43.12
2020-11-23,24,CAMARGO,438.64,496.32,-33.36,-24.32
2020-11-23,1,CAMPECHE,482.28,448.02,34.26,0
2020-11-23,2,CAMPECHE,458.65,431.06,27.59,0
2020-11-23,3,CAMPECHE,445.05,409.72,35.34,0
2020-11-23,4,CAMPECHE,431.82,402.87,28.94,0
2020-11-23,5,CAMPECHE,435.34,414.92,20.42,0
2020-11-23,6,CAMPECHE,441.53,426.42,15.1,0
2020-11-23,7,CAMPECHE,477.54,452.14,25.41,0
2020-11-23,8,CAMPECHE,487.76,461.2,26.56,0
2020-11-23,9,CAMPECHE,504.25,463.28,40.97,0
2020-11-23,10,CAMPECHE,506.23,460.52,45.74,-.02
2020-11-23,11,CAMPECHE,517.33,460.71,56.63,-.01
2020-11-23,12,CAMPECHE,512.02,464.86,47.18,-.03
2020-11-23,13,CAMPECHE,535.5,481.56,53.95,0
2020-11-23,14,CAMPECHE,541.5,491.37,50.16,-.03
2020-11-23,15,CAMPECHE,527.98,480.67,47.33,-.02
2020-11-23,16,CAMPECHE,537.45,485.78,51.7,-.02
2020-11-23,17,CAMPECHE,541.52,497.74,43.83,-.05
2020-11-23,18,CAMPECHE,565.86,534.92,33.27,-2.32
2020-11-23,19,CAMPECHE,802.72,759.14,55.54,-11.95
2020-11-23,20,CAMPECHE,788.07,748.42,51.46,-11.8
2020-11-23,21,CAMPECHE,639.42,609.33,35.85,-5.75
2020-11-23,22,CAMPECHE,581.91,551.25,34.11,-3.45
2020-11-23,23,CAMPECHE,570.54,535.22,38.11,-2.79
2020-11-23,24,CAMPECHE,536.03,496.32,41.29,-1.57
2020-11-23,1,CANCUN,478.58,448.02,30.56,0
2020-11-23,2,CANCUN,457.06,431.06,26,0
2020-11-23,3,CANCUN,451.13,409.72,41.41,0
2020-11-23,4,CANCUN,437.68,402.87,34.8,0
2020-11-23,5,CANCUN,437.14,414.92,22.22,0
2020-11-23,6,CANCUN,440.6,426.42,14.17,0
2020-11-23,7,CANCUN,469.79,452.14,17.66,0
2020-11-23,8,CANCUN,479.53,461.2,18.33,0
2020-11-23,9,CANCUN,487.4,463.28,24.12,0
2020-11-23,10,CANCUN,492.69,460.52,32.19,-.02
2020-11-23,11,CANCUN,513.06,460.71,52.37,-.01
2020-11-23,12,CANCUN,494.04,464.86,29.21,-.03
2020-11-23,13,CANCUN,522.22,481.56,40.67,0
2020-11-23,14,CANCUN,533.25,491.37,41.91,-.03
2020-11-23,15,CANCUN,513.72,480.67,33.08,-.02
2020-11-23,16,CANCUN,523.48,485.78,37.72,-.02
2020-11-23,17,CANCUN,527.22,497.74,29.53,-.05
2020-11-23,18,CANCUN,559.75,534.92,27.16,-2.32
2020-11-23,19,CANCUN,790.78,759.14,43.59,-11.95
2020-11-23,20,CANCUN,775.33,748.42,38.71,-11.8
2020-11-23,21,CANCUN,629.78,609.33,26.2,-5.75
2020-11-23,22,CANCUN,572.94,551.25,25.15,-3.45
2020-11-23,23,CANCUN,560.98,535.22,28.55,-2.79
2020-11-23,24,CANCUN,529.8,496.32,35.06,-1.57
2020-11-23,1,CARMEN,503.24,448.02,55.22,0
2020-11-23,2,CARMEN,477.48,431.06,46.42,0
2020-11-23,3,CARMEN,460.37,409.72,50.65,0
2020-11-23,4,CARMEN,446.05,402.87,43.18,0
2020-11-23,5,CARMEN,450.31,414.92,35.4,0
2020-11-23,6,CARMEN,456.9,426.42,30.48,0
2020-11-23,7,CARMEN,491.63,452.14,39.5,0
2020-11-23,8,CARMEN,502.03,461.2,40.83,0
2020-11-23,9,CARMEN,521.53,463.28,58.25,0
2020-11-23,10,CARMEN,524.09,460.52,63.59,-.02
2020-11-23,11,CARMEN,534.27,460.71,73.57,-.01
2020-11-23,12,CARMEN,531.34,464.86,66.51,-.03
2020-11-23,13,CARMEN,554.77,481.56,73.21,0
2020-11-23,14,CARMEN,558.56,491.37,67.22,-.03
2020-11-23,15,CARMEN,545.64,480.67,65,-.02
2020-11-23,16,CARMEN,555.23,485.78,69.47,-.02
2020-11-23,17,CARMEN,559.62,497.74,61.93,-.05
2020-11-23,18,CARMEN,588.8,534.92,56.2,-2.32
2020-11-23,19,CARMEN,838.51,759.14,91.32,-11.95
2020-11-23,20,CARMEN,824.15,748.42,87.53,-11.8
2020-11-23,21,CARMEN,669.08,609.33,65.51,-5.75
2020-11-23,22,CARMEN,609.72,551.25,61.93,-3.45
2020-11-23,23,CARMEN,598.09,535.22,65.65,-2.79
2020-11-23,24,CARMEN,560.24,496.32,65.49,-1.57
2020-11-23,1,CASAS GRANDES,369.48,448.02,-78.54,0
2020-11-23,2,CASAS GRANDES,369.44,431.06,-61.62,0
2020-11-23,3,CASAS GRANDES,354.27,409.72,-55.45,0
2020-11-23,4,CASAS GRANDES,351.36,402.87,-51.51,0
2020-11-23,5,CASAS GRANDES,355.21,414.92,-59.71,0
2020-11-23,6,CASAS GRANDES,358.75,426.42,-67.67,0
2020-11-23,7,CASAS GRANDES,374.3,452.14,-77.84,0
2020-11-23,8,CASAS GRANDES,385.01,461.2,-76.19,0
2020-11-23,9,CASAS GRANDES,381.21,463.28,-82.08,0
2020-11-23,10,CASAS GRANDES,364.88,460.52,-92.54,-3.1
2020-11-23,11,CASAS GRANDES,357.19,460.71,-102.46,-1.06
2020-11-23,12,CASAS GRANDES,358.78,464.86,-103.58,-2.51
2020-11-23,13,CASAS GRANDES,371.31,481.56,-110.25,0
2020-11-23,14,CASAS GRANDES,374.07,491.37,-106.89,-10.41
2020-11-23,15,CASAS GRANDES,368.05,480.67,-105.95,-6.67
2020-11-23,16,CASAS GRANDES,368.63,485.78,-110.42,-6.73
2020-11-23,17,CASAS GRANDES,388.68,497.74,-92.91,-16.14
2020-11-23,18,CASAS GRANDES,418.29,534.92,-85.2,-31.43
2020-11-23,19,CASAS GRANDES,497.72,759.14,-99.63,-161.79
2020-11-23,20,CASAS GRANDES,489.65,748.42,-100.26,-158.51
2020-11-23,21,CASAS GRANDES,443.16,609.33,-88.83,-77.33
2020-11-23,22,CASAS GRANDES,430.7,551.25,-74.14,-46.41
2020-11-23,23,CASAS GRANDES,424.95,535.22,-72.77,-37.51
2020-11-23,24,CASAS GRANDES,404.46,496.32,-70.67,-21.18
2020-11-23,1,CELAYA,451.49,448.02,3.48,0
2020-11-23,2,CELAYA,434.81,431.06,3.75,0
2020-11-23,3,CELAYA,412.4,409.72,2.68,0
2020-11-23,4,CELAYA,406.01,402.87,3.13,0
2020-11-23,5,CELAYA,418.09,414.92,3.17,0
2020-11-23,6,CELAYA,430.28,426.42,3.86,0
2020-11-23,7,CELAYA,456.49,452.14,4.36,0
2020-11-23,8,CELAYA,466.4,461.2,5.2,0
2020-11-23,9,CELAYA,468.19,463.28,4.91,0
2020-11-23,10,CELAYA,465.6,460.52,5.06,.03
2020-11-23,11,CELAYA,465.44,460.71,4.72,.01
2020-11-23,12,CELAYA,469.6,464.86,4.73,.02
2020-11-23,13,CELAYA,486.8,481.56,5.25,0
2020-11-23,14,CELAYA,497.77,491.37,6.37,.02
2020-11-23,15,CELAYA,486.32,480.67,5.64,.01
2020-11-23,16,CELAYA,491.75,485.78,5.96,.01
2020-11-23,17,CELAYA,504.89,497.74,7.12,.04
2020-11-23,18,CELAYA,545.28,534.92,8.9,1.47
2020-11-23,19,CELAYA,777.29,759.14,10.9,7.24
2020-11-23,20,CELAYA,765.47,748.42,10.21,6.84
2020-11-23,21,CELAYA,621.51,609.33,8.74,3.45
2020-11-23,22,CELAYA,561.55,551.25,8.2,2.1
2020-11-23,23,CELAYA,545.02,535.22,8.09,1.72
2020-11-23,24,CELAYA,504.5,496.32,7.2,.98
2020-11-23,1,CENTRO ORIENTE,464.56,448.02,16.54,0
2020-11-23,2,CENTRO ORIENTE,444.62,431.06,13.56,0
2020-11-23,3,CENTRO ORIENTE,422.86,409.72,13.14,0
2020-11-23,4,CENTRO ORIENTE,414.85,402.87,11.98,0
2020-11-23,5,CENTRO ORIENTE,426.49,414.92,11.58,0
2020-11-23,6,CENTRO ORIENTE,438.93,426.42,12.51,0
2020-11-23,7,CENTRO ORIENTE,467.65,452.14,15.51,0
2020-11-23,8,CENTRO ORIENTE,476.98,461.2,15.78,0
2020-11-23,9,CENTRO ORIENTE,481.5,463.28,18.21,0
2020-11-23,10,CENTRO ORIENTE,479.59,460.52,19.08,-.01
2020-11-23,11,CENTRO ORIENTE,480.95,460.71,20.25,-.01
2020-11-23,12,CENTRO ORIENTE,484.55,464.86,19.71,-.02
2020-11-23,13,CENTRO ORIENTE,501.19,481.56,19.63,0
2020-11-23,14,CENTRO ORIENTE,510.97,491.37,19.62,-.02
2020-11-23,15,CENTRO ORIENTE,500.02,480.67,19.37,-.01
2020-11-23,16,CENTRO ORIENTE,505.91,485.78,20.15,-.02
2020-11-23,17,CENTRO ORIENTE,516.7,497.74,19,-.04
2020-11-23,18,CENTRO ORIENTE,550.35,534.92,17.21,-1.78
2020-11-23,19,CENTRO ORIENTE,778.92,759.14,28.97,-9.19
2020-11-23,20,CENTRO ORIENTE,770.96,748.42,31.63,-9.09
2020-11-23,21,CENTRO ORIENTE,630.41,609.33,25.51,-4.43
2020-11-23,22,CENTRO ORIENTE,570.02,551.25,21.43,-2.65
2020-11-23,23,CENTRO ORIENTE,553.06,535.22,19.98,-2.14
2020-11-23,24,CENTRO ORIENTE,512.75,496.32,17.65,-1.22
2020-11-23,1,CENTRO SUR,473.12,448.02,25.11,0
2020-11-23,2,CENTRO SUR,453.13,431.06,22.07,0
2020-11-23,3,CENTRO SUR,430.36,409.72,20.64,0
2020-11-23,4,CENTRO SUR,422.38,402.87,19.51,0
2020-11-23,5,CENTRO SUR,434.47,414.92,19.55,0
2020-11-23,6,CENTRO SUR,447.55,426.42,21.13,0
2020-11-23,7,CENTRO SUR,476.97,452.14,24.84,0
2020-11-23,8,CENTRO SUR,486.64,461.2,25.44,0
2020-11-23,9,CENTRO SUR,491.05,463.28,27.76,0
2020-11-23,10,CENTRO SUR,489.59,460.52,29.02,.05
2020-11-23,11,CENTRO SUR,490.8,460.71,30.08,.01
2020-11-23,12,CENTRO SUR,494.62,464.86,29.74,.03
2020-11-23,13,CENTRO SUR,511.46,481.56,29.91,0
2020-11-23,14,CENTRO SUR,521.69,491.37,30.31,.01
2020-11-23,15,CENTRO SUR,509.46,480.67,28.79,.01
2020-11-23,16,CENTRO SUR,515.82,485.78,30.04,.01
2020-11-23,17,CENTRO SUR,528.28,497.74,30.53,.02
2020-11-23,18,CENTRO SUR,562,534.92,28.25,-1.16
2020-11-23,19,CENTRO SUR,793.89,759.14,40.73,-5.98
2020-11-23,20,CENTRO SUR,783.83,748.42,41.34,-5.93
2020-11-23,21,CENTRO SUR,640.16,609.33,33.73,-2.89
2020-11-23,22,CENTRO SUR,580.1,551.25,30.58,-1.74
2020-11-23,23,CENTRO SUR,564.72,535.22,30.89,-1.4
2020-11-23,24,CENTRO SUR,523.42,496.32,27.89,-.79
2020-11-23,1,CHETUMAL,482.56,448.02,34.54,0
2020-11-23,2,CHETUMAL,459.02,431.06,27.96,0
2020-11-23,3,CHETUMAL,445.47,409.72,35.75,0
2020-11-23,4,CHETUMAL,432.38,402.87,29.51,0
2020-11-23,5,CHETUMAL,436.11,414.92,21.2,0
2020-11-23,6,CHETUMAL,442.72,426.42,16.3,0
2020-11-23,7,CHETUMAL,474.57,452.14,22.43,0
2020-11-23,8,CHETUMAL,484.67,461.2,23.47,0
2020-11-23,9,CHETUMAL,511.09,463.28,47.81,0
2020-11-23,10,CHETUMAL,512.97,460.52,52.47,-.02
2020-11-23,11,CHETUMAL,523.48,460.71,62.79,-.01
2020-11-23,12,CHETUMAL,519.87,464.86,55.03,-.03
2020-11-23,13,CHETUMAL,542.48,481.56,60.93,0
2020-11-23,14,CHETUMAL,536.89,491.37,45.55,-.03
2020-11-23,15,CHETUMAL,523.26,480.67,42.61,-.02
2020-11-23,16,CHETUMAL,533,485.78,47.24,-.02
2020-11-23,17,CHETUMAL,537.54,497.74,39.85,-.05
2020-11-23,18,CHETUMAL,569.7,534.92,37.1,-2.32
2020-11-23,19,CHETUMAL,809.14,759.14,61.95,-11.95
2020-11-23,20,CHETUMAL,794.06,748.42,57.44,-11.8
2020-11-23,21,CHETUMAL,643.75,609.33,40.17,-5.75
2020-11-23,22,CHETUMAL,585.33,551.25,37.53,-3.45
2020-11-23,23,CHETUMAL,572.98,535.22,40.55,-2.79
2020-11-23,24,CHETUMAL,537.6,496.32,42.85,-1.57
2020-11-23,1,CHIHUAHUA,378.02,448.02,-70,0
2020-11-23,2,CHIHUAHUA,375.66,431.06,-55.4,0
2020-11-23,3,CHIHUAHUA,359.92,409.72,-49.8,0
2020-11-23,4,CHIHUAHUA,357.19,402.87,-45.68,0
2020-11-23,5,CHIHUAHUA,361.88,414.92,-53.03,0
2020-11-23,6,CHIHUAHUA,366.43,426.42,-59.99,0
2020-11-23,7,CHIHUAHUA,383.79,452.14,-68.35,0
2020-11-23,8,CHIHUAHUA,395.84,461.2,-65.36,0
2020-11-23,9,CHIHUAHUA,392.06,463.28,-71.22,0
2020-11-23,10,CHIHUAHUA,378.68,460.52,-79.22,-2.62
2020-11-23,11,CHIHUAHUA,373.24,460.71,-86.57,-.9
2020-11-23,12,CHIHUAHUA,379.06,464.86,-83.74,-2.06
2020-11-23,13,CHIHUAHUA,390.45,481.56,-91.1,0
2020-11-23,14,CHIHUAHUA,397.02,491.37,-88.03,-6.32
2020-11-23,15,CHIHUAHUA,389.77,480.67,-86.84,-4.06
2020-11-23,16,CHIHUAHUA,389.77,485.78,-91.92,-4.09
2020-11-23,17,CHIHUAHUA,413.89,497.74,-74.03,-9.82
2020-11-23,18,CHIHUAHUA,434.61,534.92,-64.2,-36.11
2020-11-23,19,CHIHUAHUA,496.11,759.14,-77.21,-185.83
2020-11-23,20,CHIHUAHUA,482.56,748.42,-83.92,-181.95
2020-11-23,21,CHIHUAHUA,444.93,609.33,-75.7,-88.71
2020-11-23,22,CHIHUAHUA,432.53,551.25,-65.49,-53.23
2020-11-23,23,CHIHUAHUA,427.62,535.22,-64.59,-43.01
2020-11-23,24,CHIHUAHUA,409.24,496.32,-62.82,-24.26
2020-11-23,1,CHILPANCINGO,494.98,448.02,46.96,0
2020-11-23,2,CHILPANCINGO,473.64,431.06,42.58,0
2020-11-23,3,CHILPANCINGO,447.72,409.72,38,0
2020-11-23,4,CHILPANCINGO,438.7,402.87,35.82,0
2020-11-23,5,CHILPANCINGO,451.33,414.92,36.41,0
2020-11-23,6,CHILPANCINGO,464.77,426.42,38.35,0
2020-11-23,7,CHILPANCINGO,494.56,452.14,42.42,0
2020-11-23,8,CHILPANCINGO,505.03,461.2,43.84,0
2020-11-23,9,CHILPANCINGO,510.67,463.28,47.39,0
2020-11-23,10,CHILPANCINGO,511.04,460.52,50.46,.06
2020-11-23,11,CHILPANCINGO,513.03,460.71,52.31,.01
2020-11-23,12,CHILPANCINGO,518.53,464.86,53.64,.02
2020-11-23,13,CHILPANCINGO,537.28,481.56,55.73,0
2020-11-23,14,CHILPANCINGO,548.52,491.37,57.14,.01
2020-11-23,15,CHILPANCINGO,535.97,480.67,55.3,.01
2020-11-23,16,CHILPANCINGO,540.74,485.78,54.96,.01
2020-11-23,17,CHILPANCINGO,555.77,497.74,58.02,.02
2020-11-23,18,CHILPANCINGO,590.12,534.92,56.6,-1.39
2020-11-23,19,CHILPANCINGO,841.38,759.14,89.37,-7.14
2020-11-23,20,CHILPANCINGO,833.64,748.42,92.28,-7.06
2020-11-23,21,CHILPANCINGO,678.09,609.33,72.2,-3.44
2020-11-23,22,CHILPANCINGO,612.81,551.25,63.63,-2.07
2020-11-23,23,CHILPANCINGO,595.82,535.22,62.27,-1.67
2020-11-23,24,CHILPANCINGO,551.09,496.32,55.71,-.94
2020-11-23,1,CHONTALPA,455.46,448.02,7.44,0
2020-11-23,2,CHONTALPA,432.75,431.06,1.69,0
2020-11-23,3,CHONTALPA,415.92,409.72,6.2,0
2020-11-23,4,CHONTALPA,403.74,402.87,.86,0
2020-11-23,5,CHONTALPA,410.4,414.92,-4.51,0
2020-11-23,6,CHONTALPA,418.96,426.42,-7.46,0
2020-11-23,7,CHONTALPA,449.64,452.14,-2.5,0
2020-11-23,8,CHONTALPA,458.79,461.2,-2.41,0
2020-11-23,9,CHONTALPA,469.08,463.28,5.8,0
2020-11-23,10,CHONTALPA,467.8,460.52,7.3,-.02
2020-11-23,11,CHONTALPA,474.31,460.71,13.61,-.01
2020-11-23,12,CHONTALPA,472.13,464.86,7.3,-.03
2020-11-23,13,CHONTALPA,491.97,481.56,10.42,0
2020-11-23,14,CHONTALPA,501.83,491.37,10.49,-.03
2020-11-23,15,CHONTALPA,490.44,480.67,9.79,-.02
2020-11-23,16,CHONTALPA,499.57,485.78,13.82,-.02
2020-11-23,17,CHONTALPA,503.05,497.74,5.36,-.05
2020-11-23,18,CHONTALPA,530.5,534.92,-2.1,-2.32
2020-11-23,19,CHONTALPA,752.4,759.14,5.21,-11.95
2020-11-23,20,CHONTALPA,740.56,748.42,3.95,-11.8
2020-11-23,21,CHONTALPA,600.36,609.33,-3.21,-5.75
2020-11-23,22,CHONTALPA,547.8,551.25,.01,-3.45
2020-11-23,23,CHONTALPA,538.54,535.22,6.11,-2.79
2020-11-23,24,CHONTALPA,505.38,496.32,10.63,-1.57
2020-11-23,1,CIENEGA,450.97,448.02,2.96,0
2020-11-23,2,CIENEGA,434.14,431.06,3.08,0
2020-11-23,3,CIENEGA,410.97,409.72,1.25,0
2020-11-23,4,CIENEGA,404.39,402.87,1.51,0
2020-11-23,5,CIENEGA,416.57,414.92,1.65,0
2020-11-23,6,CIENEGA,427.9,426.42,1.48,0
2020-11-23,7,CIENEGA,454.52,452.14,2.38,0
2020-11-23,8,CIENEGA,467.25,461.2,6.05,0
2020-11-23,9,CIENEGA,467.95,463.28,4.67,0
2020-11-23,10,CIENEGA,465.92,460.52,4.77,.63
2020-11-23,11,CIENEGA,466.46,460.71,5.58,.17
2020-11-23,12,CIENEGA,472.83,464.86,7.58,.39
2020-11-23,13,CIENEGA,490.66,481.56,9.11,0
2020-11-23,14,CIENEGA,503.02,491.37,11.33,.32
2020-11-23,15,CIENEGA,490.79,480.67,9.92,.2
2020-11-23,16,CIENEGA,497.52,485.78,11.54,.21
2020-11-23,17,CIENEGA,513.87,497.74,15.64,.49
2020-11-23,18,CIENEGA,554.49,534.92,17.38,2.19
2020-11-23,19,CIENEGA,793.57,759.14,23.13,11.31
2020-11-23,20,CIENEGA,783.47,748.42,23.96,11.1
2020-11-23,21,CIENEGA,632.73,609.33,18.01,5.39
2020-11-23,22,CIENEGA,573.78,551.25,19.29,3.23
2020-11-23,23,CIENEGA,555.97,535.22,18.14,2.61
2020-11-23,24,CIENEGA,511.96,496.32,14.17,1.47
2020-11-23,1,COATZACOALCOS,455.3,448.02,7.29,0
2020-11-23,2,COATZACOALCOS,433.39,431.06,2.33,0
2020-11-23,3,COATZACOALCOS,415.19,409.72,5.47,0
2020-11-23,4,COATZACOALCOS,404.39,402.87,1.51,0
2020-11-23,5,COATZACOALCOS,412.52,414.92,-2.39,0
2020-11-23,6,COATZACOALCOS,422.27,426.42,-4.15,0
2020-11-23,7,COATZACOALCOS,453.82,452.14,1.68,0
2020-11-23,8,COATZACOALCOS,463.52,461.2,2.32,0
2020-11-23,9,COATZACOALCOS,471.33,463.28,8.05,0
2020-11-23,10,COATZACOALCOS,469.92,460.52,9.43,-.02
2020-11-23,11,COATZACOALCOS,474.4,460.71,13.7,-.01
2020-11-23,12,COATZACOALCOS,474.32,464.86,9.49,-.03
2020-11-23,13,COATZACOALCOS,492.91,481.56,11.36,0
2020-11-23,14,COATZACOALCOS,502.98,491.37,11.64,-.03
2020-11-23,15,COATZACOALCOS,491.98,480.67,11.34,-.02
2020-11-23,16,COATZACOALCOS,500.19,485.78,14.44,-.02
2020-11-23,17,COATZACOALCOS,506.08,497.74,8.39,-.05
2020-11-23,18,COATZACOALCOS,533.55,534.92,.96,-2.33
2020-11-23,19,COATZACOALCOS,753.8,759.14,6.62,-11.96
2020-11-23,20,COATZACOALCOS,741.69,748.42,5.08,-11.81
2020-11-23,21,COATZACOALCOS,601.98,609.33,-1.59,-5.76
2020-11-23,22,COATZACOALCOS,548.77,551.25,.98,-3.46
2020-11-23,23,COATZACOALCOS,538.68,535.22,6.25,-2.79
2020-11-23,24,COATZACOALCOS,503.69,496.32,8.95,-1.58
2020-11-23,1,COLIMA,451.46,448.02,3.44,0
2020-11-23,2,COLIMA,434.85,431.06,3.79,0
2020-11-23,3,COLIMA,411.43,409.72,1.71,0
2020-11-23,4,COLIMA,404.73,402.87,1.86,0
2020-11-23,5,COLIMA,416.97,414.92,2.06,0
2020-11-23,6,COLIMA,428.37,426.42,1.95,0
2020-11-23,7,COLIMA,454.39,452.14,2.25,0
2020-11-23,8,COLIMA,467.2,461.2,6,0
2020-11-23,9,COLIMA,468.14,463.28,4.86,0
2020-11-23,10,COLIMA,466.44,460.52,5.28,.64
2020-11-23,11,COLIMA,466.91,460.71,6.03,.17
2020-11-23,12,COLIMA,473.26,464.86,8.01,.39
2020-11-23,13,COLIMA,490.17,481.56,8.61,0
2020-11-23,14,COLIMA,502.38,491.37,10.7,.31
2020-11-23,15,COLIMA,490.07,480.67,9.21,.2
2020-11-23,16,COLIMA,496.39,485.78,10.41,.2
2020-11-23,17,COLIMA,512.18,497.74,13.95,.49
2020-11-23,18,COLIMA,551.31,534.92,14.45,1.95
2020-11-23,19,COLIMA,787.52,759.14,18.36,10.02
2020-11-23,20,COLIMA,777.31,748.42,19.06,9.83
2020-11-23,21,COLIMA,628.02,609.33,13.9,4.79
2020-11-23,22,COLIMA,569.68,551.25,15.56,2.88
2020-11-23,23,COLIMA,553.51,535.22,15.97,2.32
2020-11-23,24,COLIMA,510.18,496.32,12.54,1.31
2020-11-23,1,CORDOBA,454.39,448.02,6.38,0
2020-11-23,2,CORDOBA,433.59,431.06,2.53,0
2020-11-23,3,CORDOBA,413.65,409.72,3.93,0
2020-11-23,4,CORDOBA,404.34,402.87,1.46,0
2020-11-23,5,CORDOBA,414.28,414.92,-.63,0
2020-11-23,6,CORDOBA,425.46,426.42,-.97,0
2020-11-23,7,CORDOBA,456.92,452.14,4.78,0
2020-11-23,8,CORDOBA,466.35,461.2,5.15,0
2020-11-23,9,CORDOBA,472.4,463.28,9.12,0
2020-11-23,10,CORDOBA,471.76,460.52,11.26,-.03
2020-11-23,11,CORDOBA,474.28,460.71,13.59,-.02
2020-11-23,12,CORDOBA,476.53,464.86,11.7,-.03
2020-11-23,13,CORDOBA,493.93,481.56,12.37,0
2020-11-23,14,CORDOBA,503.67,491.37,12.33,-.04
2020-11-23,15,CORDOBA,493.35,480.67,12.71,-.02
2020-11-23,16,CORDOBA,499.28,485.78,13.52,-.02
2020-11-23,17,CORDOBA,508.41,497.74,10.73,-.06
2020-11-23,18,CORDOBA,538.58,534.92,6.13,-2.46
2020-11-23,19,CORDOBA,761.79,759.14,15.31,-12.66
2020-11-23,20,CORDOBA,752,748.42,16.08,-12.5
2020-11-23,21,CORDOBA,612.98,609.33,9.74,-6.09
2020-11-23,22,CORDOBA,556.33,551.25,8.73,-3.66
2020-11-23,23,CORDOBA,542.26,535.22,9.99,-2.96
2020-11-23,24,CORDOBA,504.27,496.32,9.62,-1.67
2020-11-23,1,CUAUHTEMOC,392.44,448.02,-55.58,0
2020-11-23,2,CUAUHTEMOC,389.66,431.06,-41.4,0
2020-11-23,3,CUAUHTEMOC,374.19,409.72,-35.53,0
2020-11-23,4,CUAUHTEMOC,370.53,402.87,-32.35,0
2020-11-23,5,CUAUHTEMOC,376.43,414.92,-38.49,0
2020-11-23,6,CUAUHTEMOC,381.71,426.42,-44.72,0
2020-11-23,7,CUAUHTEMOC,399.49,452.14,-52.65,0
2020-11-23,8,CUAUHTEMOC,411.04,461.2,-50.16,0
2020-11-23,9,CUAUHTEMOC,407.44,463.28,-55.85,0
2020-11-23,10,CUAUHTEMOC,394.34,460.52,-63.57,-2.61
2020-11-23,11,CUAUHTEMOC,388.71,460.71,-71.11,-.9
2020-11-23,12,CUAUHTEMOC,394.42,464.86,-68.39,-2.05
2020-11-23,13,CUAUHTEMOC,407.06,481.56,-74.49,0
2020-11-23,14,CUAUHTEMOC,414.52,491.37,-70.6,-6.25
2020-11-23,15,CUAUHTEMOC,406.55,480.67,-70.11,-4.01
2020-11-23,16,CUAUHTEMOC,405.89,485.78,-75.84,-4.05
2020-11-23,17,CUAUHTEMOC,430.38,497.74,-57.64,-9.72
2020-11-23,18,CUAUHTEMOC,451.76,534.92,-46.93,-36.22
2020-11-23,19,CUAUHTEMOC,518.99,759.14,-53.75,-186.39
2020-11-23,20,CUAUHTEMOC,504.77,748.42,-61.15,-182.5
2020-11-23,21,CUAUHTEMOC,462.4,609.33,-57.95,-88.97
2020-11-23,22,CUAUHTEMOC,448.31,551.25,-49.54,-53.39
2020-11-23,23,CUAUHTEMOC,443.01,535.22,-49.07,-43.14
2020-11-23,24,CUAUHTEMOC,424.2,496.32,-47.78,-24.34
2020-11-23,1,CUAUTLA,471.19,448.02,23.17,0
2020-11-23,2,CUAUTLA,450.27,431.06,19.21,0
2020-11-23,3,CUAUTLA,428.41,409.72,18.69,0
2020-11-23,4,CUAUTLA,419.69,402.87,16.82,0
2020-11-23,5,CUAUTLA,430.89,414.92,15.97,0
2020-11-23,6,CUAUTLA,443.35,426.42,16.93,0
2020-11-23,7,CUAUTLA,473.83,452.14,21.7,0
2020-11-23,8,CUAUTLA,483.54,461.2,22.34,0
2020-11-23,9,CUAUTLA,489.36,463.28,26.08,0
2020-11-23,10,CUAUTLA,488.46,460.52,27.95,0
2020-11-23,11,CUAUTLA,490.58,460.71,29.88,-.01
2020-11-23,12,CUAUTLA,493.65,464.86,28.8,-.01
2020-11-23,13,CUAUTLA,511.43,481.56,29.87,0
2020-11-23,14,CUAUTLA,521.62,491.37,30.27,-.02
2020-11-23,15,CUAUTLA,510.54,480.67,29.89,-.01
2020-11-23,16,CUAUTLA,516.56,485.78,30.79,-.01
2020-11-23,17,CUAUTLA,527.45,497.74,29.74,-.03
2020-11-23,18,CUAUTLA,560.48,534.92,27.52,-1.96
2020-11-23,19,CUAUTLA,794.25,759.14,45.18,-10.07
2020-11-23,20,CUAUTLA,784.52,748.42,46.05,-9.94
2020-11-23,21,CUAUTLA,639.29,609.33,34.81,-4.85
2020-11-23,22,CUAUTLA,578.9,551.25,30.56,-2.91
2020-11-23,23,CUAUTLA,562.45,535.22,29.58,-2.35
2020-11-23,24,CUAUTLA,521.71,496.32,26.71,-1.33
2020-11-23,1,CUERNAVACA,470.63,448.02,22.61,0
2020-11-23,2,CUERNAVACA,449.83,431.06,18.77,0
2020-11-23,3,CUERNAVACA,427.63,409.72,17.92,0
2020-11-23,4,CUERNAVACA,418.94,402.87,16.06,0
2020-11-23,5,CUERNAVACA,430.37,414.92,15.46,0
2020-11-23,6,CUERNAVACA,442.94,426.42,16.52,0
2020-11-23,7,CUERNAVACA,472.78,452.14,20.64,0
2020-11-23,8,CUERNAVACA,482.36,461.2,21.17,0
2020-11-23,9,CUERNAVACA,487.91,463.28,24.63,0
2020-11-23,10,CUERNAVACA,487.15,460.52,26.62,.01
2020-11-23,11,CUERNAVACA,489.28,460.71,28.57,0
2020-11-23,12,CUERNAVACA,492.7,464.86,27.85,-.01
2020-11-23,13,CUERNAVACA,510.28,481.56,28.72,0
2020-11-23,14,CUERNAVACA,520.63,491.37,29.28,-.01
2020-11-23,15,CUERNAVACA,509.41,480.67,28.75,-.01
2020-11-23,16,CUERNAVACA,515.31,485.78,29.54,-.01
2020-11-23,17,CUERNAVACA,526.72,497.74,29.01,-.02
2020-11-23,18,CUERNAVACA,559.46,534.92,26.39,-1.85
2020-11-23,19,CUERNAVACA,792.34,759.14,42.72,-9.52
2020-11-23,20,CUERNAVACA,782.69,748.42,43.67,-9.4
2020-11-23,21,CUERNAVACA,637.91,609.33,33.17,-4.58
2020-11-23,22,CUERNAVACA,577.59,551.25,29.09,-2.75
2020-11-23,23,CUERNAVACA,561.83,535.22,28.84,-2.22
2020-11-23,24,CUERNAVACA,521.15,496.32,26.08,-1.25
2020-11-23,1,CULIACAN,406.23,448.02,-41.78,0
2020-11-23,2,CULIACAN,394.78,431.06,-36.28,0
2020-11-23,3,CULIACAN,375.81,409.72,-33.91,0
2020-11-23,4,CULIACAN,369.95,402.87,-32.93,0
2020-11-23,5,CULIACAN,377.14,414.92,-37.77,0
2020-11-23,6,CULIACAN,382.38,426.42,-44.04,0
2020-11-23,7,CULIACAN,401.55,452.14,-50.59,0
2020-11-23,8,CULIACAN,409.39,461.2,-51.81,0
2020-11-23,9,CULIACAN,405.69,463.28,-57.59,0
2020-11-23,10,CULIACAN,394.7,460.52,-60.72,-5.1
2020-11-23,11,CULIACAN,395.69,460.71,-63.28,-1.74
2020-11-23,12,CULIACAN,397.85,464.86,-62.95,-4.06
2020-11-23,13,CULIACAN,419.57,481.56,-61.98,0
2020-11-23,14,CULIACAN,437.42,491.37,-57.31,3.36
2020-11-23,15,CULIACAN,425.13,480.67,-57.7,2.16
2020-11-23,16,CULIACAN,431.8,485.78,-56.16,2.18
2020-11-23,17,CULIACAN,454.89,497.74,-48.08,5.23
2020-11-23,18,CULIACAN,472.46,534.92,-47.5,-14.96
2020-11-23,19,CULIACAN,624.24,759.14,-57.93,-76.97
2020-11-23,20,CULIACAN,619.36,748.42,-53.71,-75.35
2020-11-23,21,CULIACAN,525.82,609.33,-46.77,-36.74
2020-11-23,22,CULIACAN,494.9,551.25,-34.31,-22.04
2020-11-23,23,CULIACAN,483.22,535.22,-34.19,-17.81
2020-11-23,24,CULIACAN,450.49,496.32,-35.79,-10.05
2020-11-23,1,DURANGO,418.89,448.02,-29.13,0
2020-11-23,2,DURANGO,406.66,431.06,-24.4,0
2020-11-23,3,DURANGO,388.26,409.72,-21.46,0
2020-11-23,4,DURANGO,383.06,402.87,-19.81,0
2020-11-23,5,DURANGO,392.15,414.92,-22.77,0
2020-11-23,6,DURANGO,398.81,426.42,-27.62,0
2020-11-23,7,DURANGO,421.12,452.14,-31.01,0
2020-11-23,8,DURANGO,430.27,461.2,-30.93,0
2020-11-23,9,DURANGO,421.19,463.28,-42.09,0
2020-11-23,10,DURANGO,409.34,460.52,-47.74,-3.44
2020-11-23,11,DURANGO,408.3,460.71,-51.23,-1.18
2020-11-23,12,DURANGO,411.33,464.86,-50.79,-2.74
2020-11-23,13,DURANGO,430.99,481.56,-50.56,0
2020-11-23,14,DURANGO,443.67,491.37,-48.1,.4
2020-11-23,15,DURANGO,431.86,480.67,-49.06,.26
2020-11-23,16,DURANGO,437.44,485.78,-48.6,.26
2020-11-23,17,DURANGO,458.23,497.74,-40.14,.62
2020-11-23,18,DURANGO,481.11,534.92,-33.05,-20.76
2020-11-23,19,DURANGO,614.75,759.14,-37.58,-106.81
2020-11-23,20,DURANGO,609.83,748.42,-34.02,-104.56
2020-11-23,21,DURANGO,529.22,609.33,-29.13,-50.98
2020-11-23,22,DURANGO,498.63,551.25,-22.02,-30.59
2020-11-23,23,DURANGO,487.89,535.22,-22.62,-24.72
2020-11-23,24,DURANGO,458.33,496.32,-24.05,-13.94
2020-11-23,1,FRESNILLO,428.78,448.02,-19.24,0
2020-11-23,2,FRESNILLO,415.45,431.06,-15.61,0
2020-11-23,3,FRESNILLO,395.71,409.72,-14.01,0
2020-11-23,4,FRESNILLO,390.6,402.87,-12.28,0
2020-11-23,5,FRESNILLO,401.68,414.92,-13.24,0
2020-11-23,6,FRESNILLO,410.84,426.42,-15.59,0
2020-11-23,7,FRESNILLO,434.88,452.14,-17.25,0
2020-11-23,8,FRESNILLO,444.63,461.2,-16.57,0
2020-11-23,9,FRESNILLO,440.89,463.28,-22.39,0
2020-11-23,10,FRESNILLO,436.09,460.52,-23.65,-.78
2020-11-23,11,FRESNILLO,435.18,460.71,-25.25,-.28
2020-11-23,12,FRESNILLO,440.58,464.86,-23.63,-.65
2020-11-23,13,FRESNILLO,458.92,481.56,-22.63,0
2020-11-23,14,FRESNILLO,470.22,491.37,-20.87,-.28
2020-11-23,15,FRESNILLO,457.3,480.67,-23.18,-.18
2020-11-23,16,FRESNILLO,460.96,485.78,-24.64,-.18
2020-11-23,17,FRESNILLO,476.25,497.74,-21.05,-.44
2020-11-23,18,FRESNILLO,547.95,534.92,-15.99,29.02
2020-11-23,19,FRESNILLO,890.46,759.14,-18.62,149.94
2020-11-23,20,FRESNILLO,875.32,748.42,-16.75,143.66
2020-11-23,21,FRESNILLO,664.14,609.33,-14.79,69.6
2020-11-23,22,FRESNILLO,580.51,551.25,-13.6,42.85
2020-11-23,23,FRESNILLO,555.5,535.22,-15.96,36.24
2020-11-23,24,FRESNILLO,500.04,496.32,-17.12,20.85
2020-11-23,1,GUADALAJARA,447.55,448.02,-.46,0
2020-11-23,2,GUADALAJARA,431.02,431.06,-.04,0
2020-11-23,3,GUADALAJARA,407.8,409.72,-1.92,0
2020-11-23,4,GUADALAJARA,401.27,402.87,-1.61,0
2020-11-23,5,GUADALAJARA,413.15,414.92,-1.77,0
2020-11-23,6,GUADALAJARA,424.04,426.42,-2.38,0
2020-11-23,7,GUADALAJARA,450.09,452.14,-2.05,0
2020-11-23,8,GUADALAJARA,462.46,461.2,1.26,0
2020-11-23,9,GUADALAJARA,462.8,463.28,-.48,0
2020-11-23,10,GUADALAJARA,460.72,460.52,-.52,.72
2020-11-23,11,GUADALAJARA,461.35,460.71,.44,.2
2020-11-23,12,GUADALAJARA,467.53,464.86,2.22,.45
2020-11-23,13,GUADALAJARA,485.23,481.56,3.67,0
2020-11-23,14,GUADALAJARA,497.81,491.37,6.08,.36
2020-11-23,15,GUADALAJARA,485.9,480.67,5,.23
2020-11-23,16,GUADALAJARA,492.48,485.78,6.46,.23
2020-11-23,17,GUADALAJARA,508.87,497.74,10.57,.56
2020-11-23,18,GUADALAJARA,549.04,534.92,12.16,1.95
2020-11-23,19,GUADALAJARA,784.69,759.14,15.52,10.03
2020-11-23,20,GUADALAJARA,774.28,748.42,16.02,9.84
2020-11-23,21,GUADALAJARA,625.9,609.33,11.77,4.81
2020-11-23,22,GUADALAJARA,568.62,551.25,14.48,2.89
2020-11-23,23,GUADALAJARA,551.17,535.22,13.62,2.33
2020-11-23,24,GUADALAJARA,507.71,496.32,10.08,1.32
2020-11-23,1,GUASAVE,392.47,448.02,-55.54,0
2020-11-23,2,GUASAVE,382.11,431.06,-48.95,0
2020-11-23,3,GUASAVE,364.5,409.72,-45.22,0
2020-11-23,4,GUASAVE,358.99,402.87,-43.88,0
2020-11-23,5,GUASAVE,365.07,414.92,-49.84,0
2020-11-23,6,GUASAVE,369.06,426.42,-57.36,0
2020-11-23,7,GUASAVE,386.49,452.14,-65.64,0
2020-11-23,8,GUASAVE,393.58,461.2,-67.62,0
2020-11-23,9,GUASAVE,389.6,463.28,-73.68,0
2020-11-23,10,GUASAVE,377.44,460.52,-78.1,-4.98
2020-11-23,11,GUASAVE,376.86,460.71,-82.15,-1.7
2020-11-23,12,GUASAVE,378.24,464.86,-82.65,-3.97
2020-11-23,13,GUASAVE,399.07,481.56,-82.49,0
2020-11-23,14,GUASAVE,418.2,491.37,-77.41,4.24
2020-11-23,15,GUASAVE,405.25,480.67,-78.14,2.72
2020-11-23,16,GUASAVE,411.92,485.78,-76.6,2.75
2020-11-23,17,GUASAVE,437.05,497.74,-67.29,6.6
2020-11-23,18,GUASAVE,451.89,534.92,-67.03,-16
2020-11-23,19,GUASAVE,596,759.14,-80.82,-82.32
2020-11-23,20,GUASAVE,592.79,748.42,-75.04,-80.59
2020-11-23,21,GUASAVE,505.36,609.33,-64.67,-39.29
2020-11-23,22,GUASAVE,476.92,551.25,-50.75,-23.58
2020-11-23,23,GUASAVE,465.91,535.22,-50.26,-19.05
2020-11-23,24,GUASAVE,434.16,496.32,-51.41,-10.75
2020-11-23,1,GUAYMAS,373.84,448.02,-74.18,0
2020-11-23,2,GUAYMAS,367.4,431.06,-63.66,0
2020-11-23,3,GUAYMAS,352.76,409.72,-56.96,0
2020-11-23,4,GUAYMAS,348.31,402.87,-54.57,0
2020-11-23,5,GUAYMAS,353.55,414.92,-61.37,0
2020-11-23,6,GUAYMAS,355.92,426.42,-70.5,0
2020-11-23,7,GUAYMAS,370.79,452.14,-81.35,0
2020-11-23,8,GUAYMAS,376.93,461.2,-84.27,0
2020-11-23,9,GUAYMAS,373.24,463.28,-90.04,0
2020-11-23,10,GUAYMAS,357.52,460.52,-98.48,-4.51
2020-11-23,11,GUAYMAS,350.29,460.71,-108.88,-1.54
2020-11-23,12,GUAYMAS,348.25,464.86,-112.99,-3.62
2020-11-23,13,GUAYMAS,368.1,481.56,-113.46,0
2020-11-23,14,GUAYMAS,362.42,491.37,-108.74,-20.21
2020-11-23,15,GUAYMAS,357.04,480.67,-110.66,-12.97
2020-11-23,16,GUAYMAS,362.54,485.78,-110.14,-13.09
2020-11-23,17,GUAYMAS,367.5,497.74,-98.82,-31.42
2020-11-23,18,GUAYMAS,419.62,534.92,-95.59,-19.71
2020-11-23,19,GUAYMAS,551.57,759.14,-106.14,-101.43
2020-11-23,20,GUAYMAS,547.69,748.42,-101.41,-99.32
2020-11-23,21,GUAYMAS,472.62,609.33,-88.28,-48.42
2020-11-23,22,GUAYMAS,450.57,551.25,-71.62,-29.06
2020-11-23,23,GUAYMAS,440.84,535.22,-70.9,-23.48
2020-11-23,24,GUAYMAS,412.64,496.32,-70.43,-13.25
2020-11-23,1,HERMOSILLO,368.12,448.02,-79.89,0
2020-11-23,2,HERMOSILLO,362.79,431.06,-68.27,0
2020-11-23,3,HERMOSILLO,349.31,409.72,-60.41,0
2020-11-23,4,HERMOSILLO,344.94,402.87,-57.93,0
2020-11-23,5,HERMOSILLO,351.32,414.92,-63.59,0
2020-11-23,6,HERMOSILLO,353.12,426.42,-73.3,0
2020-11-23,7,HERMOSILLO,366.9,452.14,-85.23,0
2020-11-23,8,HERMOSILLO,371.08,461.2,-90.12,0
2020-11-23,9,HERMOSILLO,367.41,463.28,-95.88,0
2020-11-23,10,HERMOSILLO,349.08,460.52,-107.09,-4.35
2020-11-23,11,HERMOSILLO,342.97,460.71,-116.26,-1.48
2020-11-23,12,HERMOSILLO,340.02,464.86,-121.35,-3.49
2020-11-23,13,HERMOSILLO,361.71,481.56,-119.84,0
2020-11-23,14,HERMOSILLO,354.27,491.37,-117.98,-19.12
2020-11-23,15,HERMOSILLO,348.15,480.67,-120.24,-12.27
2020-11-23,16,HERMOSILLO,354.65,485.78,-118.74,-12.38
2020-11-23,17,HERMOSILLO,362.46,497.74,-105.54,-29.73
2020-11-23,18,HERMOSILLO,410.67,534.92,-103.24,-21.01
2020-11-23,19,HERMOSILLO,533.82,759.14,-117.24,-108.08
2020-11-23,20,HERMOSILLO,530.59,748.42,-112.03,-105.8
2020-11-23,21,HERMOSILLO,460.52,609.33,-97.22,-51.58
2020-11-23,22,HERMOSILLO,441.71,551.25,-78.59,-30.95
2020-11-23,23,HERMOSILLO,432.97,535.22,-77.24,-25.01
2020-11-23,24,HERMOSILLO,406.31,496.32,-75.9,-14.11
2020-11-23,1,HUAJUAPAN,484.65,448.02,36.63,0
2020-11-23,2,HUAJUAPAN,462,431.06,30.94,0
2020-11-23,3,HUAJUAPAN,440,409.72,30.28,0
2020-11-23,4,HUAJUAPAN,430.31,402.87,27.44,0
2020-11-23,5,HUAJUAPAN,441.11,414.92,26.2,0
2020-11-23,6,HUAJUAPAN,453.99,426.42,27.57,0
2020-11-23,7,HUAJUAPAN,487.63,452.14,35.49,0
2020-11-23,8,HUAJUAPAN,498.19,461.2,36.99,0
2020-11-23,9,HUAJUAPAN,504.01,463.28,40.73,0
2020-11-23,10,HUAJUAPAN,503.09,460.52,42.59,-.02
2020-11-23,11,HUAJUAPAN,504.62,460.71,43.92,-.01
2020-11-23,12,HUAJUAPAN,506.43,464.86,41.59,-.03
2020-11-23,13,HUAJUAPAN,525.1,481.56,43.55,0
2020-11-23,14,HUAJUAPAN,535.62,491.37,44.28,-.03
2020-11-23,15,HUAJUAPAN,526.23,480.67,45.58,-.02
2020-11-23,16,HUAJUAPAN,532.98,485.78,47.23,-.02
2020-11-23,17,HUAJUAPAN,543.08,497.74,45.39,-.05
2020-11-23,18,HUAJUAPAN,576.55,534.92,43.94,-2.3
2020-11-23,19,HUAJUAPAN,828.81,759.14,81.51,-11.84
2020-11-23,20,HUAJUAPAN,821.53,748.42,84.8,-11.69
2020-11-23,21,HUAJUAPAN,667.44,609.33,63.81,-5.7
2020-11-23,22,HUAJUAPAN,601.81,551.25,53.98,-3.42
2020-11-23,23,HUAJUAPAN,582.84,535.22,50.38,-2.76
2020-11-23,24,HUAJUAPAN,538.61,496.32,43.85,-1.56
2020-11-23,1,HUASTECA,434.46,448.02,-13.56,0
2020-11-23,2,HUASTECA,418.76,431.06,-12.3,0
2020-11-23,3,HUASTECA,399.74,409.72,-9.98,0
2020-11-23,4,HUASTECA,394.05,402.87,-8.82,0
2020-11-23,5,HUASTECA,405.53,414.92,-9.39,0
2020-11-23,6,HUASTECA,415.68,426.42,-10.75,0
2020-11-23,7,HUASTECA,438.26,452.14,-13.88,0
2020-11-23,8,HUASTECA,443.26,461.2,-17.94,0
2020-11-23,9,HUASTECA,444.77,463.28,-18.51,0
2020-11-23,10,HUASTECA,440.99,460.52,-19.31,-.22
2020-11-23,11,HUASTECA,442.25,460.71,-18.38,-.08
2020-11-23,12,HUASTECA,445.83,464.86,-18.84,-.19
2020-11-23,13,HUASTECA,462.26,481.56,-19.29,0
2020-11-23,14,HUASTECA,471.83,491.37,-19.36,-.19
2020-11-23,15,HUASTECA,462.02,480.67,-18.53,-.12
2020-11-23,16,HUASTECA,466.42,485.78,-19.23,-.12
2020-11-23,17,HUASTECA,477.61,497.74,-19.84,-.29
2020-11-23,18,HUASTECA,507.64,534.92,-20.47,-6.81
2020-11-23,19,HUASTECA,702.17,759.14,-22.01,-34.96
2020-11-23,20,HUASTECA,693.45,748.42,-20.94,-34.03
2020-11-23,21,HUASTECA,573.75,609.33,-18.97,-16.6
2020-11-23,22,HUASTECA,522.05,551.25,-19.22,-9.98
2020-11-23,23,HUASTECA,505.97,535.22,-21.18,-8.07
2020-11-23,24,HUASTECA,471.42,496.32,-20.35,-4.55
2020-11-23,1,HUATULCO,515.66,448.02,67.64,0
2020-11-23,2,HUATULCO,489.73,431.06,58.67,0
2020-11-23,3,HUATULCO,463.8,409.72,54.08,0
2020-11-23,4,HUATULCO,451.72,402.87,48.85,0
2020-11-23,5,HUATULCO,462.59,414.92,47.68,0
2020-11-23,6,HUATULCO,476.21,426.42,49.79,0
2020-11-23,7,HUATULCO,510.03,452.14,57.89,0
2020-11-23,8,HUATULCO,518.34,461.2,57.14,0
2020-11-23,9,HUATULCO,525.52,463.28,62.24,0
2020-11-23,10,HUATULCO,524.54,460.52,64.01,.01
2020-11-23,11,HUATULCO,529,460.71,68.29,0
2020-11-23,12,HUATULCO,533.23,464.86,68.37,-.01
2020-11-23,13,HUATULCO,554.29,481.56,72.74,0
2020-11-23,14,HUATULCO,566.4,491.37,75.05,-.01
2020-11-23,15,HUATULCO,554.2,480.67,73.54,-.01
2020-11-23,16,HUATULCO,562.17,485.78,76.4,-.01
2020-11-23,17,HUATULCO,573.99,497.74,76.28,-.02
2020-11-23,18,HUATULCO,606.41,534.92,73.44,-1.95
2020-11-23,19,HUATULCO,885.49,759.14,136.34,-9.99
2020-11-23,20,HUATULCO,883.41,748.42,144.84,-9.85
2020-11-23,21,HUATULCO,714.78,609.33,110.26,-4.8
2020-11-23,22,HUATULCO,644.33,551.25,95.96,-2.88
2020-11-23,23,HUATULCO,623.72,535.22,90.83,-2.33
2020-11-23,24,HUATULCO,573.7,496.32,78.7,-1.32
2020-11-23,1,HUEJUTLA,434.14,448.02,-13.88,0
2020-11-23,2,HUEJUTLA,417.49,431.06,-13.57,0
2020-11-23,3,HUEJUTLA,398.25,409.72,-11.47,0
2020-11-23,4,HUEJUTLA,391.93,402.87,-10.94,0
2020-11-23,5,HUEJUTLA,403.36,414.92,-11.56,0
2020-11-23,6,HUEJUTLA,414.76,426.42,-11.67,0
2020-11-23,7,HUEJUTLA,438.57,452.14,-13.57,0
2020-11-23,8,HUEJUTLA,443.41,461.2,-17.79,0
2020-11-23,9,HUEJUTLA,447.25,463.28,-16.03,0
2020-11-23,10,HUEJUTLA,445.34,460.52,-14.95,-.22
2020-11-23,11,HUEJUTLA,447.33,460.71,-13.29,-.08
2020-11-23,12,HUEJUTLA,448.39,464.86,-16.28,-.19
2020-11-23,13,HUEJUTLA,466.38,481.56,-15.17,0
2020-11-23,14,HUEJUTLA,474.74,491.37,-16.44,-.19
2020-11-23,15,HUEJUTLA,465.81,480.67,-14.73,-.12
2020-11-23,16,HUEJUTLA,473.08,485.78,-12.57,-.13
2020-11-23,17,HUEJUTLA,479.28,497.74,-18.16,-.3
2020-11-23,18,HUEJUTLA,506.06,534.92,-20.79,-8.06
2020-11-23,19,HUEJUTLA,693,759.14,-24.66,-41.48
2020-11-23,20,HUEJUTLA,683.03,748.42,-25.43,-39.96
2020-11-23,21,HUEJUTLA,566.56,609.33,-23.29,-19.48
2020-11-23,22,HUEJUTLA,516.58,551.25,-22.98,-11.69
2020-11-23,23,HUEJUTLA,505.05,535.22,-20.72,-9.45
2020-11-23,24,HUEJUTLA,471.99,496.32,-19,-5.33
2020-11-23,1,IGUALA,492.16,448.02,44.14,0
2020-11-23,2,IGUALA,470.97,431.06,39.91,0
2020-11-23,3,IGUALA,445.62,409.72,35.91,0
2020-11-23,4,IGUALA,436.78,402.87,33.91,0
2020-11-23,5,IGUALA,449.13,414.92,34.22,0
2020-11-23,6,IGUALA,462.39,426.42,35.97,0
2020-11-23,7,IGUALA,491.91,452.14,39.77,0
2020-11-23,8,IGUALA,502.6,461.2,41.4,0
2020-11-23,9,IGUALA,508.43,463.28,45.14,0
2020-11-23,10,IGUALA,508.74,460.52,48.17,.05
2020-11-23,11,IGUALA,510.76,460.71,50.04,.01
2020-11-23,12,IGUALA,515.95,464.86,51.07,.02
2020-11-23,13,IGUALA,534.56,481.56,53.01,0
2020-11-23,14,IGUALA,545.72,491.37,54.35,.01
2020-11-23,15,IGUALA,533.05,480.67,52.38,.01
2020-11-23,16,IGUALA,537.55,485.78,51.77,.01
2020-11-23,17,IGUALA,552.53,497.74,54.78,.01
2020-11-23,18,IGUALA,586.79,534.92,53.32,-1.44
2020-11-23,19,IGUALA,833.15,759.14,81.44,-7.43
2020-11-23,20,IGUALA,824.36,748.42,83.29,-7.34
2020-11-23,21,IGUALA,671.17,609.33,65.42,-3.58
2020-11-23,22,IGUALA,607.24,551.25,58.14,-2.15
2020-11-23,23,IGUALA,591.01,535.22,57.53,-1.74
2020-11-23,24,IGUALA,547.15,496.32,51.81,-.98
2020-11-23,1,IRAPUATO,454.93,448.02,6.91,0
2020-11-23,2,IRAPUATO,437.99,431.06,6.93,0
2020-11-23,3,IRAPUATO,415.33,409.72,5.61,0
2020-11-23,4,IRAPUATO,408.31,402.87,5.44,0
2020-11-23,5,IRAPUATO,420.76,414.92,5.84,0
2020-11-23,6,IRAPUATO,432.66,426.42,6.24,0
2020-11-23,7,IRAPUATO,459.78,452.14,7.64,0
2020-11-23,8,IRAPUATO,470.97,461.2,9.77,0
2020-11-23,9,IRAPUATO,472.49,463.28,9.21,0
2020-11-23,10,IRAPUATO,469.04,460.52,8.45,.07
2020-11-23,11,IRAPUATO,469.47,460.71,8.73,.02
2020-11-23,12,IRAPUATO,474.85,464.86,9.94,.05
2020-11-23,13,IRAPUATO,492.67,481.56,11.12,0
2020-11-23,14,IRAPUATO,503.77,491.37,12.34,.06
2020-11-23,15,IRAPUATO,491.9,480.67,11.2,.04
2020-11-23,16,IRAPUATO,497.59,485.78,11.78,.04
2020-11-23,17,IRAPUATO,511.74,497.74,13.91,.09
2020-11-23,18,IRAPUATO,554.31,534.92,16.08,3.32
2020-11-23,19,IRAPUATO,799.18,759.14,22.91,17.12
2020-11-23,20,IRAPUATO,787.92,748.42,22.72,16.78
2020-11-23,21,IRAPUATO,634.93,609.33,17.44,8.17
2020-11-23,22,IRAPUATO,572.55,551.25,16.39,4.91
2020-11-23,23,IRAPUATO,554.56,535.22,15.38,3.96
2020-11-23,24,IRAPUATO,511.83,496.32,13.27,2.24
2020-11-23,1,IXMIQUILPAN,472.22,448.02,24.2,0
2020-11-23,2,IXMIQUILPAN,452.69,431.06,21.63,0
2020-11-23,3,IXMIQUILPAN,430.4,409.72,20.69,0
2020-11-23,4,IXMIQUILPAN,422.69,402.87,19.82,0
2020-11-23,5,IXMIQUILPAN,435.26,414.92,20.35,0
2020-11-23,6,IXMIQUILPAN,448.35,426.42,21.93,0
2020-11-23,7,IXMIQUILPAN,478.45,452.14,26.31,0
2020-11-23,8,IXMIQUILPAN,489.72,461.2,28.53,0
2020-11-23,9,IXMIQUILPAN,491.63,463.28,28.35,0
2020-11-23,10,IXMIQUILPAN,487.5,460.52,26.98,0
2020-11-23,11,IXMIQUILPAN,488.54,460.71,27.83,0
2020-11-23,12,IXMIQUILPAN,491.05,464.86,26.2,-.01
2020-11-23,13,IXMIQUILPAN,507.5,481.56,25.95,0
2020-11-23,14,IXMIQUILPAN,517.36,491.37,26,-.01
2020-11-23,15,IXMIQUILPAN,505.19,480.67,24.53,-.01
2020-11-23,16,IXMIQUILPAN,509.37,485.78,23.6,-.01
2020-11-23,17,IXMIQUILPAN,521.1,497.74,23.38,-.02
2020-11-23,18,IXMIQUILPAN,559.79,534.92,25.46,-.58
2020-11-23,19,IXMIQUILPAN,774.22,759.14,17.93,-2.84
2020-11-23,20,IXMIQUILPAN,765.84,748.42,20.16,-2.74
2020-11-23,21,IXMIQUILPAN,644.29,609.33,36.29,-1.33
2020-11-23,22,IXMIQUILPAN,581.04,551.25,30.6,-.81
2020-11-23,23,IXMIQUILPAN,561.9,535.22,27.35,-.67
2020-11-23,24,IXMIQUILPAN,522.39,496.32,26.46,-.39
2020-11-23,1,IZUCAR,475.9,448.02,27.88,0
2020-11-23,2,IZUCAR,454.42,431.06,23.36,0
2020-11-23,3,IZUCAR,432.89,409.72,23.17,0
2020-11-23,4,IZUCAR,423.88,402.87,21.01,0
2020-11-23,5,IZUCAR,435.11,414.92,20.2,0
2020-11-23,6,IZUCAR,447.85,426.42,21.42,0
2020-11-23,7,IZUCAR,478.79,452.14,26.66,0
2020-11-23,8,IZUCAR,488.4,461.2,27.2,0
2020-11-23,9,IZUCAR,493.55,463.28,30.27,0
2020-11-23,10,IZUCAR,492.41,460.52,31.91,-.02
2020-11-23,11,IZUCAR,494.79,460.71,34.09,-.01
2020-11-23,12,IZUCAR,497.45,464.86,32.62,-.03
2020-11-23,13,IZUCAR,515.4,481.56,33.84,0
2020-11-23,14,IZUCAR,525.73,491.37,34.38,-.03
2020-11-23,15,IZUCAR,514.83,480.67,34.18,-.02
2020-11-23,16,IZUCAR,521.14,485.78,35.39,-.02
2020-11-23,17,IZUCAR,531.6,497.74,33.9,-.05
2020-11-23,18,IZUCAR,564.55,534.92,31.86,-2.24
2020-11-23,19,IZUCAR,803.25,759.14,55.61,-11.5
2020-11-23,20,IZUCAR,794.1,748.42,57.04,-11.36
2020-11-23,21,IZUCAR,646.86,609.33,43.07,-5.54
2020-11-23,22,IZUCAR,585.58,551.25,37.65,-3.32
2020-11-23,23,IZUCAR,568.45,535.22,35.91,-2.69
2020-11-23,24,IZUCAR,526.84,496.32,32.03,-1.52
2020-11-23,1,JIQUILPAN,452.58,448.02,4.56,0
2020-11-23,2,JIQUILPAN,435.66,431.06,4.6,0
2020-11-23,3,JIQUILPAN,411.64,409.72,1.93,0
2020-11-23,4,JIQUILPAN,404.9,402.87,2.03,0
2020-11-23,5,JIQUILPAN,417.49,414.92,2.58,0
2020-11-23,6,JIQUILPAN,429.47,426.42,3.05,0
2020-11-23,7,JIQUILPAN,455.62,452.14,3.48,0
2020-11-23,8,JIQUILPAN,468.36,461.2,7.16,0
2020-11-23,9,JIQUILPAN,470.11,463.28,6.83,0
2020-11-23,10,JIQUILPAN,468.72,460.52,7.8,.4
2020-11-23,11,JIQUILPAN,468.78,460.71,7.96,.11
2020-11-23,12,JIQUILPAN,475.12,464.86,10.01,.25
2020-11-23,13,JIQUILPAN,492.58,481.56,11.02,0
2020-11-23,14,JIQUILPAN,504.1,491.37,12.52,.2
2020-11-23,15,JIQUILPAN,491.33,480.67,10.53,.13
2020-11-23,16,JIQUILPAN,497.9,485.78,12,.13
2020-11-23,17,JIQUILPAN,513.21,497.74,15.16,.32
2020-11-23,18,JIQUILPAN,551.64,534.92,14.56,2.16
2020-11-23,19,JIQUILPAN,788.87,759.14,18.61,11.12
2020-11-23,20,JIQUILPAN,778.79,748.42,19.47,10.9
2020-11-23,21,JIQUILPAN,629.07,609.33,14.43,5.31
2020-11-23,22,JIQUILPAN,569.99,551.25,15.55,3.19
2020-11-23,23,JIQUILPAN,554.04,535.22,16.24,2.57
2020-11-23,24,JIQUILPAN,510.91,496.32,13.13,1.45
2020-11-23,1,JUAREZ,359.65,448.02,-88.37,0
2020-11-23,2,JUAREZ,363.4,431.06,-67.67,0
2020-11-23,3,JUAREZ,347.83,409.72,-61.89,0
2020-11-23,4,JUAREZ,345.92,402.87,-56.95,0
2020-11-23,5,JUAREZ,347.27,414.92,-67.65,0
2020-11-23,6,JUAREZ,350.5,426.42,-75.93,0
2020-11-23,7,JUAREZ,364.4,452.14,-87.74,0
2020-11-23,8,JUAREZ,377.19,461.2,-84.01,0
2020-11-23,9,JUAREZ,376.1,463.28,-87.18,0
2020-11-23,10,JUAREZ,366.06,460.52,-91.6,-2.86
2020-11-23,11,JUAREZ,360.34,460.71,-99.39,-.98
2020-11-23,12,JUAREZ,365.78,464.86,-96.84,-2.24
2020-11-23,13,JUAREZ,371.03,481.56,-110.53,0
2020-11-23,14,JUAREZ,377.03,491.37,-106.3,-8.05
2020-11-23,15,JUAREZ,373.5,480.67,-102,-5.16
2020-11-23,16,JUAREZ,371.74,485.78,-108.83,-5.21
2020-11-23,17,JUAREZ,394.67,497.74,-90.56,-12.51
2020-11-23,18,JUAREZ,411.1,534.92,-89.58,-34.24
2020-11-23,19,JUAREZ,472.11,759.14,-110.86,-176.17
2020-11-23,20,JUAREZ,462.29,748.42,-113.64,-172.49
2020-11-23,21,JUAREZ,424.83,609.33,-100.41,-84.09
2020-11-23,22,JUAREZ,413.64,551.25,-87.15,-50.47
2020-11-23,23,JUAREZ,410.46,535.22,-83.99,-40.78
2020-11-23,24,JUAREZ,394.09,496.32,-79.23,-23
2020-11-23,1,LAGUNA,416.88,448.02,-31.14,0
2020-11-23,2,LAGUNA,406.23,431.06,-24.83,0
2020-11-23,3,LAGUNA,387.76,409.72,-21.96,0
2020-11-23,4,LAGUNA,383.38,402.87,-19.49,0
2020-11-23,5,LAGUNA,392.98,414.92,-21.94,0
2020-11-23,6,LAGUNA,400.24,426.42,-26.18,0
2020-11-23,7,LAGUNA,422.85,452.14,-29.29,0
2020-11-23,8,LAGUNA,433.07,461.2,-28.13,0
2020-11-23,9,LAGUNA,420.76,463.28,-42.52,0
2020-11-23,10,LAGUNA,409,460.52,-49.02,-2.5
2020-11-23,11,LAGUNA,407.31,460.71,-52.54,-.86
2020-11-23,12,LAGUNA,411.72,464.86,-51.15,-1.99
2020-11-23,13,LAGUNA,430.55,481.55,-51.01,0
2020-11-23,14,LAGUNA,441.45,491.37,-48.77,-1.16
2020-11-23,15,LAGUNA,428.73,480.67,-51.19,-.75
2020-11-23,16,LAGUNA,431.35,485.78,-53.68,-.75
2020-11-23,17,LAGUNA,448.98,497.74,-46.95,-1.8
2020-11-23,18,LAGUNA,459.33,534.92,-39.41,-36.17
2020-11-23,19,LAGUNA,527.12,759.14,-45.92,-186.1
2020-11-23,20,LAGUNA,520.72,748.42,-45.49,-182.21
2020-11-23,21,LAGUNA,481.23,609.33,-39.27,-88.83
2020-11-23,22,LAGUNA,464.73,551.25,-33.21,-53.31
2020-11-23,23,LAGUNA,461.65,535.22,-30.5,-43.07
2020-11-23,24,LAGUNA,442.7,496.32,-29.33,-24.3
2020-11-23,1,LAZARO CARDENAS,465.65,448.02,17.63,0
2020-11-23,2,LAZARO CARDENAS,449.41,431.06,18.35,0
2020-11-23,3,LAZARO CARDENAS,420.69,409.72,10.97,0
2020-11-23,4,LAZARO CARDENAS,413.42,402.87,10.55,0
2020-11-23,5,LAZARO CARDENAS,427.96,414.92,13.05,0
2020-11-23,6,LAZARO CARDENAS,442.39,426.42,15.97,0
2020-11-23,7,LAZARO CARDENAS,466.2,452.14,14.06,0
2020-11-23,8,LAZARO CARDENAS,478.72,461.2,17.52,0
2020-11-23,9,LAZARO CARDENAS,481.25,463.28,17.97,0
2020-11-23,10,LAZARO CARDENAS,481.38,460.52,20.65,.21
2020-11-23,11,LAZARO CARDENAS,480.1,460.71,19.34,.06
2020-11-23,12,LAZARO CARDENAS,488.25,464.86,23.28,.11
2020-11-23,13,LAZARO CARDENAS,504.43,481.56,22.88,0
2020-11-23,14,LAZARO CARDENAS,514.24,491.37,22.79,.08
2020-11-23,15,LAZARO CARDENAS,499.93,480.67,19.21,.05
2020-11-23,16,LAZARO CARDENAS,506.96,485.78,21.13,.05
2020-11-23,17,LAZARO CARDENAS,522.03,497.74,24.16,.13
2020-11-23,18,LAZARO CARDENAS,553.88,534.92,19.04,-.08
2020-11-23,19,LAZARO CARDENAS,776.24,759.14,17.5,-.4
2020-11-23,20,LAZARO CARDENAS,764.94,748.42,16.95,-.43
2020-11-23,21,LAZARO CARDENAS,622.56,609.33,13.45,-.21
2020-11-23,22,LAZARO CARDENAS,565.85,551.25,14.72,-.13
2020-11-23,23,LAZARO CARDENAS,558.26,535.22,23.14,-.1
2020-11-23,24,LAZARO CARDENAS,520.25,496.32,23.98,-.06
2020-11-23,1,LEON,454.16,448.02,6.14,0
2020-11-23,2,LEON,437.28,431.06,6.23,0
2020-11-23,3,LEON,415.11,409.72,5.39,0
2020-11-23,4,LEON,408.64,402.87,5.77,0
2020-11-23,5,LEON,420.96,414.92,6.05,0
2020-11-23,6,LEON,432.81,426.42,6.38,0
2020-11-23,7,LEON,459.83,452.14,7.69,0
2020-11-23,8,LEON,471.12,461.2,9.92,0
2020-11-23,9,LEON,472.63,463.28,9.35,0
2020-11-23,10,LEON,469.75,460.52,9.2,.03
2020-11-23,11,LEON,469.61,460.71,8.89,.01
2020-11-23,12,LEON,475.19,464.86,10.31,.02
2020-11-23,13,LEON,493.34,481.56,11.79,0
2020-11-23,14,LEON,504.58,491.37,13.17,.04
2020-11-23,15,LEON,492.62,480.67,11.93,.03
2020-11-23,16,LEON,498.37,485.78,12.56,.03
2020-11-23,17,LEON,513.46,497.74,15.65,.07
2020-11-23,18,LEON,558.89,534.92,19.16,4.82
2020-11-23,19,LEON,811.27,759.14,27.34,24.79
2020-11-23,20,LEON,799.13,748.42,26.42,24.3
2020-11-23,21,LEON,641.12,609.33,19.95,11.84
2020-11-23,22,LEON,576.87,551.25,18.51,7.11
2020-11-23,23,LEON,558.02,535.22,17.06,5.74
2020-11-23,24,LEON,513.56,496.32,14,3.24
2020-11-23,1,LOS ALTOS,452.76,448.02,4.75,0
2020-11-23,2,LOS ALTOS,436.46,431.06,5.4,0
2020-11-23,3,LOS ALTOS,414.24,409.72,4.53,0
2020-11-23,4,LOS ALTOS,408.05,402.87,5.18,0
2020-11-23,5,LOS ALTOS,420.6,414.92,5.69,0
2020-11-23,6,LOS ALTOS,432.06,426.42,5.63,0
2020-11-23,7,LOS ALTOS,459.46,452.14,7.33,0
2020-11-23,8,LOS ALTOS,471.09,461.2,9.89,0
2020-11-23,9,LOS ALTOS,471.06,463.28,7.78,0
2020-11-23,10,LOS ALTOS,467.81,460.52,7.16,.13
2020-11-23,11,LOS ALTOS,467.55,460.71,6.81,.02
2020-11-23,12,LOS ALTOS,473.89,464.86,8.97,.05
2020-11-23,13,LOS ALTOS,491.78,481.56,10.22,0
2020-11-23,14,LOS ALTOS,503.82,491.37,12.36,.09
2020-11-23,15,LOS ALTOS,491.08,480.67,10.36,.06
2020-11-23,16,LOS ALTOS,497.31,485.78,11.48,.06
2020-11-23,17,LOS ALTOS,514.09,497.74,16.22,.13
2020-11-23,18,LOS ALTOS,562.1,534.92,20.79,6.4
2020-11-23,19,LOS ALTOS,822.3,759.14,30.42,32.74
2020-11-23,20,LOS ALTOS,810.67,748.42,30.36,31.9
2020-11-23,21,LOS ALTOS,647.16,609.33,22.28,15.56
2020-11-23,22,LOS ALTOS,581.58,551.25,21.01,9.32
2020-11-23,23,LOS ALTOS,561.69,535.22,18.95,7.52
2020-11-23,24,LOS ALTOS,516.01,496.32,15.42,4.28
2020-11-23,1,LOS MOCHIS,380.12,448.02,-67.9,0
2020-11-23,2,LOS MOCHIS,370.95,431.06,-60.11,0
2020-11-23,3,LOS MOCHIS,355.17,409.72,-54.55,0
2020-11-23,4,LOS MOCHIS,350.18,402.87,-52.7,0
2020-11-23,5,LOS MOCHIS,355.92,414.92,-58.99,0
2020-11-23,6,LOS MOCHIS,359.69,426.42,-66.73,0
2020-11-23,7,LOS MOCHIS,376.28,452.14,-75.86,0
2020-11-23,8,LOS MOCHIS,382.97,461.2,-78.23,0
2020-11-23,9,LOS MOCHIS,378.98,463.28,-84.3,0
2020-11-23,10,LOS MOCHIS,366.23,460.52,-89.38,-4.91
2020-11-23,11,LOS MOCHIS,364.83,460.71,-94.21,-1.67
2020-11-23,12,LOS MOCHIS,365.84,464.86,-95.11,-3.92
2020-11-23,13,LOS MOCHIS,386.13,481.56,-95.43,0
2020-11-23,14,LOS MOCHIS,378.02,491.37,-90.47,-22.89
2020-11-23,15,LOS MOCHIS,374.79,480.67,-91.19,-14.69
2020-11-23,16,LOS MOCHIS,381,485.78,-89.95,-14.83
2020-11-23,17,LOS MOCHIS,381.54,497.74,-80.61,-35.59
2020-11-23,18,LOS MOCHIS,437.44,534.92,-80.96,-16.52
2020-11-23,19,LOS MOCHIS,575.24,759.14,-98.93,-84.97
2020-11-23,20,LOS MOCHIS,571.99,748.42,-93.23,-83.2
2020-11-23,21,LOS MOCHIS,488.8,609.33,-79.97,-40.57
2020-11-23,22,LOS MOCHIS,462.45,551.25,-64.46,-24.34
2020-11-23,23,LOS MOCHIS,452.14,535.22,-63.42,-19.67
2020-11-23,24,LOS MOCHIS,421.69,496.32,-63.54,-11.09
2020-11-23,1,LOS RIOS,463.63,448.02,15.62,0
2020-11-23,2,LOS RIOS,440.83,431.06,9.77,0
2020-11-23,3,LOS RIOS,424.57,409.72,14.86,0
2020-11-23,4,LOS RIOS,412.5,402.87,9.63,0
2020-11-23,5,LOS RIOS,418.55,414.92,3.64,0
2020-11-23,6,LOS RIOS,426.8,426.42,.38,0
2020-11-23,7,LOS RIOS,458.56,452.14,6.42,0
2020-11-23,8,LOS RIOS,468.14,461.2,6.94,0
2020-11-23,9,LOS RIOS,479.74,463.28,16.46,0
2020-11-23,10,LOS RIOS,478.87,460.52,18.37,-.02
2020-11-23,11,LOS RIOS,486.17,460.71,25.47,-.01
2020-11-23,12,LOS RIOS,482.82,464.86,17.98,-.03
2020-11-23,13,LOS RIOS,503.5,481.56,21.94,0
2020-11-23,14,LOS RIOS,512.01,491.37,20.67,-.03
2020-11-23,15,LOS RIOS,500.02,480.67,19.37,-.02
2020-11-23,16,LOS RIOS,509.28,485.78,23.52,-.02
2020-11-23,17,LOS RIOS,512.52,497.74,14.83,-.05
2020-11-23,18,LOS RIOS,540.93,534.92,8.34,-2.32
2020-11-23,19,LOS RIOS,767.27,759.14,20.09,-11.95
2020-11-23,20,LOS RIOS,754.39,748.42,17.77,-11.8
2020-11-23,21,LOS RIOS,611.5,609.33,7.93,-5.75
2020-11-23,22,LOS RIOS,557.36,551.25,9.56,-3.45
2020-11-23,23,LOS RIOS,547.2,535.22,14.77,-2.79
2020-11-23,24,LOS RIOS,513.76,496.32,19.01,-1.57
2020-11-23,1,LOS TUXTLAS,461.04,448.02,13.03,0
2020-11-23,2,LOS TUXTLAS,438.95,431.06,7.89,0
2020-11-23,3,LOS TUXTLAS,419.26,409.72,9.55,0
2020-11-23,4,LOS TUXTLAS,409.01,402.87,6.14,0
2020-11-23,5,LOS TUXTLAS,418.15,414.92,3.23,0
2020-11-23,6,LOS TUXTLAS,428.81,426.42,2.38,0
2020-11-23,7,LOS TUXTLAS,460.46,452.14,8.33,0
2020-11-23,8,LOS TUXTLAS,470.41,461.2,9.21,0
2020-11-23,9,LOS TUXTLAS,477.5,463.28,14.22,0
2020-11-23,10,LOS TUXTLAS,477.15,460.52,16.65,-.02
2020-11-23,11,LOS TUXTLAS,481.76,460.71,21.06,-.01
2020-11-23,12,LOS TUXTLAS,484.12,464.86,19.29,-.03
2020-11-23,13,LOS TUXTLAS,502.56,481.56,21,0
2020-11-23,14,LOS TUXTLAS,513.16,491.37,21.82,-.03
2020-11-23,15,LOS TUXTLAS,504.9,480.67,24.25,-.02
2020-11-23,16,LOS TUXTLAS,513.96,485.78,28.2,-.02
2020-11-23,17,LOS TUXTLAS,522.21,497.74,24.53,-.05
2020-11-23,18,LOS TUXTLAS,554.08,534.92,21.52,-2.36
2020-11-23,19,LOS TUXTLAS,791.1,759.14,44.09,-12.13
2020-11-23,20,LOS TUXTLAS,780.85,748.42,44.41,-11.98
2020-11-23,21,LOS TUXTLAS,634.15,609.33,30.67,-5.84
2020-11-23,22,LOS TUXTLAS,562.76,551.25,15.01,-3.51
2020-11-23,23,LOS TUXTLAS,544.92,535.22,12.53,-2.83
2020-11-23,24,LOS TUXTLAS,506.28,496.32,11.56,-1.6
2020-11-23,1,MANZANILLO,444,448.02,-4.02,0
2020-11-23,2,MANZANILLO,427.42,431.06,-3.64,0
2020-11-23,3,MANZANILLO,404.46,409.72,-5.26,0
2020-11-23,4,MANZANILLO,397.86,402.87,-5.01,0
2020-11-23,5,MANZANILLO,409.9,414.92,-5.02,0
2020-11-23,6,MANZANILLO,421.03,426.42,-5.39,0
2020-11-23,7,MANZANILLO,446.43,452.14,-5.7,0
2020-11-23,8,MANZANILLO,458.38,461.2,-2.82,0
2020-11-23,9,MANZANILLO,458.69,463.28,-4.6,0
2020-11-23,10,MANZANILLO,457.01,460.52,-4.15,.63
2020-11-23,11,MANZANILLO,457.6,460.71,-3.28,.17
2020-11-23,12,MANZANILLO,464.09,464.86,-1.16,.39
2020-11-23,13,MANZANILLO,481.17,481.56,-.39,0
2020-11-23,14,MANZANILLO,493.11,491.37,1.43,.31
2020-11-23,15,MANZANILLO,480.95,480.67,.08,.2
2020-11-23,16,MANZANILLO,487.39,485.78,1.41,.2
2020-11-23,17,MANZANILLO,503.12,497.74,4.9,.49
2020-11-23,18,MANZANILLO,541.45,534.92,4.59,1.95
2020-11-23,19,MANZANILLO,774.12,759.14,4.97,10.01
2020-11-23,20,MANZANILLO,764.32,748.42,6.09,9.81
2020-11-23,21,MANZANILLO,617.82,609.33,3.71,4.78
2020-11-23,22,MANZANILLO,560.6,551.25,6.48,2.87
2020-11-23,23,MANZANILLO,544.01,535.22,6.47,2.32
2020-11-23,24,MANZANILLO,501.68,496.32,4.05,1.31
2020-11-23,1,MATAMOROS,381.76,448.02,-66.26,0
2020-11-23,2,MATAMOROS,374.21,431.06,-56.85,0
2020-11-23,3,MATAMOROS,359.91,409.72,-49.81,0
2020-11-23,4,MATAMOROS,357.47,402.87,-45.4,0
2020-11-23,5,MATAMOROS,367.81,414.92,-47.1,0
2020-11-23,6,MATAMOROS,374.37,426.42,-52.05,0
2020-11-23,7,MATAMOROS,392.17,452.14,-59.97,0
2020-11-23,8,MATAMOROS,402.38,461.2,-58.81,0
2020-11-23,9,MATAMOROS,401.13,463.28,-62.16,0
2020-11-23,10,MATAMOROS,396.57,460.52,-62.81,-1.14
2020-11-23,11,MATAMOROS,394.85,460.71,-65.47,-.4
2020-11-23,12,MATAMOROS,399.2,464.86,-64.74,-.92
2020-11-23,13,MATAMOROS,416.63,481.56,-64.92,0
2020-11-23,14,MATAMOROS,426.34,491.37,-64.04,-.99
2020-11-23,15,MATAMOROS,412.84,480.67,-67.19,-.64
2020-11-23,16,MATAMOROS,412.03,485.78,-73.11,-.64
2020-11-23,17,MATAMOROS,419.78,497.74,-76.42,-1.54
2020-11-23,18,MATAMOROS,398.55,534.92,-88.55,-47.82
2020-11-23,19,MATAMOROS,381.3,759.14,-131.8,-246.04
2020-11-23,20,MATAMOROS,376.45,748.42,-131.07,-240.9
2020-11-23,21,MATAMOROS,386,609.33,-105.88,-117.45
2020-11-23,22,MATAMOROS,386.4,551.25,-94.37,-70.48
2020-11-23,23,MATAMOROS,386.4,535.22,-91.87,-56.95
2020-11-23,24,MATAMOROS,377.61,496.32,-86.59,-32.13
2020-11-23,1,MATEHUALA,448.06,448.02,.04,0
2020-11-23,2,MATEHUALA,434.01,431.06,2.95,0
2020-11-23,3,MATEHUALA,414.5,409.72,4.78,0
2020-11-23,4,MATEHUALA,410.83,402.87,7.95,0
2020-11-23,5,MATEHUALA,422.27,414.92,7.36,0
2020-11-23,6,MATEHUALA,432.37,426.42,5.95,0
2020-11-23,7,MATEHUALA,459.49,452.14,7.36,0
2020-11-23,8,MATEHUALA,463.18,461.2,1.98,0
2020-11-23,9,MATEHUALA,461.67,463.28,-1.61,0
2020-11-23,10,MATEHUALA,455.24,460.52,-5.2,-.08
2020-11-23,11,MATEHUALA,456.13,460.71,-4.55,-.04
2020-11-23,12,MATEHUALA,463.67,464.86,-1.1,-.09
2020-11-23,13,MATEHUALA,482.81,481.56,1.26,0
2020-11-23,14,MATEHUALA,495.2,491.37,3.88,-.06
2020-11-23,15,MATEHUALA,482.77,480.67,2.14,-.04
2020-11-23,16,MATEHUALA,486.85,485.78,1.11,-.04
2020-11-23,17,MATEHUALA,502.25,497.74,4.6,-.08
2020-11-23,18,MATEHUALA,550.43,534.92,11.69,3.82
2020-11-23,19,MATEHUALA,785.57,759.14,6.79,19.64
2020-11-23,20,MATEHUALA,769.63,748.42,1.91,19.3
2020-11-23,21,MATEHUALA,617.71,609.33,-1.03,9.41
2020-11-23,22,MATEHUALA,553.7,551.25,-3.2,5.65
2020-11-23,23,MATEHUALA,542.92,535.22,3.13,4.56
2020-11-23,24,MATEHUALA,506.89,496.32,8,2.57
2020-11-23,1,MAZATLAN,424.19,448.02,-23.82,0
2020-11-23,2,MAZATLAN,410.99,431.06,-20.07,0
2020-11-23,3,MAZATLAN,390.62,409.72,-19.1,0
2020-11-23,4,MAZATLAN,384.44,402.87,-18.43,0
2020-11-23,5,MAZATLAN,393.05,414.92,-21.87,0
2020-11-23,6,MAZATLAN,399.74,426.42,-26.68,0
2020-11-23,7,MAZATLAN,421.14,452.14,-30.99,0
2020-11-23,8,MAZATLAN,429.95,461.2,-31.25,0
2020-11-23,9,MAZATLAN,425.66,463.28,-37.62,0
2020-11-23,10,MAZATLAN,414.89,460.52,-40.36,-5.27
2020-11-23,11,MAZATLAN,417.31,460.71,-41.6,-1.8
2020-11-23,12,MAZATLAN,420.28,464.86,-40.39,-4.19
2020-11-23,13,MAZATLAN,442.19,481.56,-39.37,0
2020-11-23,14,MAZATLAN,457.49,491.37,-35.79,1.91
2020-11-23,15,MAZATLAN,445.55,480.67,-36.35,1.23
2020-11-23,16,MAZATLAN,452.17,485.78,-34.85,1.24
2020-11-23,17,MAZATLAN,472.92,497.74,-27.8,2.97
2020-11-23,18,MAZATLAN,495.38,534.92,-26.08,-13.46
2020-11-23,19,MAZATLAN,657.84,759.14,-32.06,-69.23
2020-11-23,20,MAZATLAN,652.01,748.42,-28.64,-67.77
2020-11-23,21,MAZATLAN,551.35,609.33,-24.94,-33.04
2020-11-23,22,MAZATLAN,517.43,551.25,-13.99,-19.83
2020-11-23,23,MAZATLAN,505.16,535.22,-14.04,-16.02
2020-11-23,24,MAZATLAN,470.85,496.32,-16.44,-9.04
2020-11-23,1,MERIDA,470.68,448.02,22.66,0
2020-11-23,2,MERIDA,448.71,431.06,17.65,0
2020-11-23,3,MERIDA,440.31,409.72,30.6,0
2020-11-23,4,MERIDA,427.35,402.87,24.48,0
2020-11-23,5,MERIDA,428.11,414.92,13.2,0
2020-11-23,6,MERIDA,431.58,426.42,5.16,0
2020-11-23,7,MERIDA,458.98,452.14,6.84,0
2020-11-23,8,MERIDA,468.16,461.2,6.96,0
2020-11-23,9,MERIDA,476.92,463.28,13.64,0
2020-11-23,10,MERIDA,479.65,460.52,19.16,-.02
2020-11-23,11,MERIDA,496.65,460.71,35.95,-.01
2020-11-23,12,MERIDA,482.14,464.86,17.31,-.03
2020-11-23,13,MERIDA,508.46,481.56,26.9,0
2020-11-23,14,MERIDA,519.18,491.37,27.85,-.03
2020-11-23,15,MERIDA,503.41,480.67,22.77,-.02
2020-11-23,16,MERIDA,513.45,485.78,27.7,-.02
2020-11-23,17,MERIDA,518.07,497.74,20.38,-.05
2020-11-23,18,MERIDA,550.58,534.92,17.99,-2.32
2020-11-23,19,MERIDA,777.25,759.14,30.06,-11.95
2020-11-23,20,MERIDA,761.31,748.42,24.7,-11.8
2020-11-23,21,MERIDA,618.99,609.33,15.42,-5.75
2020-11-23,22,MERIDA,562.26,551.25,14.47,-3.45
2020-11-23,23,MERIDA,551.8,535.22,19.37,-2.79
2020-11-23,24,MERIDA,521.13,496.32,26.39,-1.57
2020-11-23,1,MINAS,469.75,448.02,21.73,0
2020-11-23,2,MINAS,450.24,431.06,19.18,0
2020-11-23,3,MINAS,425.61,409.72,15.9,0
2020-11-23,4,MINAS,418.47,402.87,15.6,0
2020-11-23,5,MINAS,431.05,414.92,16.13,0
2020-11-23,6,MINAS,439.95,426.42,13.53,0
2020-11-23,7,MINAS,469.4,452.14,17.26,0
2020-11-23,8,MINAS,484.23,461.2,23.04,0
2020-11-23,9,MINAS,484.98,463.28,21.7,0
2020-11-23,10,MINAS,484.85,460.52,23.51,.82
2020-11-23,11,MINAS,485.77,460.71,24.83,.23
2020-11-23,12,MINAS,492.84,464.86,27.45,.53
2020-11-23,13,MINAS,513.33,481.56,31.78,0
2020-11-23,14,MINAS,525.84,491.37,34.05,.42
2020-11-23,15,MINAS,513.79,480.67,32.85,.27
2020-11-23,16,MINAS,521.08,485.78,35.03,.27
2020-11-23,17,MINAS,539.47,497.74,41.08,.65
2020-11-23,18,MINAS,584.43,534.92,48.23,1.29
2020-11-23,19,MINAS,840.33,759.14,74.56,6.64
2020-11-23,20,MINAS,828.1,748.42,73.19,6.49
2020-11-23,21,MINAS,668.78,609.33,56.29,3.17
2020-11-23,22,MINAS,606.74,551.25,53.59,1.9
2020-11-23,23,MINAS,583.35,535.22,46.58,1.56
2020-11-23,24,MINAS,530.62,496.32,33.44,.87
2020-11-23,1,MONCLOVA,388.04,448.02,-59.98,0
2020-11-23,2,MONCLOVA,380.36,431.06,-50.7,0
2020-11-23,3,MONCLOVA,363.65,409.72,-46.07,0
2020-11-23,4,MONCLOVA,360.71,402.87,-42.17,0
2020-11-23,5,MONCLOVA,370.68,414.92,-44.24,0
2020-11-23,6,MONCLOVA,377.03,426.42,-49.39,0
2020-11-23,7,MONCLOVA,397.14,452.14,-54.99,0
2020-11-23,8,MONCLOVA,407.4,461.2,-53.8,0
2020-11-23,9,MONCLOVA,404.72,463.28,-58.57,0
2020-11-23,10,MONCLOVA,398.21,460.52,-61.06,-1.26
2020-11-23,11,MONCLOVA,395.09,460.71,-65.18,-.44
2020-11-23,12,MONCLOVA,399.46,464.86,-64.39,-1.01
2020-11-23,13,MONCLOVA,416,481.56,-65.56,0
2020-11-23,14,MONCLOVA,425.81,491.37,-64.21,-1.36
2020-11-23,15,MONCLOVA,412.22,480.67,-67.58,-.87
2020-11-23,16,MONCLOVA,412.33,485.78,-72.57,-.88
2020-11-23,17,MONCLOVA,424.4,497.74,-71.23,-2.11
2020-11-23,18,MONCLOVA,413.01,534.92,-73.67,-48.24
2020-11-23,19,MONCLOVA,409.53,759.14,-101.41,-248.2
2020-11-23,20,MONCLOVA,402.7,748.42,-102.7,-243.02
2020-11-23,21,MONCLOVA,406.16,609.33,-84.69,-118.48
2020-11-23,22,MONCLOVA,404.7,551.25,-75.45,-71.1
2020-11-23,23,MONCLOVA,403.74,535.22,-74.03,-57.45
2020-11-23,24,MONCLOVA,394.15,496.32,-69.77,-32.41
2020-11-23,1,MONTEMORELOS,402.73,448.02,-45.28,0
2020-11-23,2,MONTEMORELOS,393.24,431.06,-37.82,0
2020-11-23,3,MONTEMORELOS,376.15,409.72,-33.57,0
2020-11-23,4,MONTEMORELOS,372.76,402.87,-30.11,0
2020-11-23,5,MONTEMORELOS,383.2,414.92,-31.72,0
2020-11-23,6,MONTEMORELOS,390.8,426.42,-35.62,0
2020-11-23,7,MONTEMORELOS,411.64,452.14,-40.49,0
2020-11-23,8,MONTEMORELOS,421.36,461.2,-39.84,0
2020-11-23,9,MONTEMORELOS,419.91,463.28,-43.37,0
2020-11-23,10,MONTEMORELOS,414.79,460.52,-44.73,-1
2020-11-23,11,MONTEMORELOS,412.72,460.71,-47.64,-.35
2020-11-23,12,MONTEMORELOS,416.83,464.86,-47.22,-.81
2020-11-23,13,MONTEMORELOS,434.08,481.56,-47.47,0
2020-11-23,14,MONTEMORELOS,444.5,491.37,-46.02,-.85
2020-11-23,15,MONTEMORELOS,430.31,480.67,-49.81,-.55
2020-11-23,16,MONTEMORELOS,430.66,485.78,-54.56,-.55
2020-11-23,17,MONTEMORELOS,441.15,497.74,-55.26,-1.33
2020-11-23,18,MONTEMORELOS,433.81,534.92,-58.49,-42.62
2020-11-23,19,MONTEMORELOS,457.87,759.14,-81.16,-220.12
2020-11-23,20,MONTEMORELOS,451.12,748.42,-81.83,-215.47
2020-11-23,21,MONTEMORELOS,436.51,609.33,-67.75,-105.06
2020-11-23,22,MONTEMORELOS,427.39,551.25,-60.86,-63
2020-11-23,23,MONTEMORELOS,423.94,535.22,-60.52,-50.77
2020-11-23,24,MONTEMORELOS,411.07,496.32,-56.65,-28.61
2020-11-23,1,MONTERREY,395.91,448.02,-52.11,0
2020-11-23,2,MONTERREY,387.35,431.06,-43.71,0
2020-11-23,3,MONTERREY,370.56,409.72,-39.16,0
2020-11-23,4,MONTERREY,367.49,402.87,-35.39,0
2020-11-23,5,MONTERREY,377.68,414.92,-37.24,0
2020-11-23,6,MONTERREY,384.78,426.42,-41.64,0
2020-11-23,7,MONTERREY,405.03,452.14,-47.11,0
2020-11-23,8,MONTERREY,415.26,461.2,-45.94,0
2020-11-23,9,MONTERREY,412.76,463.28,-50.52,0
2020-11-23,10,MONTERREY,407.04,460.52,-52.35,-1.13
2020-11-23,11,MONTERREY,404.54,460.71,-55.78,-.39
2020-11-23,12,MONTERREY,408.5,464.86,-55.45,-.91
2020-11-23,13,MONTERREY,425.69,481.56,-55.87,0
2020-11-23,14,MONTERREY,435.9,491.37,-54.51,-.96
2020-11-23,15,MONTERREY,421.44,480.67,-58.61,-.62
2020-11-23,16,MONTERREY,421.32,485.78,-63.84,-.62
2020-11-23,17,MONTERREY,431.94,497.74,-64.31,-1.49
2020-11-23,18,MONTERREY,419,534.92,-68.12,-47.81
2020-11-23,19,MONTERREY,417.4,759.14,-95.78,-245.97
2020-11-23,20,MONTERREY,411.59,748.42,-96.02,-240.81
2020-11-23,21,MONTERREY,413.2,609.33,-78.75,-117.38
2020-11-23,22,MONTERREY,410.78,551.25,-70.04,-70.44
2020-11-23,23,MONTERREY,409.71,535.22,-68.6,-56.92
2020-11-23,24,MONTERREY,400.25,496.32,-63.97,-32.1
2020-11-23,1,MORELIA,460.42,448.02,12.41,0
2020-11-23,2,MORELIA,442.29,431.06,11.24,0
2020-11-23,3,MORELIA,418.14,409.72,8.43,0
2020-11-23,4,MORELIA,411.08,402.87,8.2,0
2020-11-23,5,MORELIA,423.83,414.92,8.91,0
2020-11-23,6,MORELIA,436.56,426.42,10.14,0
2020-11-23,7,MORELIA,464.34,452.14,12.21,0
2020-11-23,8,MORELIA,477.12,461.2,15.92,0
2020-11-23,9,MORELIA,480.78,463.28,17.5,0
2020-11-23,10,MORELIA,479.94,460.52,19.24,.18
2020-11-23,11,MORELIA,480.13,460.71,19.36,.05
2020-11-23,12,MORELIA,486.27,464.86,21.29,.12
2020-11-23,13,MORELIA,504.16,481.56,22.61,0
2020-11-23,14,MORELIA,515.33,491.37,23.86,.1
2020-11-23,15,MORELIA,502.64,480.67,21.91,.06
2020-11-23,16,MORELIA,509.1,485.78,23.25,.06
2020-11-23,17,MORELIA,523.62,497.74,25.72,.15
2020-11-23,18,MORELIA,561.86,534.92,25.57,1.38
2020-11-23,19,MORELIA,804.22,759.14,38.16,6.92
2020-11-23,20,MORELIA,795.5,748.42,40.38,6.7
2020-11-23,21,MORELIA,643.58,609.33,30.99,3.26
2020-11-23,22,MORELIA,580.99,551.25,27.76,1.98
2020-11-23,23,MORELIA,563.46,535.22,26.61,1.63
2020-11-23,24,MORELIA,518.97,496.32,21.72,.93
2020-11-23,1,MORELOS,470.1,448.02,22.08,0
2020-11-23,2,MORELOS,449.33,431.06,18.28,0
2020-11-23,3,MORELOS,427.19,409.72,17.47,0
2020-11-23,4,MORELOS,418.51,402.87,15.63,0
2020-11-23,5,MORELOS,429.94,414.92,15.02,0
2020-11-23,6,MORELOS,442.53,426.42,16.11,0
2020-11-23,7,MORELOS,472.4,452.14,20.26,0
2020-11-23,8,MORELOS,481.94,461.2,20.74,0
2020-11-23,9,MORELOS,487.43,463.28,24.15,0
2020-11-23,10,MORELOS,486.59,460.52,26.07,0
2020-11-23,11,MORELOS,489.32,460.71,28.61,-.01
2020-11-23,12,MORELOS,492.72,464.86,27.87,-.01
2020-11-23,13,MORELOS,510.29,481.56,28.73,0
2020-11-23,14,MORELOS,520.66,491.37,29.3,-.02
2020-11-23,15,MORELOS,508.64,480.67,27.98,-.01
2020-11-23,16,MORELOS,514.54,485.78,28.78,-.01
2020-11-23,17,MORELOS,525.91,497.74,28.19,-.03
2020-11-23,18,MORELOS,558.56,534.92,25.52,-1.88
2020-11-23,19,MORELOS,791.14,759.14,41.66,-9.67
2020-11-23,20,MORELOS,781.61,748.42,42.73,-9.55
2020-11-23,21,MORELOS,637.14,609.33,32.47,-4.66
2020-11-23,22,MORELOS,576.97,551.25,28.51,-2.79
2020-11-23,23,MORELOS,561.23,535.22,28.26,-2.26
2020-11-23,24,MORELOS,520.54,496.32,25.49,-1.27
2020-11-23,1,MOTUL TIZIMIN,465.28,448.02,17.27,0
2020-11-23,2,MOTUL TIZIMIN,445.62,431.06,14.56,0
2020-11-23,3,MOTUL TIZIMIN,443.94,409.72,34.23,0
2020-11-23,4,MOTUL TIZIMIN,429.55,402.87,26.67,0
2020-11-23,5,MOTUL TIZIMIN,426.11,414.92,11.2,0
2020-11-23,6,MOTUL TIZIMIN,426.9,426.42,.48,0
2020-11-23,7,MOTUL TIZIMIN,454.49,452.14,2.36,0
2020-11-23,8,MOTUL TIZIMIN,463.45,461.2,2.25,0
2020-11-23,9,MOTUL TIZIMIN,470.9,463.28,7.62,0
2020-11-23,10,MOTUL TIZIMIN,473.9,460.52,13.4,-.02
2020-11-23,11,MOTUL TIZIMIN,495.02,460.71,34.32,-.01
2020-11-23,12,MOTUL TIZIMIN,472.55,464.86,7.72,-.03
2020-11-23,13,MOTUL TIZIMIN,501.44,481.56,19.88,0
2020-11-23,14,MOTUL TIZIMIN,509.95,491.37,18.61,-.03
2020-11-23,15,MOTUL TIZIMIN,490.97,480.67,10.32,-.02
2020-11-23,16,MOTUL TIZIMIN,500.81,485.78,15.06,-.02
2020-11-23,17,MOTUL TIZIMIN,507.1,497.74,9.41,-.05
2020-11-23,18,MOTUL TIZIMIN,537.84,534.92,5.25,-2.32
2020-11-23,19,MOTUL TIZIMIN,756.31,759.14,9.12,-11.95
2020-11-23,20,MOTUL TIZIMIN,740.16,748.42,3.55,-11.8
2020-11-23,21,MOTUL TIZIMIN,603.03,609.33,-.54,-5.75
2020-11-23,22,MOTUL TIZIMIN,548.25,551.25,.46,-3.45
2020-11-23,23,MOTUL TIZIMIN,536.36,535.22,3.93,-2.79
2020-11-23,24,MOTUL TIZIMIN,510.59,496.32,15.84,-1.57
2020-11-23,1,NAVOJOA,370.42,448.02,-77.59,0
2020-11-23,2,NAVOJOA,362.88,431.06,-68.18,0
2020-11-23,3,NAVOJOA,347.91,409.72,-61.81,0
2020-11-23,4,NAVOJOA,343.34,402.87,-59.53,0
2020-11-23,5,NAVOJOA,348.64,414.92,-66.28,0
2020-11-23,6,NAVOJOA,351.33,426.42,-75.09,0
2020-11-23,7,NAVOJOA,366.44,452.14,-85.7,0
2020-11-23,8,NAVOJOA,372.44,461.2,-88.76,0
2020-11-23,9,NAVOJOA,367.28,463.28,-96,0
2020-11-23,10,NAVOJOA,351.52,460.52,-104.24,-4.76
2020-11-23,11,NAVOJOA,348.27,460.71,-110.82,-1.62
2020-11-23,12,NAVOJOA,348.83,464.86,-112.23,-3.81
2020-11-23,13,NAVOJOA,368.2,481.56,-113.35,0
2020-11-23,14,NAVOJOA,361.22,491.37,-108.26,-21.9
2020-11-23,15,NAVOJOA,357.34,480.67,-109.28,-14.05
2020-11-23,16,NAVOJOA,363.05,485.78,-108.55,-14.18
2020-11-23,17,NAVOJOA,365.45,497.74,-98.24,-34.04
2020-11-23,18,NAVOJOA,420.21,534.92,-97,-17.71
2020-11-23,19,NAVOJOA,552.82,759.14,-115.24,-91.08
2020-11-23,20,NAVOJOA,550.32,748.42,-108.93,-89.17
2020-11-23,21,NAVOJOA,471.88,609.33,-93.98,-43.47
2020-11-23,22,NAVOJOA,447.48,551.25,-77.68,-26.09
2020-11-23,23,NAVOJOA,438.53,535.22,-75.62,-21.08
2020-11-23,24,NAVOJOA,409.41,496.32,-75.02,-11.89
2020-11-23,1,NOGALES,372.67,448.02,-75.35,0
2020-11-23,2,NOGALES,373.11,431.06,-57.95,0
2020-11-23,3,NOGALES,358.3,409.72,-51.42,0
2020-11-23,4,NOGALES,354.31,402.87,-48.57,0
2020-11-23,5,NOGALES,358.81,414.92,-56.11,0
2020-11-23,6,NOGALES,361.88,426.42,-64.55,0
2020-11-23,7,NOGALES,377.2,452.14,-74.93,0
2020-11-23,8,NOGALES,384.46,461.2,-76.74,0
2020-11-23,9,NOGALES,380.63,463.28,-82.66,0
2020-11-23,10,NOGALES,354.58,460.52,-101.9,-4.04
2020-11-23,11,NOGALES,342.73,460.71,-116.6,-1.38
2020-11-23,12,NOGALES,340.5,464.86,-121.1,-3.27
2020-11-23,13,NOGALES,359.24,481.56,-122.31,0
2020-11-23,14,NOGALES,355.15,491.37,-119.11,-17.12
2020-11-23,15,NOGALES,348.29,480.67,-121.39,-10.99
2020-11-23,16,NOGALES,351.29,485.78,-123.4,-11.09
2020-11-23,17,NOGALES,361.85,497.74,-109.27,-26.62
2020-11-23,18,NOGALES,411.95,534.92,-99.57,-23.4
2020-11-23,19,NOGALES,530.56,759.14,-108.07,-120.51
2020-11-23,20,NOGALES,528.98,748.42,-101.51,-117.93
2020-11-23,21,NOGALES,462.72,609.33,-89.09,-57.52
2020-11-23,22,NOGALES,447.18,551.25,-69.55,-34.52
2020-11-23,23,NOGALES,438.54,535.22,-68.78,-27.9
2020-11-23,24,NOGALES,412.41,496.32,-68.17,-15.74
2020-11-23,1,NUEVO LAREDO,384.92,448.02,-63.1,0
2020-11-23,2,NUEVO LAREDO,377.27,431.06,-53.79,0
2020-11-23,3,NUEVO LAREDO,360.52,409.72,-49.19,0
2020-11-23,4,NUEVO LAREDO,357.84,402.87,-45.03,0
2020-11-23,5,NUEVO LAREDO,367.6,414.92,-47.32,0
2020-11-23,6,NUEVO LAREDO,373.36,426.42,-53.07,0
2020-11-23,7,NUEVO LAREDO,393.39,452.14,-58.75,0
2020-11-23,8,NUEVO LAREDO,403.9,461.2,-57.3,0
2020-11-23,9,NUEVO LAREDO,401.45,463.28,-61.83,0
2020-11-23,10,NUEVO LAREDO,394.52,460.52,-64.68,-1.32
2020-11-23,11,NUEVO LAREDO,391.58,460.71,-68.67,-.46
2020-11-23,12,NUEVO LAREDO,396.61,464.86,-67.19,-1.06
2020-11-23,13,NUEVO LAREDO,412.78,481.56,-68.77,0
2020-11-23,14,NUEVO LAREDO,422.61,491.37,-67.14,-1.62
2020-11-23,15,NUEVO LAREDO,409.51,480.67,-70.12,-1.04
2020-11-23,16,NUEVO LAREDO,409.34,485.78,-75.38,-1.05
2020-11-23,17,NUEVO LAREDO,422.29,497.74,-72.91,-2.53
2020-11-23,18,NUEVO LAREDO,413.3,534.92,-74.46,-47.16
2020-11-23,19,NUEVO LAREDO,416.06,759.14,-100.44,-242.64
2020-11-23,20,NUEVO LAREDO,408.18,748.42,-102.62,-237.62
2020-11-23,21,NUEVO LAREDO,408.42,609.33,-85.06,-115.85
2020-11-23,22,NUEVO LAREDO,405.69,551.25,-76.04,-69.52
2020-11-23,23,NUEVO LAREDO,403.78,535.22,-75.27,-56.18
2020-11-23,24,NUEVO LAREDO,392.95,496.32,-71.68,-31.69
2020-11-23,1,OAXACA,467.01,448.02,19,0
2020-11-23,2,OAXACA,444.56,431.06,13.5,0
2020-11-23,3,OAXACA,424.11,409.72,14.4,0
2020-11-23,4,OAXACA,413.89,402.87,11.01,0
2020-11-23,5,OAXACA,423.6,414.92,8.68,0
2020-11-23,6,OAXACA,435.35,426.42,8.93,0
2020-11-23,7,OAXACA,468.28,452.14,16.15,0
2020-11-23,8,OAXACA,478.89,461.2,17.7,0
2020-11-23,9,OAXACA,485.64,463.28,22.36,0
2020-11-23,10,OAXACA,485.21,460.52,24.71,-.02
2020-11-23,11,OAXACA,488.64,460.71,27.95,-.01
2020-11-23,12,OAXACA,490.47,464.86,25.63,-.03
2020-11-23,13,OAXACA,509.11,481.56,27.55,0
2020-11-23,14,OAXACA,519.44,491.37,28.1,-.03
2020-11-23,15,OAXACA,508.75,480.67,28.11,-.02
2020-11-23,16,OAXACA,514.99,485.78,29.24,-.02
2020-11-23,17,OAXACA,524.01,497.74,26.32,-.05
2020-11-23,18,OAXACA,554.96,534.92,22.39,-2.35
2020-11-23,19,OAXACA,793.53,759.14,46.48,-12.1
2020-11-23,20,OAXACA,783.99,748.42,47.51,-11.94
2020-11-23,21,OAXACA,636,609.33,32.5,-5.82
2020-11-23,22,OAXACA,575.65,551.25,27.9,-3.5
2020-11-23,23,OAXACA,559.51,535.22,27.11,-2.82
2020-11-23,24,OAXACA,519.07,496.32,24.34,-1.59
2020-11-23,1,OBREGON,369.15,448.02,-78.87,0
2020-11-23,2,OBREGON,362.62,431.06,-68.44,0
2020-11-23,3,OBREGON,347.96,409.72,-61.75,0
2020-11-23,4,OBREGON,343.62,402.87,-59.25,0
2020-11-23,5,OBREGON,348.89,414.92,-66.03,0
2020-11-23,6,OBREGON,351.26,426.42,-75.17,0
2020-11-23,7,OBREGON,365.82,452.14,-86.32,0
2020-11-23,8,OBREGON,371.37,461.2,-89.83,0
2020-11-23,9,OBREGON,367.25,463.28,-96.03,0
2020-11-23,10,OBREGON,352.89,460.52,-102.93,-4.7
2020-11-23,11,OBREGON,348.64,460.71,-110.47,-1.6
2020-11-23,12,OBREGON,348.38,464.86,-112.73,-3.76
2020-11-23,13,OBREGON,367.41,481.56,-114.14,0
2020-11-23,14,OBREGON,361,491.37,-108.91,-21.46
2020-11-23,15,OBREGON,356.47,480.67,-110.42,-13.77
2020-11-23,16,OBREGON,362.17,485.78,-109.71,-13.9
2020-11-23,17,OBREGON,365.35,497.74,-99.02,-33.37
2020-11-23,18,OBREGON,416.9,534.92,-99.8,-18.22
2020-11-23,19,OBREGON,546.3,759.14,-119.12,-93.72
2020-11-23,20,OBREGON,543.07,748.42,-113.59,-91.76
2020-11-23,21,OBREGON,467.13,609.33,-97.46,-44.73
2020-11-23,22,OBREGON,444.26,551.25,-80.14,-26.85
2020-11-23,23,OBREGON,435.01,535.22,-78.52,-21.69
2020-11-23,24,OBREGON,406.69,496.32,-77.4,-12.24
2020-11-23,1,ORIZABA,455.41,448.02,7.4,0
2020-11-23,2,ORIZABA,434.54,431.06,3.48,0
2020-11-23,3,ORIZABA,414.67,409.72,4.95,0
2020-11-23,4,ORIZABA,405.24,402.87,2.37,0
2020-11-23,5,ORIZABA,415.05,414.92,.14,0
2020-11-23,6,ORIZABA,426.13,426.42,-.3,0
2020-11-23,7,ORIZABA,458.2,452.14,6.06,0
2020-11-23,8,ORIZABA,467.9,461.2,6.7,0
2020-11-23,9,ORIZABA,474.02,463.28,10.74,0
2020-11-23,10,ORIZABA,473.2,460.52,12.7,-.03
2020-11-23,11,ORIZABA,475.84,460.71,15.14,-.01
2020-11-23,12,ORIZABA,477.77,464.86,12.94,-.03
2020-11-23,13,ORIZABA,495.17,481.56,13.62,0
2020-11-23,14,ORIZABA,504.94,491.37,13.61,-.04
2020-11-23,15,ORIZABA,494.28,480.67,13.63,-.02
2020-11-23,16,ORIZABA,500.25,485.78,14.5,-.02
2020-11-23,17,ORIZABA,509.45,497.74,11.76,-.06
2020-11-23,18,ORIZABA,539.34,534.92,6.84,-2.41
2020-11-23,19,ORIZABA,762.13,759.14,15.4,-12.41
2020-11-23,20,ORIZABA,752.33,748.42,16.17,-12.26
2020-11-23,21,ORIZABA,613.14,609.33,9.79,-5.98
2020-11-23,22,ORIZABA,556.77,551.25,9.11,-3.59
2020-11-23,23,ORIZABA,543.25,535.22,10.93,-2.9
2020-11-23,24,ORIZABA,505.85,496.32,11.17,-1.63
2020-11-23,1,PIEDRAS NEGRAS,378.59,448.02,-69.43,0
2020-11-23,2,PIEDRAS NEGRAS,371.53,431.06,-59.53,0
2020-11-23,3,PIEDRAS NEGRAS,355.07,409.72,-54.65,0
2020-11-23,4,PIEDRAS NEGRAS,353.09,402.87,-49.78,0
2020-11-23,5,PIEDRAS NEGRAS,362.84,414.92,-52.08,0
2020-11-23,6,PIEDRAS NEGRAS,368.12,426.42,-58.3,0
2020-11-23,7,PIEDRAS NEGRAS,387.67,452.14,-64.47,0
2020-11-23,8,PIEDRAS NEGRAS,397.03,461.2,-64.17,0
2020-11-23,9,PIEDRAS NEGRAS,394.31,463.28,-68.98,0
2020-11-23,10,PIEDRAS NEGRAS,386.5,460.52,-72.66,-1.36
2020-11-23,11,PIEDRAS NEGRAS,382.81,460.71,-77.43,-.47
2020-11-23,12,PIEDRAS NEGRAS,388.01,464.86,-75.77,-1.09
2020-11-23,13,PIEDRAS NEGRAS,403.69,481.56,-77.86,0
2020-11-23,14,PIEDRAS NEGRAS,412.67,491.37,-76.97,-1.74
2020-11-23,15,PIEDRAS NEGRAS,398.94,480.67,-80.61,-1.12
2020-11-23,16,PIEDRAS NEGRAS,398.83,485.78,-85.83,-1.13
2020-11-23,17,PIEDRAS NEGRAS,411.89,497.74,-83.15,-2.7
2020-11-23,18,PIEDRAS NEGRAS,402.84,534.92,-85,-47.08
2020-11-23,19,PIEDRAS NEGRAS,401.79,759.14,-115.14,-242.21
2020-11-23,20,PIEDRAS NEGRAS,394.22,748.42,-117.05,-237.15
2020-11-23,21,PIEDRAS NEGRAS,397.98,609.33,-95.73,-115.62
2020-11-23,22,PIEDRAS NEGRAS,396.47,551.25,-85.39,-69.38
2020-11-23,23,PIEDRAS NEGRAS,395.12,535.22,-84.04,-56.06
2020-11-23,24,PIEDRAS NEGRAS,385.02,496.32,-79.68,-31.63
2020-11-23,1,POZA RICA,447.71,448.02,-.3,0
2020-11-23,2,POZA RICA,429.21,431.06,-1.85,0
2020-11-23,3,POZA RICA,409.06,409.72,-.66,0
2020-11-23,4,POZA RICA,401.57,402.87,-1.3,0
2020-11-23,5,POZA RICA,412.43,414.92,-2.49,0
2020-11-23,6,POZA RICA,423.33,426.42,-3.09,0
2020-11-23,7,POZA RICA,448.77,452.14,-3.36,0
2020-11-23,8,POZA RICA,456.12,461.2,-5.08,0
2020-11-23,9,POZA RICA,459.79,463.28,-3.5,0
2020-11-23,10,POZA RICA,458.87,460.52,-1.55,-.1
2020-11-23,11,POZA RICA,459.59,460.71,-1.08,-.04
2020-11-23,12,POZA RICA,464.02,464.86,-.76,-.08
2020-11-23,13,POZA RICA,479.03,481.56,-2.53,0
2020-11-23,14,POZA RICA,488.44,491.37,-2.85,-.08
2020-11-23,15,POZA RICA,479.4,480.67,-1.22,-.05
2020-11-23,16,POZA RICA,484.78,485.78,-.95,-.05
2020-11-23,17,POZA RICA,494.63,497.74,-2.98,-.13
2020-11-23,18,POZA RICA,523.98,534.92,-6.94,-4
2020-11-23,19,POZA RICA,732.42,759.14,-6.13,-20.59
2020-11-23,20,POZA RICA,723.82,748.42,-3.52,-21.08
2020-11-23,21,POZA RICA,596.04,609.33,-3.01,-10.27
2020-11-23,22,POZA RICA,541.19,551.25,-3.9,-6.16
2020-11-23,23,POZA RICA,526.59,535.22,-3.67,-4.96
2020-11-23,24,POZA RICA,490.79,496.32,-2.78,-2.75
2020-11-23,1,PUEBLA,461.81,448.02,13.79,0
2020-11-23,2,PUEBLA,441.24,431.06,10.18,0
2020-11-23,3,PUEBLA,420.21,409.72,10.5,0
2020-11-23,4,PUEBLA,411.54,402.87,8.67,0
2020-11-23,5,PUEBLA,422.56,414.92,7.65,0
2020-11-23,6,PUEBLA,434.62,426.42,8.2,0
2020-11-23,7,PUEBLA,463.71,452.14,11.57,0
2020-11-23,8,PUEBLA,472.96,461.2,11.76,0
2020-11-23,9,PUEBLA,478.54,463.28,15.26,0
2020-11-23,10,PUEBLA,477.49,460.52,16.99,-.02
2020-11-23,11,PUEBLA,479.66,460.71,18.96,-.01
2020-11-23,12,PUEBLA,482.34,464.86,17.5,-.03
2020-11-23,13,PUEBLA,499.6,481.56,18.04,0
2020-11-23,14,PUEBLA,509.48,491.37,18.14,-.03
2020-11-23,15,PUEBLA,498.69,480.67,18.04,-.02
2020-11-23,16,PUEBLA,504.75,485.78,18.99,-.02
2020-11-23,17,PUEBLA,515.02,497.74,17.33,-.05
2020-11-23,18,PUEBLA,546.6,534.92,13.91,-2.23
2020-11-23,19,PUEBLA,773.04,759.14,25.37,-11.47
2020-11-23,20,PUEBLA,763.31,748.42,26.22,-11.33
2020-11-23,21,PUEBLA,622.7,609.33,18.9,-5.52
2020-11-23,22,PUEBLA,564.51,551.25,16.57,-3.32
2020-11-23,23,PUEBLA,549.43,535.22,16.89,-2.68
2020-11-23,24,PUEBLA,510.54,496.32,15.73,-1.51
2020-11-23,1,QUERETARO,451.32,448.02,3.3,0
2020-11-23,2,QUERETARO,433.7,431.06,2.64,0
2020-11-23,3,QUERETARO,412.13,409.72,2.41,0
2020-11-23,4,QUERETARO,405.32,402.87,2.45,0
2020-11-23,5,QUERETARO,417.62,414.92,2.7,0
2020-11-23,6,QUERETARO,429.73,426.42,3.31,0
2020-11-23,7,QUERETARO,457.1,452.14,4.96,0
2020-11-23,8,QUERETARO,467.38,461.2,6.18,0
2020-11-23,9,QUERETARO,469.09,463.28,5.81,0
2020-11-23,10,QUERETARO,465.21,460.52,4.7,0
2020-11-23,11,QUERETARO,465.26,460.71,4.55,0
2020-11-23,12,QUERETARO,469.52,464.86,4.67,-.01
2020-11-23,13,QUERETARO,486.22,481.56,4.67,0
2020-11-23,14,QUERETARO,496.32,491.37,4.95,0
2020-11-23,15,QUERETARO,485.49,480.67,4.82,0
2020-11-23,16,QUERETARO,490.69,485.78,4.92,0
2020-11-23,17,QUERETARO,503.23,497.74,5.49,0
2020-11-23,18,QUERETARO,543.8,534.92,8.07,.82
2020-11-23,19,QUERETARO,775.23,759.14,11.88,4.21
2020-11-23,20,QUERETARO,764.42,748.42,11.87,4.13
2020-11-23,21,QUERETARO,621.95,609.33,10.61,2.02
2020-11-23,22,QUERETARO,561.39,551.25,8.93,1.21
2020-11-23,23,QUERETARO,543.78,535.22,7.57,.99
2020-11-23,24,QUERETARO,503.63,496.32,6.74,.56
2020-11-23,1,REYNOSA,386.43,448.02,-61.59,0
2020-11-23,2,REYNOSA,378.98,431.06,-52.08,0
2020-11-23,3,REYNOSA,364.15,409.72,-45.56,0
2020-11-23,4,REYNOSA,362.05,402.87,-40.82,0
2020-11-23,5,REYNOSA,372.54,414.92,-42.37,0
2020-11-23,6,REYNOSA,379.33,426.42,-47.09,0
2020-11-23,7,REYNOSA,396.31,452.14,-55.83,0
2020-11-23,8,REYNOSA,406.4,461.2,-54.8,0
2020-11-23,9,REYNOSA,404.74,463.28,-58.54,0
2020-11-23,10,REYNOSA,399.73,460.52,-59.65,-1.14
2020-11-23,11,REYNOSA,397.64,460.71,-62.68,-.4
2020-11-23,12,REYNOSA,403.36,464.86,-60.58,-.92
2020-11-23,13,REYNOSA,420.78,481.56,-60.78,0
2020-11-23,14,REYNOSA,430.11,491.37,-60.25,-1.01
2020-11-23,15,REYNOSA,417.15,480.67,-62.87,-.65
2020-11-23,16,REYNOSA,414.78,485.78,-70.35,-.65
2020-11-23,17,REYNOSA,422.5,497.74,-73.67,-1.56
2020-11-23,18,REYNOSA,401.68,534.92,-85.45,-47.8
2020-11-23,19,REYNOSA,385.35,759.14,-127.88,-245.92
2020-11-23,20,REYNOSA,380.35,748.42,-127.28,-240.79
2020-11-23,21,REYNOSA,389.62,609.33,-102.31,-117.39
2020-11-23,22,REYNOSA,389.63,551.25,-91.17,-70.45
2020-11-23,23,REYNOSA,389.77,535.22,-88.53,-56.92
2020-11-23,24,REYNOSA,380.72,496.32,-83.49,-32.11
2020-11-23,1,RIVIERA MAYA,479.77,448.02,31.75,0
2020-11-23,2,RIVIERA MAYA,457.78,431.06,26.72,0
2020-11-23,3,RIVIERA MAYA,450.23,409.72,40.51,0
2020-11-23,4,RIVIERA MAYA,437.32,402.87,34.44,0
2020-11-23,5,RIVIERA MAYA,437.7,414.92,22.79,0
2020-11-23,6,RIVIERA MAYA,441.9,426.42,15.48,0
2020-11-23,7,RIVIERA MAYA,471.29,452.14,19.15,0
2020-11-23,8,RIVIERA MAYA,481.18,461.2,19.98,0
2020-11-23,9,RIVIERA MAYA,489.34,463.28,26.06,0
2020-11-23,10,RIVIERA MAYA,494.75,460.52,34.26,-.02
2020-11-23,11,RIVIERA MAYA,513.94,460.71,53.24,-.01
2020-11-23,12,RIVIERA MAYA,496.55,464.86,31.72,-.03
2020-11-23,13,RIVIERA MAYA,524.06,481.56,42.51,0
2020-11-23,14,RIVIERA MAYA,535.46,491.37,44.12,-.03
2020-11-23,15,RIVIERA MAYA,516.12,480.67,35.47,-.02
2020-11-23,16,RIVIERA MAYA,525.95,485.78,40.19,-.02
2020-11-23,17,RIVIERA MAYA,529.6,497.74,31.91,-.05
2020-11-23,18,RIVIERA MAYA,562.46,534.92,29.86,-2.32
2020-11-23,19,RIVIERA MAYA,794.95,759.14,47.77,-11.95
2020-11-23,20,RIVIERA MAYA,779.32,748.42,42.7,-11.8
2020-11-23,21,RIVIERA MAYA,632.67,609.33,29.1,-5.75
2020-11-23,22,RIVIERA MAYA,575.63,551.25,27.83,-3.45
2020-11-23,23,RIVIERA MAYA,563.66,535.22,31.23,-2.79
2020-11-23,24,RIVIERA MAYA,531.56,496.32,36.81,-1.57
2020-11-23,1,SABINAS,382.46,448.02,-65.56,0
2020-11-23,2,SABINAS,375.11,431.06,-55.95,0
2020-11-23,3,SABINAS,358.52,409.72,-51.2,0
2020-11-23,4,SABINAS,355.9,402.87,-46.97,0
2020-11-23,5,SABINAS,365.68,414.92,-49.24,0
2020-11-23,6,SABINAS,371.43,426.42,-54.99,0
2020-11-23,7,SABINAS,391.43,452.14,-60.71,0
2020-11-23,8,SABINAS,401.75,461.2,-59.45,0
2020-11-23,9,SABINAS,399.19,463.28,-64.09,0
2020-11-23,10,SABINAS,392.14,460.52,-67.05,-1.33
2020-11-23,11,SABINAS,388.81,460.71,-71.44,-.46
2020-11-23,12,SABINAS,393.53,464.86,-70.27,-1.07
2020-11-23,13,SABINAS,409.57,481.56,-71.98,0
2020-11-23,14,SABINAS,419.07,491.37,-70.67,-1.63
2020-11-23,15,SABINAS,405.7,480.67,-73.92,-1.05
2020-11-23,16,SABINAS,405.75,485.78,-78.97,-1.06
2020-11-23,17,SABINAS,418.57,497.74,-76.63,-2.53
2020-11-23,18,SABINAS,409.04,534.92,-78.48,-47.4
2020-11-23,19,SABINAS,408.84,759.14,-106.42,-243.88
2020-11-23,20,SABINAS,401.48,748.42,-108.16,-238.79
2020-11-23,21,SABINAS,403.61,609.33,-89.3,-116.42
2020-11-23,22,SABINAS,401.68,551.25,-79.7,-69.86
2020-11-23,23,SABINAS,400.26,535.22,-78.51,-56.45
2020-11-23,24,SABINAS,390.12,496.32,-74.36,-31.85
2020-11-23,1,SALTILLO,399.67,448.02,-48.35,0
2020-11-23,2,SALTILLO,390.97,431.06,-40.09,0
2020-11-23,3,SALTILLO,373.89,409.72,-35.83,0
2020-11-23,4,SALTILLO,370.38,402.87,-32.49,0
2020-11-23,5,SALTILLO,380.73,414.92,-34.19,0
2020-11-23,6,SALTILLO,388.15,426.42,-38.28,0
2020-11-23,7,SALTILLO,409.17,452.14,-42.96,0
2020-11-23,8,SALTILLO,419.59,461.2,-41.61,0
2020-11-23,9,SALTILLO,415.7,463.28,-47.59,0
2020-11-23,10,SALTILLO,409.33,460.52,-50,-1.19
2020-11-23,11,SALTILLO,406.19,460.71,-54.1,-.42
2020-11-23,12,SALTILLO,410.11,464.86,-53.79,-.96
2020-11-23,13,SALTILLO,427.21,481.56,-54.35,0
2020-11-23,14,SALTILLO,437.67,491.37,-52.79,-.91
2020-11-23,15,SALTILLO,423.64,480.67,-56.44,-.58
2020-11-23,16,SALTILLO,424.08,485.78,-61.11,-.59
2020-11-23,17,SALTILLO,435.72,497.74,-60.61,-1.41
2020-11-23,18,SALTILLO,420.74,534.92,-61.71,-52.46
2020-11-23,19,SALTILLO,403.66,759.14,-85.42,-270.06
2020-11-23,20,SALTILLO,398.25,748.42,-85.69,-264.48
2020-11-23,21,SALTILLO,409.56,609.33,-70.75,-129.01
2020-11-23,22,SALTILLO,410.98,551.25,-62.84,-77.43
2020-11-23,23,SALTILLO,411.28,535.22,-61.41,-62.54
2020-11-23,24,SALTILLO,403.78,496.32,-57.27,-35.27
2020-11-23,1,SALVATIERRA,455.33,448.02,7.31,0
2020-11-23,2,SALVATIERRA,437.85,431.06,6.79,0
2020-11-23,3,SALVATIERRA,414.96,409.72,5.25,0
2020-11-23,4,SALVATIERRA,408.2,402.87,5.33,0
2020-11-23,5,SALVATIERRA,420.75,414.92,5.83,0
2020-11-23,6,SALVATIERRA,433.22,426.42,6.8,0
2020-11-23,7,SALVATIERRA,460.69,452.14,8.55,0
2020-11-23,8,SALVATIERRA,472.47,461.2,11.27,0
2020-11-23,9,SALVATIERRA,475.71,463.28,12.43,0
2020-11-23,10,SALVATIERRA,474.05,460.52,13.44,.09
2020-11-23,11,SALVATIERRA,473.89,460.71,13.15,.03
2020-11-23,12,SALVATIERRA,478.64,464.86,13.71,.07
2020-11-23,13,SALVATIERRA,496.93,481.56,15.38,0
2020-11-23,14,SALVATIERRA,507.41,491.37,15.98,.06
2020-11-23,15,SALVATIERRA,496.25,480.67,15.54,.04
2020-11-23,16,SALVATIERRA,502.04,485.78,16.22,.04
2020-11-23,17,SALVATIERRA,515.98,497.74,18.15,.09
2020-11-23,18,SALVATIERRA,555.65,534.92,18.99,1.74
2020-11-23,19,SALVATIERRA,796.66,759.14,28.61,8.92
2020-11-23,20,SALVATIERRA,787.36,748.42,30.21,8.73
2020-11-23,21,SALVATIERRA,636.98,609.33,23.39,4.27
2020-11-23,22,SALVATIERRA,574.46,551.25,20.64,2.57
2020-11-23,23,SALVATIERRA,555.93,535.22,18.63,2.08
2020-11-23,24,SALVATIERRA,512.32,496.32,14.83,1.17
2020-11-23,1,SAN CRISTOBAL,475.49,448.02,27.47,0
2020-11-23,2,SAN CRISTOBAL,451.51,431.06,20.45,0
2020-11-23,3,SAN CRISTOBAL,432.83,409.72,23.12,0
2020-11-23,4,SAN CRISTOBAL,421.62,402.87,18.74,0
2020-11-23,5,SAN CRISTOBAL,430.4,414.92,15.48,0
2020-11-23,6,SAN CRISTOBAL,441.49,426.42,15.07,0
2020-11-23,7,SAN CRISTOBAL,475.19,452.14,23.05,0
2020-11-23,8,SAN CRISTOBAL,482.88,461.2,21.68,0
2020-11-23,9,SAN CRISTOBAL,489.75,463.28,26.47,0
2020-11-23,10,SAN CRISTOBAL,486.5,460.52,26.01,-.02
2020-11-23,11,SAN CRISTOBAL,490.48,460.71,29.78,-.01
2020-11-23,12,SAN CRISTOBAL,489.75,464.86,24.92,-.03
2020-11-23,13,SAN CRISTOBAL,509.12,481.56,27.57,0
2020-11-23,14,SAN CRISTOBAL,519.86,491.37,28.52,-.03
2020-11-23,15,SAN CRISTOBAL,508.96,480.67,28.32,-.02
2020-11-23,16,SAN CRISTOBAL,519.83,485.78,34.08,-.02
2020-11-23,17,SAN CRISTOBAL,527.55,497.74,29.86,-.05
2020-11-23,18,SAN CRISTOBAL,563.5,534.92,30.9,-2.32
2020-11-23,19,SAN CRISTOBAL,806.68,759.14,59.49,-11.95
2020-11-23,20,SAN CRISTOBAL,792.34,748.42,55.72,-11.8
2020-11-23,21,SAN CRISTOBAL,639.55,609.33,35.98,-5.75
2020-11-23,22,SAN CRISTOBAL,578.71,551.25,30.92,-3.45
2020-11-23,23,SAN CRISTOBAL,565.29,535.22,32.86,-2.79
2020-11-23,24,SAN CRISTOBAL,527.88,496.32,33.14,-1.57
2020-11-23,1,SAN JUAN DEL RIO,464.14,448.02,16.13,0
2020-11-23,2,SAN JUAN DEL RIO,445.29,431.06,14.23,0
2020-11-23,3,SAN JUAN DEL RIO,423.28,409.72,13.56,0
2020-11-23,4,SAN JUAN DEL RIO,415.8,402.87,12.93,0
2020-11-23,5,SAN JUAN DEL RIO,428.27,414.92,13.35,0
2020-11-23,6,SAN JUAN DEL RIO,440.91,426.42,14.49,0
2020-11-23,7,SAN JUAN DEL RIO,469.71,452.14,17.57,0
2020-11-23,8,SAN JUAN DEL RIO,480.18,461.2,18.98,0
2020-11-23,9,SAN JUAN DEL RIO,481.73,463.28,18.45,0
2020-11-23,10,SAN JUAN DEL RIO,477.31,460.52,16.8,0
2020-11-23,11,SAN JUAN DEL RIO,478.12,460.71,17.41,0
2020-11-23,12,SAN JUAN DEL RIO,482.05,464.86,17.2,-.01
2020-11-23,13,SAN JUAN DEL RIO,498.5,481.56,16.94,0
2020-11-23,14,SAN JUAN DEL RIO,508.43,491.37,17.06,-.01
2020-11-23,15,SAN JUAN DEL RIO,497.35,480.67,16.69,0
2020-11-23,16,SAN JUAN DEL RIO,502.48,485.78,16.71,0
2020-11-23,17,SAN JUAN DEL RIO,514.02,497.74,16.28,-.01
2020-11-23,18,SAN JUAN DEL RIO,552.1,534.92,17.18,.01
2020-11-23,19,SAN JUAN DEL RIO,777.55,759.14,18.4,.01
2020-11-23,20,SAN JUAN DEL RIO,767.31,748.42,18.9,-.01
2020-11-23,21,SAN JUAN DEL RIO,631.01,609.33,21.69,0
2020-11-23,22,SAN JUAN DEL RIO,569.51,551.25,18.26,0
2020-11-23,23,SAN JUAN DEL RIO,551.89,535.22,16.67,0
2020-11-23,24,SAN JUAN DEL RIO,512.04,496.32,15.73,0
2020-11-23,1,SAN LUIS POTOSI,437.95,448.02,-10.07,0
2020-11-23,2,SAN LUIS POTOSI,421.63,431.06,-9.43,0
2020-11-23,3,SAN LUIS POTOSI,401.43,409.72,-8.29,0
2020-11-23,4,SAN LUIS POTOSI,395.88,402.87,-7,0
2020-11-23,5,SAN LUIS POTOSI,407.46,414.92,-7.46,0
2020-11-23,6,SAN LUIS POTOSI,418.28,426.42,-8.14,0
2020-11-23,7,SAN LUIS POTOSI,442.33,452.14,-9.81,0
2020-11-23,8,SAN LUIS POTOSI,450.39,461.2,-10.81,0
2020-11-23,9,SAN LUIS POTOSI,449.35,463.28,-13.94,0
2020-11-23,10,SAN LUIS POTOSI,444.17,460.52,-16.28,-.07
2020-11-23,11,SAN LUIS POTOSI,444.02,460.71,-16.66,-.03
2020-11-23,12,SAN LUIS POTOSI,449.1,464.86,-15.68,-.08
2020-11-23,13,SAN LUIS POTOSI,466.15,481.56,-15.41,0
2020-11-23,14,SAN LUIS POTOSI,477.27,491.37,-14.06,-.05
2020-11-23,15,SAN LUIS POTOSI,465.51,480.67,-15.13,-.03
2020-11-23,16,SAN LUIS POTOSI,470.06,485.78,-15.69,-.03
2020-11-23,17,SAN LUIS POTOSI,484.27,497.74,-13.4,-.07
2020-11-23,18,SAN LUIS POTOSI,528.86,534.92,-9.78,3.72
2020-11-23,19,SAN LUIS POTOSI,762.85,759.14,-15.45,19.17
2020-11-23,20,SAN LUIS POTOSI,750.85,748.42,-16.41,18.84
2020-11-23,21,SAN LUIS POTOSI,603.91,609.33,-14.6,9.18
2020-11-23,22,SAN LUIS POTOSI,544.23,551.25,-12.53,5.51
2020-11-23,23,SAN LUIS POTOSI,527.66,535.22,-12.01,4.45
2020-11-23,24,SAN LUIS POTOSI,490.18,496.32,-8.65,2.51
2020-11-23,1,SAN MARTIN,462.69,448.02,14.67,0
2020-11-23,2,SAN MARTIN,442.24,431.06,11.18,0
2020-11-23,3,SAN MARTIN,421.12,409.72,11.4,0
2020-11-23,4,SAN MARTIN,412.58,402.87,9.7,0
2020-11-23,5,SAN MARTIN,423.49,414.92,8.57,0
2020-11-23,6,SAN MARTIN,435.46,426.42,9.04,0
2020-11-23,7,SAN MARTIN,464.6,452.14,12.47,0
2020-11-23,8,SAN MARTIN,473.97,461.2,12.77,0
2020-11-23,9,SAN MARTIN,479.47,463.28,16.19,0
2020-11-23,10,SAN MARTIN,478.25,460.52,17.75,-.02
2020-11-23,11,SAN MARTIN,480.22,460.71,19.52,-.01
2020-11-23,12,SAN MARTIN,483.1,464.86,18.27,-.03
2020-11-23,13,SAN MARTIN,500.2,481.56,18.65,0
2020-11-23,14,SAN MARTIN,510.14,491.37,18.8,-.03
2020-11-23,15,SAN MARTIN,499.25,480.67,18.6,-.02
2020-11-23,16,SAN MARTIN,505.12,485.78,19.36,-.02
2020-11-23,17,SAN MARTIN,515.77,497.74,18.08,-.05
2020-11-23,18,SAN MARTIN,547.71,534.92,15,-2.21
2020-11-23,19,SAN MARTIN,773.97,759.14,26.19,-11.35
2020-11-23,20,SAN MARTIN,764.23,748.42,27.02,-11.22
2020-11-23,21,SAN MARTIN,623.87,609.33,20.01,-5.47
2020-11-23,22,SAN MARTIN,565.27,551.25,17.31,-3.28
2020-11-23,23,SAN MARTIN,550.09,535.22,17.52,-2.65
2020-11-23,24,SAN MARTIN,510.99,496.32,16.17,-1.5
2020-11-23,1,TAMPICO,425,448.02,-23.02,0
2020-11-23,2,TAMPICO,410.18,431.06,-20.88,0
2020-11-23,3,TAMPICO,392.27,409.72,-17.45,0
2020-11-23,4,TAMPICO,386.67,402.87,-16.21,0
2020-11-23,5,TAMPICO,397.84,414.92,-17.08,0
2020-11-23,6,TAMPICO,407.21,426.42,-19.21,0
2020-11-23,7,TAMPICO,428.37,452.14,-23.76,0
2020-11-23,8,TAMPICO,432.23,461.2,-28.97,0
2020-11-23,9,TAMPICO,434.2,463.28,-29.08,0
2020-11-23,10,TAMPICO,431.65,460.52,-28.65,-.23
2020-11-23,11,TAMPICO,432.37,460.71,-28.26,-.08
2020-11-23,12,TAMPICO,435.42,464.86,-29.25,-.19
2020-11-23,13,TAMPICO,451.82,481.56,-29.73,0
2020-11-23,14,TAMPICO,460.36,491.37,-30.82,-.19
2020-11-23,15,TAMPICO,450.61,480.67,-29.93,-.12
2020-11-23,16,TAMPICO,454.9,485.78,-30.75,-.13
2020-11-23,17,TAMPICO,464.36,497.74,-33.08,-.3
2020-11-23,18,TAMPICO,490.06,534.92,-36.83,-8.03
2020-11-23,19,TAMPICO,663.98,759.14,-53.51,-41.65
2020-11-23,20,TAMPICO,652.5,748.42,-55.21,-40.71
2020-11-23,21,TAMPICO,542.86,609.33,-46.52,-19.95
2020-11-23,22,TAMPICO,495.6,551.25,-43.39,-12.27
2020-11-23,23,TAMPICO,483.99,535.22,-41.34,-9.9
2020-11-23,24,TAMPICO,455.22,496.32,-35.55,-5.56
2020-11-23,1,TAPACHULA,458.54,448.02,10.52,0
2020-11-23,2,TAPACHULA,434.43,431.06,3.37,0
2020-11-23,3,TAPACHULA,417.26,409.72,7.55,0
2020-11-23,4,TAPACHULA,406.13,402.87,3.25,0
2020-11-23,5,TAPACHULA,414.12,414.92,-.8,0
2020-11-23,6,TAPACHULA,423.48,426.42,-2.94,0
2020-11-23,7,TAPACHULA,455.84,452.14,3.71,0
2020-11-23,8,TAPACHULA,464.03,461.2,2.84,0
2020-11-23,9,TAPACHULA,472.95,463.28,9.67,0
2020-11-23,10,TAPACHULA,470.48,460.52,9.98,-.02
2020-11-23,11,TAPACHULA,474.5,460.71,13.8,-.01
2020-11-23,12,TAPACHULA,474.71,464.86,9.88,-.03
2020-11-23,13,TAPACHULA,494.18,481.56,12.62,0
2020-11-23,14,TAPACHULA,504.16,491.37,12.82,-.03
2020-11-23,15,TAPACHULA,493.08,480.67,12.43,-.02
2020-11-23,16,TAPACHULA,503.32,485.78,17.57,-.02
2020-11-23,17,TAPACHULA,509.27,497.74,11.58,-.05
2020-11-23,18,TAPACHULA,538.37,534.92,5.78,-2.32
2020-11-23,19,TAPACHULA,761.08,759.14,13.89,-11.95
2020-11-23,20,TAPACHULA,746.46,748.42,9.84,-11.8
2020-11-23,21,TAPACHULA,603.47,609.33,-.1,-5.75
2020-11-23,22,TAPACHULA,547.28,551.25,-.52,-3.45
2020-11-23,23,TAPACHULA,538.56,535.22,6.12,-2.79
2020-11-23,24,TAPACHULA,506.77,496.32,12.02,-1.57
2020-11-23,1,TECAMACHALCO,460.96,448.02,12.95,0
2020-11-23,2,TECAMACHALCO,440.32,431.06,9.26,0
2020-11-23,3,TECAMACHALCO,419.53,409.72,9.82,0
2020-11-23,4,TECAMACHALCO,410.76,402.87,7.88,0
2020-11-23,5,TECAMACHALCO,421.53,414.92,6.61,0
2020-11-23,6,TECAMACHALCO,433.65,426.42,7.23,0
2020-11-23,7,TECAMACHALCO,463.76,452.14,11.62,0
2020-11-23,8,TECAMACHALCO,473.09,461.2,11.89,0
2020-11-23,9,TECAMACHALCO,479.2,463.28,15.92,0
2020-11-23,10,TECAMACHALCO,478.66,460.52,18.16,-.02
2020-11-23,11,TECAMACHALCO,480.06,460.71,19.36,-.01
2020-11-23,12,TECAMACHALCO,482.4,464.86,17.56,-.03
2020-11-23,13,TECAMACHALCO,499.45,481.56,17.9,0
2020-11-23,14,TECAMACHALCO,509.1,491.37,17.76,-.03
2020-11-23,15,TECAMACHALCO,499.71,480.67,19.06,-.02
2020-11-23,16,TECAMACHALCO,505.54,485.78,19.78,-.02
2020-11-23,17,TECAMACHALCO,515.28,497.74,17.59,-.05
2020-11-23,18,TECAMACHALCO,546.44,534.92,13.87,-2.35
2020-11-23,19,TECAMACHALCO,773.3,759.14,26.27,-12.1
2020-11-23,20,TECAMACHALCO,763.67,748.42,27.23,-11.98
2020-11-23,21,TECAMACHALCO,623.24,609.33,19.76,-5.85
2020-11-23,22,TECAMACHALCO,564.97,551.25,17.23,-3.51
2020-11-23,23,TECAMACHALCO,550.03,535.22,17.63,-2.82
2020-11-23,24,TECAMACHALCO,510.73,496.32,15.99,-1.59
2020-11-23,1,TEHUACAN,467.93,448.02,19.91,0
2020-11-23,2,TEHUACAN,447.02,431.06,15.97,0
2020-11-23,3,TEHUACAN,426.56,409.72,16.84,0
2020-11-23,4,TEHUACAN,417.43,402.87,14.55,0
2020-11-23,5,TEHUACAN,427.95,414.92,13.03,0
2020-11-23,6,TEHUACAN,439.99,426.42,13.57,0
2020-11-23,7,TEHUACAN,472.27,452.14,20.14,0
2020-11-23,8,TEHUACAN,482.7,461.2,21.5,0
2020-11-23,9,TEHUACAN,489.44,463.28,26.16,0
2020-11-23,10,TEHUACAN,488.98,460.52,28.48,-.02
2020-11-23,11,TEHUACAN,488.55,460.71,27.85,-.01
2020-11-23,12,TEHUACAN,488.79,464.86,23.96,-.03
2020-11-23,13,TEHUACAN,505.67,481.56,24.12,0
2020-11-23,14,TEHUACAN,515.31,491.37,23.97,-.03
2020-11-23,15,TEHUACAN,509.5,480.67,28.86,-.02
2020-11-23,16,TEHUACAN,515.39,485.78,29.63,-.02
2020-11-23,17,TEHUACAN,524.79,497.74,27.1,-.05
2020-11-23,18,TEHUACAN,556.24,534.92,23.63,-2.31
2020-11-23,19,TEHUACAN,787.94,759.14,40.71,-11.9
2020-11-23,20,TEHUACAN,778.28,748.42,41.62,-11.76
2020-11-23,21,TEHUACAN,634.22,609.33,30.63,-5.73
2020-11-23,22,TEHUACAN,575.68,551.25,27.87,-3.44
2020-11-23,23,TEHUACAN,560.67,535.22,28.23,-2.78
2020-11-23,24,TEHUACAN,520.87,496.32,26.12,-1.57
2020-11-23,1,TEHUANTEPEC,438.81,448.02,-9.2,0
2020-11-23,2,TEHUANTEPEC,416.18,431.06,-14.88,0
2020-11-23,3,TEHUANTEPEC,396.17,409.72,-13.54,0
2020-11-23,4,TEHUANTEPEC,384.81,402.87,-18.07,0
2020-11-23,5,TEHUANTEPEC,392.85,414.92,-22.06,0
2020-11-23,6,TEHUANTEPEC,402.02,426.42,-24.4,0
2020-11-23,7,TEHUANTEPEC,433.43,452.14,-18.7,0
2020-11-23,8,TEHUANTEPEC,441.39,461.2,-19.81,0
2020-11-23,9,TEHUANTEPEC,447.78,463.28,-15.5,0
2020-11-23,10,TEHUANTEPEC,440.81,460.52,-19.69,-.02
2020-11-23,11,TEHUANTEPEC,441.74,460.71,-18.96,-.01
2020-11-23,12,TEHUANTEPEC,441.1,464.86,-23.73,-.03
2020-11-23,13,TEHUANTEPEC,458.17,481.56,-23.38,0
2020-11-23,14,TEHUANTEPEC,467.89,491.37,-23.45,-.03
2020-11-23,15,TEHUANTEPEC,457.39,480.67,-23.26,-.02
2020-11-23,16,TEHUANTEPEC,467.41,485.78,-18.35,-.02
2020-11-23,17,TEHUANTEPEC,477.34,497.74,-20.35,-.05
2020-11-23,18,TEHUANTEPEC,498.17,534.92,-34.43,-2.31
2020-11-23,19,TEHUANTEPEC,710.47,759.14,-36.78,-11.89
2020-11-23,20,TEHUANTEPEC,702.77,748.42,-33.91,-11.75
2020-11-23,21,TEHUANTEPEC,567.41,609.33,-36.2,-5.73
2020-11-23,22,TEHUANTEPEC,517.94,551.25,-29.87,-3.44
2020-11-23,23,TEHUANTEPEC,510.58,535.22,-21.87,-2.78
2020-11-23,24,TEHUANTEPEC,477.9,496.32,-16.85,-1.57
2020-11-23,1,TEPIC VALLARTA,450.11,448.02,2.1,0
2020-11-23,2,TEPIC VALLARTA,434.29,431.06,3.23,0
2020-11-23,3,TEPIC VALLARTA,411.25,409.72,1.54,0
2020-11-23,4,TEPIC VALLARTA,404.63,402.87,1.75,0
2020-11-23,5,TEPIC VALLARTA,415.23,414.92,.31,0
2020-11-23,6,TEPIC VALLARTA,424.62,426.42,-1.8,0
2020-11-23,7,TEPIC VALLARTA,449.23,452.14,-2.9,0
2020-11-23,8,TEPIC VALLARTA,459.7,461.2,-1.5,0
2020-11-23,9,TEPIC VALLARTA,458.42,463.28,-4.86,0
2020-11-23,10,TEPIC VALLARTA,456.7,460.52,-5.46,1.64
2020-11-23,11,TEPIC VALLARTA,455.72,460.71,-5.5,.51
2020-11-23,12,TEPIC VALLARTA,462.7,464.86,-3.34,1.18
2020-11-23,13,TEPIC VALLARTA,479.99,481.56,-1.56,0
2020-11-23,14,TEPIC VALLARTA,493.89,491.37,1.62,.9
2020-11-23,15,TEPIC VALLARTA,481.57,480.67,.33,.58
2020-11-23,16,TEPIC VALLARTA,488.28,485.78,1.92,.58
2020-11-23,17,TEPIC VALLARTA,506.92,497.74,7.78,1.4
2020-11-23,18,TEPIC VALLARTA,540.6,534.92,9.11,-3.43
2020-11-23,19,TEPIC VALLARTA,751.19,759.14,9.72,-17.67
2020-11-23,20,TEPIC VALLARTA,742.02,748.42,10.85,-17.24
2020-11-23,21,TEPIC VALLARTA,609.6,609.33,8.68,-8.4
2020-11-23,22,TEPIC VALLARTA,564.85,551.25,18.66,-5.06
2020-11-23,23,TEPIC VALLARTA,548.59,535.22,17.46,-4.1
2020-11-23,24,TEPIC VALLARTA,506.77,496.32,12.77,-2.32
2020-11-23,1,TEZIUTLAN,454.97,448.02,6.95,0
2020-11-23,2,TEZIUTLAN,436.1,431.06,5.04,0
2020-11-23,3,TEZIUTLAN,415.04,409.72,5.32,0
2020-11-23,4,TEZIUTLAN,407.14,402.87,4.27,0
2020-11-23,5,TEZIUTLAN,418.32,414.92,3.4,0
2020-11-23,6,TEZIUTLAN,429.92,426.42,3.5,0
2020-11-23,7,TEZIUTLAN,456.73,452.14,4.59,0
2020-11-23,8,TEZIUTLAN,464.36,461.2,3.16,0
2020-11-23,9,TEZIUTLAN,466.8,463.28,3.52,0
2020-11-23,10,TEZIUTLAN,466.16,460.52,5.7,-.06
2020-11-23,11,TEZIUTLAN,465.28,460.71,4.6,-.03
2020-11-23,12,TEZIUTLAN,469.87,464.86,5.07,-.06
2020-11-23,13,TEZIUTLAN,486.32,481.56,4.77,0
2020-11-23,14,TEZIUTLAN,496.11,491.37,4.8,-.06
2020-11-23,15,TEZIUTLAN,488.71,480.67,8.08,-.04
2020-11-23,16,TEZIUTLAN,494.65,485.78,8.92,-.04
2020-11-23,17,TEZIUTLAN,505.25,497.74,7.61,-.09
2020-11-23,18,TEZIUTLAN,535.98,534.92,4.35,-3.28
2020-11-23,19,TEZIUTLAN,754.13,759.14,11.93,-16.94
2020-11-23,20,TEZIUTLAN,744.69,748.42,13.08,-16.81
2020-11-23,21,TEZIUTLAN,614.05,609.33,12.93,-8.21
2020-11-23,22,TEZIUTLAN,556.45,551.25,10.13,-4.93
2020-11-23,23,TEZIUTLAN,540.77,535.22,9.51,-3.96
2020-11-23,24,TEZIUTLAN,501.77,496.32,7.69,-2.24
2020-11-23,1,TICUL,474.71,448.02,26.69,0
2020-11-23,2,TICUL,452.21,431.06,21.15,0
2020-11-23,3,TICUL,441.49,409.72,31.77,0
2020-11-23,4,TICUL,428.53,402.87,25.66,0
2020-11-23,5,TICUL,430.79,414.92,15.87,0
2020-11-23,6,TICUL,436.01,426.42,9.59,0
2020-11-23,7,TICUL,465.12,452.14,12.98,0
2020-11-23,8,TICUL,473.8,461.2,12.6,0
2020-11-23,9,TICUL,483.31,463.28,20.03,0
2020-11-23,10,TICUL,484.28,460.52,23.79,-.02
2020-11-23,11,TICUL,498.86,460.71,38.16,-.01
2020-11-23,12,TICUL,486.9,464.86,22.06,-.03
2020-11-23,13,TICUL,511.16,481.56,29.61,0
2020-11-23,14,TICUL,521.99,491.37,30.65,-.03
2020-11-23,15,TICUL,507.93,480.67,27.29,-.02
2020-11-23,16,TICUL,518.3,485.78,32.54,-.02
2020-11-23,17,TICUL,524,497.74,26.31,-.05
2020-11-23,18,TICUL,557.5,534.92,24.91,-2.32
2020-11-23,19,TICUL,789.28,759.14,42.09,-11.95
2020-11-23,20,TICUL,773.9,748.42,37.28,-11.8
2020-11-23,21,TICUL,628.01,609.33,24.43,-5.75
2020-11-23,22,TICUL,570.78,551.25,22.99,-3.45
2020-11-23,23,TICUL,559.15,535.22,26.72,-2.79
2020-11-23,24,TICUL,526.41,496.32,31.67,-1.57
2020-11-23,1,TLAXCALA,462.12,448.02,14.1,0
2020-11-23,2,TLAXCALA,441.62,431.06,10.56,0
2020-11-23,3,TLAXCALA,420.54,409.72,10.83,0
2020-11-23,4,TLAXCALA,412.08,402.87,9.21,0
2020-11-23,5,TLAXCALA,423.26,414.92,8.35,0
2020-11-23,6,TLAXCALA,435.55,426.42,9.13,0
2020-11-23,7,TLAXCALA,464.5,452.14,12.37,0
2020-11-23,8,TLAXCALA,472.91,461.2,11.71,0
2020-11-23,9,TLAXCALA,476.42,463.28,13.14,0
2020-11-23,10,TLAXCALA,475.04,460.52,14.55,-.03
2020-11-23,11,TLAXCALA,476.09,460.71,15.39,-.01
2020-11-23,12,TLAXCALA,479.3,464.86,14.47,-.03
2020-11-23,13,TLAXCALA,496.13,481.56,14.58,0
2020-11-23,14,TLAXCALA,505.83,491.37,14.5,-.03
2020-11-23,15,TLAXCALA,496.49,480.67,15.84,-.02
2020-11-23,16,TLAXCALA,502.38,485.78,16.63,-.02
2020-11-23,17,TLAXCALA,513.72,497.74,16.04,-.05
2020-11-23,18,TLAXCALA,546.48,534.92,13.92,-2.36
2020-11-23,19,TLAXCALA,772.66,759.14,25.68,-12.16
2020-11-23,20,TLAXCALA,763.1,748.42,26.68,-12
2020-11-23,21,TLAXCALA,624.58,609.33,21.11,-5.85
2020-11-23,22,TLAXCALA,565.58,551.25,17.84,-3.51
2020-11-23,23,TLAXCALA,549.98,535.22,17.58,-2.83
2020-11-23,24,TLAXCALA,510.67,496.32,15.95,-1.6
2020-11-23,1,TUXTLA,455.02,448.02,7,0
2020-11-23,2,TUXTLA,432.52,431.06,1.46,0
2020-11-23,3,TUXTLA,414.84,409.72,5.12,0
2020-11-23,4,TUXTLA,403.77,402.87,.89,0
2020-11-23,5,TUXTLA,411.59,414.92,-3.32,0
2020-11-23,6,TUXTLA,421.03,426.42,-5.39,0
2020-11-23,7,TUXTLA,452.84,452.14,.71,0
2020-11-23,8,TUXTLA,461.95,461.2,.75,0
2020-11-23,9,TUXTLA,469.84,463.28,6.56,0
2020-11-23,10,TUXTLA,467.54,460.52,7.04,-.02
2020-11-23,11,TUXTLA,472.03,460.71,11.33,-.01
2020-11-23,12,TUXTLA,471.58,464.86,6.75,-.03
2020-11-23,13,TUXTLA,490.43,481.56,8.87,0
2020-11-23,14,TUXTLA,500.34,491.37,9,-.03
2020-11-23,15,TUXTLA,489.42,480.67,8.78,-.02
2020-11-23,16,TUXTLA,498.84,485.78,13.09,-.02
2020-11-23,17,TUXTLA,503.63,497.74,5.94,-.05
2020-11-23,18,TUXTLA,530.19,534.92,-2.41,-2.32
2020-11-23,19,TUXTLA,748.85,759.14,1.66,-11.95
2020-11-23,20,TUXTLA,735.18,748.42,-1.44,-11.8
2020-11-23,21,TUXTLA,595.61,609.33,-7.97,-5.75
2020-11-23,22,TUXTLA,543.49,551.25,-4.31,-3.45
2020-11-23,23,TUXTLA,534.93,535.22,2.5,-2.79
2020-11-23,24,TUXTLA,502.93,496.32,8.18,-1.57
2020-11-23,1,URUAPAN,459.07,448.02,11.06,0
2020-11-23,2,URUAPAN,441.38,431.06,10.32,0
2020-11-23,3,URUAPAN,416.73,409.72,7.02,0
2020-11-23,4,URUAPAN,409.73,402.87,6.86,0
2020-11-23,5,URUAPAN,422.55,414.92,7.64,0
2020-11-23,6,URUAPAN,435.16,426.42,8.74,0
2020-11-23,7,URUAPAN,462.18,452.14,10.04,0
2020-11-23,8,URUAPAN,475.78,461.2,14.59,0
2020-11-23,9,URUAPAN,479.23,463.28,15.95,0
2020-11-23,10,URUAPAN,478.72,460.52,17.92,.28
2020-11-23,11,URUAPAN,478.99,460.71,18.2,.08
2020-11-23,12,URUAPAN,485.86,464.86,20.83,.18
2020-11-23,13,URUAPAN,504.04,481.56,22.49,0
2020-11-23,14,URUAPAN,515.68,491.37,24.17,.15
2020-11-23,15,URUAPAN,502.71,480.67,21.95,.09
2020-11-23,16,URUAPAN,509.21,485.78,23.34,.1
2020-11-23,17,URUAPAN,524.32,497.74,26.35,.23
2020-11-23,18,URUAPAN,563,534.92,26.1,1.98
2020-11-23,19,URUAPAN,806.41,759.14,37.1,10.17
2020-11-23,20,URUAPAN,797.43,748.42,39.04,9.97
2020-11-23,21,URUAPAN,644.13,609.33,29.95,4.86
2020-11-23,22,URUAPAN,581.71,551.25,27.55,2.92
2020-11-23,23,URUAPAN,564.12,535.22,26.54,2.36
2020-11-23,24,URUAPAN,519.15,496.32,21.5,1.33
2020-11-23,1,VDM CENTRO,467.84,448.02,19.83,0
2020-11-23,2,VDM CENTRO,447.33,431.06,16.27,0
2020-11-23,3,VDM CENTRO,425.27,409.72,15.55,0
2020-11-23,4,VDM CENTRO,416.99,402.87,14.11,0
2020-11-23,5,VDM CENTRO,428.68,414.92,13.77,0
2020-11-23,6,VDM CENTRO,441.52,426.42,15.1,0
2020-11-23,7,VDM CENTRO,471.17,452.14,19.03,0
2020-11-23,8,VDM CENTRO,481.07,461.2,19.87,0
2020-11-23,9,VDM CENTRO,486.2,463.28,22.91,0
2020-11-23,10,VDM CENTRO,484.92,460.52,24.4,-.01
2020-11-23,11,VDM CENTRO,486.78,460.71,26.08,-.01
2020-11-23,12,VDM CENTRO,490.32,464.86,25.47,-.01
2020-11-23,13,VDM CENTRO,507.52,481.56,25.97,0
2020-11-23,14,VDM CENTRO,517.62,491.37,26.27,-.02
2020-11-23,15,VDM CENTRO,506.39,480.67,25.73,-.01
2020-11-23,16,VDM CENTRO,512.53,485.78,26.76,-.01
2020-11-23,17,VDM CENTRO,523.89,497.74,26.18,-.03
2020-11-23,18,VDM CENTRO,557.28,534.92,24.2,-1.83
2020-11-23,19,VDM CENTRO,788.15,759.14,38.46,-9.45
2020-11-23,20,VDM CENTRO,778.52,748.42,39.44,-9.34
2020-11-23,21,VDM CENTRO,635.54,609.33,30.77,-4.56
2020-11-23,22,VDM CENTRO,575.14,551.25,26.62,-2.73
2020-11-23,23,VDM CENTRO,558.65,535.22,25.64,-2.21
2020-11-23,24,VDM CENTRO,517.66,496.32,22.58,-1.25
2020-11-23,1,VDM NORTE,466.85,448.02,18.84,0
2020-11-23,2,VDM NORTE,446.71,431.06,15.65,0
2020-11-23,3,VDM NORTE,424.73,409.72,15.01,0
2020-11-23,4,VDM NORTE,416.54,402.87,13.67,0
2020-11-23,5,VDM NORTE,428.31,414.92,13.39,0
2020-11-23,6,VDM NORTE,441.01,426.42,14.59,0
2020-11-23,7,VDM NORTE,470.55,452.14,18.42,0
2020-11-23,8,VDM NORTE,480.46,461.2,19.26,0
2020-11-23,9,VDM NORTE,485.32,463.28,22.03,0
2020-11-23,10,VDM NORTE,483.69,460.52,23.17,-.01
2020-11-23,11,VDM NORTE,485.38,460.71,24.68,-.01
2020-11-23,12,VDM NORTE,488.86,464.86,24.01,-.01
2020-11-23,13,VDM NORTE,506.01,481.56,24.46,0
2020-11-23,14,VDM NORTE,516.02,491.37,24.67,-.02
2020-11-23,15,VDM NORTE,504.71,480.67,24.06,-.01
2020-11-23,16,VDM NORTE,510.74,485.78,24.97,-.01
2020-11-23,17,VDM NORTE,521.98,497.74,24.27,-.03
2020-11-23,18,VDM NORTE,555.21,534.92,22.08,-1.79
2020-11-23,19,VDM NORTE,784.67,759.14,34.73,-9.2
2020-11-23,20,VDM NORTE,775.22,748.42,35.88,-9.09
2020-11-23,21,VDM NORTE,633.03,609.33,28.14,-4.43
2020-11-23,22,VDM NORTE,572.87,551.25,24.28,-2.66
2020-11-23,23,VDM NORTE,556.77,535.22,23.69,-2.15
2020-11-23,24,VDM NORTE,516.5,496.32,21.39,-1.21
2020-11-23,1,VDM SUR,470.14,448.02,22.12,0
2020-11-23,2,VDM SUR,449.72,431.06,18.66,0
2020-11-23,3,VDM SUR,427.59,409.72,17.88,0
2020-11-23,4,VDM SUR,419.32,402.87,16.45,0
2020-11-23,5,VDM SUR,431.18,414.92,16.27,0
2020-11-23,6,VDM SUR,444.09,426.42,17.67,0
2020-11-23,7,VDM SUR,473.89,452.14,21.75,0
2020-11-23,8,VDM SUR,483.9,461.2,22.7,0
2020-11-23,9,VDM SUR,488.98,463.28,25.7,0
2020-11-23,10,VDM SUR,487.75,460.52,27.23,0
2020-11-23,11,VDM SUR,489.52,460.71,28.82,-.01
2020-11-23,12,VDM SUR,493.05,464.86,28.2,-.01
2020-11-23,13,VDM SUR,510.35,481.56,28.8,0
2020-11-23,14,VDM SUR,520.5,491.37,29.14,-.02
2020-11-23,15,VDM SUR,509.02,480.67,28.36,-.01
2020-11-23,16,VDM SUR,515.28,485.78,29.52,-.01
2020-11-23,17,VDM SUR,526.81,497.74,29.09,-.02
2020-11-23,18,VDM SUR,560.31,534.92,27.16,-1.77
2020-11-23,19,VDM SUR,792.46,759.14,42.46,-9.14
2020-11-23,20,VDM SUR,782.91,748.42,43.52,-9.03
2020-11-23,21,VDM SUR,638.89,609.33,33.97,-4.4
2020-11-23,22,VDM SUR,578.21,551.25,29.6,-2.64
2020-11-23,23,VDM SUR,561.95,535.22,28.86,-2.13
2020-11-23,24,VDM SUR,520.82,496.32,25.7,-1.2
2020-11-23,1,VERACRUZ,453.96,448.02,5.95,0
2020-11-23,2,VERACRUZ,433.28,431.06,2.22,0
2020-11-23,3,VERACRUZ,413.1,409.72,3.39,0
2020-11-23,4,VERACRUZ,403.9,402.87,1.02,0
2020-11-23,5,VERACRUZ,413.91,414.92,-1,0
2020-11-23,6,VERACRUZ,424.92,426.42,-1.51,0
2020-11-23,7,VERACRUZ,454.39,452.14,2.25,0
2020-11-23,8,VERACRUZ,463.13,461.2,1.93,0
2020-11-23,9,VERACRUZ,468.87,463.28,5.59,0
2020-11-23,10,VERACRUZ,468.57,460.52,8.09,-.04
2020-11-23,11,VERACRUZ,470.85,460.71,10.16,-.02
2020-11-23,12,VERACRUZ,473.62,464.86,8.79,-.04
2020-11-23,13,VERACRUZ,491.04,481.56,9.49,0
2020-11-23,14,VERACRUZ,500.84,491.37,9.51,-.04
2020-11-23,15,VERACRUZ,491.17,480.67,10.53,-.03
2020-11-23,16,VERACRUZ,497.18,485.78,11.43,-.03
2020-11-23,17,VERACRUZ,506.4,497.74,8.73,-.07
2020-11-23,18,VERACRUZ,536.12,534.92,3.86,-2.65
2020-11-23,19,VERACRUZ,757.38,759.14,11.85,-13.61
2020-11-23,20,VERACRUZ,747.43,748.42,12.45,-13.44
2020-11-23,21,VERACRUZ,609.99,609.33,7.22,-6.56
2020-11-23,22,VERACRUZ,553.65,551.25,6.35,-3.94
2020-11-23,23,VERACRUZ,539.73,535.22,7.7,-3.19
2020-11-23,24,VERACRUZ,502.29,496.32,7.77,-1.8
2020-11-23,1,VICTORIA,414.38,448.02,-33.63,0
2020-11-23,2,VICTORIA,401.99,431.06,-29.07,0
2020-11-23,3,VICTORIA,384.66,409.72,-25.05,0
2020-11-23,4,VICTORIA,380.4,402.87,-22.47,0
2020-11-23,5,VICTORIA,391.31,414.92,-23.6,0
2020-11-23,6,VICTORIA,399.97,426.42,-26.45,0
2020-11-23,7,VICTORIA,420.6,452.14,-31.53,0
2020-11-23,8,VICTORIA,426.63,461.2,-34.57,0
2020-11-23,9,VICTORIA,427.32,463.28,-35.96,0
2020-11-23,10,VICTORIA,423.55,460.52,-36.34,-.63
2020-11-23,11,VICTORIA,423.15,460.71,-37.34,-.22
2020-11-23,12,VICTORIA,428.17,464.86,-36.18,-.51
2020-11-23,13,VICTORIA,444.9,481.56,-36.66,0
2020-11-23,14,VICTORIA,454.14,491.37,-36.7,-.53
2020-11-23,15,VICTORIA,442.55,480.67,-37.78,-.34
2020-11-23,16,VICTORIA,443.12,485.78,-42.31,-.35
2020-11-23,17,VICTORIA,452.74,497.74,-44.17,-.83
2020-11-23,18,VICTORIA,461.04,534.92,-48.27,-25.61
2020-11-23,19,VICTORIA,558.75,759.14,-68.63,-131.77
2020-11-23,20,VICTORIA,550.04,748.42,-69.42,-128.96
2020-11-23,21,VICTORIA,487.84,609.33,-58.62,-62.87
2020-11-23,22,VICTORIA,459.77,551.25,-53.76,-37.72
2020-11-23,23,VICTORIA,451.72,535.22,-53.02,-30.48
2020-11-23,24,VICTORIA,428.93,496.32,-50.19,-17.19
2020-11-23,1,VILLAHERMOSA,452.32,448.02,4.3,0
2020-11-23,2,VILLAHERMOSA,429.76,431.06,-1.3,0
2020-11-23,3,VILLAHERMOSA,413.18,409.72,3.46,0
2020-11-23,4,VILLAHERMOSA,401.22,402.87,-1.65,0
2020-11-23,5,VILLAHERMOSA,407.59,414.92,-7.32,0
2020-11-23,6,VILLAHERMOSA,415.94,426.42,-10.49,0
2020-11-23,7,VILLAHERMOSA,446.49,452.14,-5.64,0
2020-11-23,8,VILLAHERMOSA,455.7,461.2,-5.49,0
2020-11-23,9,VILLAHERMOSA,466.33,463.28,3.05,0
2020-11-23,10,VILLAHERMOSA,465.52,460.52,5.02,-.02
2020-11-23,11,VILLAHERMOSA,472.72,460.71,12.02,-.01
2020-11-23,12,VILLAHERMOSA,469.88,464.86,5.04,-.03
2020-11-23,13,VILLAHERMOSA,489.93,481.55,8.37,0
2020-11-23,14,VILLAHERMOSA,499.64,491.37,8.3,-.03
2020-11-23,15,VILLAHERMOSA,488.22,480.67,7.57,-.02
2020-11-23,16,VILLAHERMOSA,497.51,485.78,11.75,-.02
2020-11-23,17,VILLAHERMOSA,500.47,497.74,2.78,-.05
2020-11-23,18,VILLAHERMOSA,527.84,534.92,-4.75,-2.32
2020-11-23,19,VILLAHERMOSA,748.12,759.14,.93,-11.95
2020-11-23,20,VILLAHERMOSA,735.73,748.42,-.88,-11.8
2020-11-23,21,VILLAHERMOSA,596.55,609.33,-7.02,-5.75
2020-11-23,22,VILLAHERMOSA,544.35,551.25,-3.44,-3.45
2020-11-23,23,VILLAHERMOSA,534.92,535.22,2.49,-2.79
2020-11-23,24,VILLAHERMOSA,502.12,496.32,7.37,-1.57
2020-11-23,1,XALAPA,458.16,448.02,10.14,0
2020-11-23,2,XALAPA,437.87,431.06,6.81,0
2020-11-23,3,XALAPA,416.8,409.72,7.08,0
2020-11-23,4,XALAPA,408.49,402.87,5.61,0
2020-11-23,5,XALAPA,419.58,414.92,4.67,0
2020-11-23,6,XALAPA,431.82,426.42,5.4,0
2020-11-23,7,XALAPA,460.05,452.14,7.91,0
2020-11-23,8,XALAPA,467.78,461.2,6.58,0
2020-11-23,9,XALAPA,469.7,463.28,6.42,0
2020-11-23,10,XALAPA,469.47,460.52,9,-.06
2020-11-23,11,XALAPA,468.76,460.71,8.08,-.03
2020-11-23,12,XALAPA,473.03,464.86,8.22,-.05
2020-11-23,13,XALAPA,489.15,481.56,7.59,0
2020-11-23,14,XALAPA,498.66,491.37,7.35,-.06
2020-11-23,15,XALAPA,492.94,480.67,12.31,-.04
2020-11-23,16,XALAPA,498.86,485.78,13.11,-.04
2020-11-23,17,XALAPA,510.32,497.74,12.67,-.09
2020-11-23,18,XALAPA,541.04,534.92,9.25,-3.13
2020-11-23,19,XALAPA,762.94,759.14,19.91,-16.11
2020-11-23,20,XALAPA,753.86,748.42,21.44,-16
2020-11-23,21,XALAPA,622.18,609.33,20.66,-7.8
2020-11-23,22,XALAPA,563.26,551.25,16.69,-4.68
2020-11-23,23,XALAPA,547.33,535.22,15.89,-3.78
2020-11-23,24,XALAPA,507.19,496.32,12.99,-2.13
2020-11-23,1,ZACAPU,457.6,448.02,9.59,0
2020-11-23,2,ZACAPU,440.45,431.06,9.39,0
2020-11-23,3,ZACAPU,416.17,409.72,6.45,0
2020-11-23,4,ZACAPU,409.38,402.87,6.51,0
2020-11-23,5,ZACAPU,422.17,414.92,7.25,0
2020-11-23,6,ZACAPU,434.66,426.42,8.24,0
2020-11-23,7,ZACAPU,461.29,452.14,9.15,0
2020-11-23,8,ZACAPU,473.9,461.2,12.71,0
2020-11-23,9,ZACAPU,476.24,463.28,12.96,0
2020-11-23,10,ZACAPU,474.99,460.52,14.2,.28
2020-11-23,11,ZACAPU,474.93,460.71,14.14,.08
2020-11-23,12,ZACAPU,481.44,464.86,16.4,.18
2020-11-23,13,ZACAPU,498.92,481.56,17.37,0
2020-11-23,14,ZACAPU,510.11,491.37,18.59,.15
2020-11-23,15,ZACAPU,497.27,480.67,16.51,.1
2020-11-23,16,ZACAPU,503.69,485.78,17.82,.1
2020-11-23,17,ZACAPU,518.3,497.74,20.33,.23
2020-11-23,18,ZACAPU,557,534.92,20.04,2.04
2020-11-23,19,ZACAPU,796.96,759.14,27.34,10.49
2020-11-23,20,ZACAPU,787.16,748.42,28.46,10.28
2020-11-23,21,ZACAPU,636.17,609.33,21.83,5.01
2020-11-23,22,ZACAPU,575.28,551.25,21.02,3.01
2020-11-23,23,ZACAPU,558.86,535.22,21.21,2.43
2020-11-23,24,ZACAPU,515.15,496.32,17.45,1.37
2020-11-23,1,ZACATECAS,449.63,448.02,1.62,0
2020-11-23,2,ZACATECAS,433.35,431.06,2.29,0
2020-11-23,3,ZACATECAS,411.88,409.72,2.16,0
2020-11-23,4,ZACATECAS,405.8,402.87,2.93,0
2020-11-23,5,ZACATECAS,417.54,414.92,2.63,0
2020-11-23,6,ZACATECAS,428.18,426.42,1.76,0
2020-11-23,7,ZACATECAS,454.39,452.14,2.26,0
2020-11-23,8,ZACATECAS,463.62,461.2,2.42,0
2020-11-23,9,ZACATECAS,460.13,463.28,-3.15,0
2020-11-23,10,ZACATECAS,456.07,460.52,-4.04,-.41
2020-11-23,11,ZACATECAS,456.83,460.71,-3.73,-.15
2020-11-23,12,ZACATECAS,463.4,464.86,-1.1,-.36
2020-11-23,13,ZACATECAS,482.01,481.56,.45,0
2020-11-23,14,ZACATECAS,493.74,491.37,2.33,.04
2020-11-23,15,ZACATECAS,481.34,480.67,.65,.02
2020-11-23,16,ZACATECAS,486.55,485.78,.75,.02
2020-11-23,17,ZACATECAS,503.25,497.74,5.46,.06
2020-11-23,18,ZACATECAS,555.15,534.92,13.48,6.75
2020-11-23,19,ZACATECAS,818.73,759.14,25.26,34.33
2020-11-23,20,ZACATECAS,809.04,748.42,27.03,33.59
2020-11-23,21,ZACATECAS,646.93,609.33,20.98,16.62
2020-11-23,22,ZACATECAS,580.26,551.25,19.04,9.96
2020-11-23,23,ZACATECAS,558.84,535.22,15.81,7.81
2020-11-23,24,ZACATECAS,512.39,496.32,11.68,4.39
2020-11-23,1,ZAMORA,458.69,448.02,10.67,0
2020-11-23,2,ZAMORA,441.42,431.06,10.36,0
2020-11-23,3,ZAMORA,417.15,409.72,7.43,0
2020-11-23,4,ZAMORA,410.36,402.87,7.49,0
2020-11-23,5,ZAMORA,423.15,414.92,8.23,0
2020-11-23,6,ZAMORA,435.5,426.42,9.08,0
2020-11-23,7,ZAMORA,462.79,452.14,10.66,0
2020-11-23,8,ZAMORA,476.11,461.2,14.91,0
2020-11-23,9,ZAMORA,478.81,463.28,15.53,0
2020-11-23,10,ZAMORA,477.63,460.52,16.77,.34
2020-11-23,11,ZAMORA,477.62,460.71,16.81,.1
2020-11-23,12,ZAMORA,484.1,464.86,19.03,.22
2020-11-23,13,ZAMORA,501.95,481.56,20.4,0
2020-11-23,14,ZAMORA,513.58,491.37,22.03,.18
2020-11-23,15,ZAMORA,500.58,480.67,19.8,.11
2020-11-23,16,ZAMORA,507.27,485.78,21.38,.12
2020-11-23,17,ZAMORA,522.65,497.74,24.63,.28
2020-11-23,18,ZAMORA,561.98,534.92,24.88,2.19
2020-11-23,19,ZAMORA,804.48,759.14,34.06,11.28
2020-11-23,20,ZAMORA,794.43,748.42,34.95,11.06
2020-11-23,21,ZAMORA,641.5,609.33,26.78,5.39
2020-11-23,22,ZAMORA,580.04,551.25,25.56,3.24
2020-11-23,23,ZAMORA,562.89,535.22,25.06,2.62
2020-11-23,24,ZAMORA,518.69,496.32,20.89,1.48
2020-11-23,1,ZAPOTLAN,451.76,448.02,3.74,0
2020-11-23,2,ZAPOTLAN,434.97,431.06,3.91,0
2020-11-23,3,ZAPOTLAN,411.64,409.72,1.92,0
2020-11-23,4,ZAPOTLAN,404.92,402.87,2.04,0
2020-11-23,5,ZAPOTLAN,417.05,414.92,2.13,0
2020-11-23,6,ZAPOTLAN,428.49,426.42,2.06,0
2020-11-23,7,ZAPOTLAN,455.15,452.14,3.01,0
2020-11-23,8,ZAPOTLAN,469.25,461.2,8.05,0
2020-11-23,9,ZAPOTLAN,471.65,463.28,8.37,0
2020-11-23,10,ZAPOTLAN,470.01,460.52,8.8,.69
2020-11-23,11,ZAPOTLAN,470.81,460.71,9.91,.19
2020-11-23,12,ZAPOTLAN,477.26,464.86,11.96,.43
2020-11-23,13,ZAPOTLAN,495.18,481.56,13.63,0
2020-11-23,14,ZAPOTLAN,507.74,491.37,16.03,.35
2020-11-23,15,ZAPOTLAN,495.41,480.67,14.53,.22
2020-11-23,16,ZAPOTLAN,501.02,485.78,15.02,.22
2020-11-23,17,ZAPOTLAN,516.61,497.74,18.33,.54
2020-11-23,18,ZAPOTLAN,556.32,534.92,19.54,1.86
2020-11-23,19,ZAPOTLAN,794.25,759.14,25.53,9.58
2020-11-23,20,ZAPOTLAN,784.09,748.42,26.27,9.4
2020-11-23,21,ZAPOTLAN,633.39,609.33,19.49,4.58
2020-11-23,22,ZAPOTLAN,574.18,551.25,20.18,2.75
2020-11-23,23,ZAPOTLAN,556.54,535.22,19.1,2.22
2020-11-23,24,ZAPOTLAN,512.61,496.32,15.03,1.26
2020-11-23,1,ZIHUATANEJO,480.82,448.02,32.81,0
2020-11-23,2,ZIHUATANEJO,461.91,431.06,30.85,0
2020-11-23,3,ZIHUATANEJO,434.12,409.72,24.41,0
2020-11-23,4,ZIHUATANEJO,425.9,402.87,23.03,0
2020-11-23,5,ZIHUATANEJO,439.44,414.92,24.53,0
2020-11-23,6,ZIHUATANEJO,453.26,426.42,26.83,0
2020-11-23,7,ZIHUATANEJO,479.56,452.14,27.43,0
2020-11-23,8,ZIHUATANEJO,491.19,461.2,30,0
2020-11-23,9,ZIHUATANEJO,494.89,463.28,31.61,0
2020-11-23,10,ZIHUATANEJO,495.38,460.52,34.7,.16
2020-11-23,11,ZIHUATANEJO,495.88,460.71,35.13,.04
2020-11-23,12,ZIHUATANEJO,503.39,464.86,38.45,.08
2020-11-23,13,ZIHUATANEJO,521,481.56,39.44,0
2020-11-23,14,ZIHUATANEJO,531.55,491.37,40.12,.06
2020-11-23,15,ZIHUATANEJO,517.74,480.67,37.04,.04
2020-11-23,16,ZIHUATANEJO,524.12,485.78,38.31,.04
2020-11-23,17,ZIHUATANEJO,538.99,497.74,41.16,.09
2020-11-23,18,ZIHUATANEJO,571.71,534.92,37.34,-.54
2020-11-23,19,ZIHUATANEJO,808.39,759.14,52.12,-2.87
2020-11-23,20,ZIHUATANEJO,799.62,748.42,54.07,-2.88
2020-11-23,21,ZIHUATANEJO,650.58,609.33,42.65,-1.4
2020-11-23,22,ZIHUATANEJO,590.13,551.25,39.72,-.84
2020-11-23,23,ZIHUATANEJO,578.29,535.22,43.74,-.68
2020-11-23,24,ZIHUATANEJO,536.4,496.32,40.46,-.38
2020-11-24,1,ACAPULCO,512.94,462.88,50.06,0
2020-11-24,2,ACAPULCO,495.17,450.93,44.24,0
2020-11-24,3,ACAPULCO,481.85,439.66,42.19,0
2020-11-24,4,ACAPULCO,475.02,434.16,40.87,0
2020-11-24,5,ACAPULCO,473.41,433.99,39.42,0
2020-11-24,6,ACAPULCO,489.82,447.31,42.51,0
2020-11-24,7,ACAPULCO,504.24,459.24,45,0
2020-11-24,8,ACAPULCO,519.68,475.49,44.19,0
2020-11-24,9,ACAPULCO,520.72,472.34,48.38,0
2020-11-24,10,ACAPULCO,513.52,462.53,50.75,.24
2020-11-24,11,ACAPULCO,518.33,464.98,53.08,.26
2020-11-24,12,ACAPULCO,549.7,490.39,59.01,.3
2020-11-24,13,ACAPULCO,552.51,494.21,58.27,.03
2020-11-24,14,ACAPULCO,562.09,501,61.04,.04
2020-11-24,15,ACAPULCO,555.94,494.96,60.95,.03
2020-11-24,16,ACAPULCO,556.64,499.8,56.8,.04
2020-11-24,17,ACAPULCO,681.76,606.6,75.05,.12
2020-11-24,18,ACAPULCO,816.16,769.51,87.46,-40.81
2020-11-24,19,ACAPULCO,902.43,852.21,104.26,-54.04
2020-11-24,20,ACAPULCO,854.19,797.72,103.09,-46.61
2020-11-24,21,ACAPULCO,838.58,779.99,102.28,-43.69
2020-11-24,22,ACAPULCO,839.69,747.21,97.88,-5.4
2020-11-24,23,ACAPULCO,842.98,750.23,98.74,-5.99
2020-11-24,24,ACAPULCO,577.18,511.58,65.6,0
2020-11-24,1,AGUASCALIENTES,462,462.88,-.88,0
2020-11-24,2,AGUASCALIENTES,450.38,450.93,-.55,0
2020-11-24,3,AGUASCALIENTES,439.02,439.66,-.64,0
2020-11-24,4,AGUASCALIENTES,433,434.16,-1.16,0
2020-11-24,5,AGUASCALIENTES,432.74,433.99,-1.25,0
2020-11-24,6,AGUASCALIENTES,446.58,447.31,-.74,0
2020-11-24,7,AGUASCALIENTES,458.98,459.24,-.26,0
2020-11-24,8,AGUASCALIENTES,475.6,475.49,.11,0
2020-11-24,9,AGUASCALIENTES,467.34,472.34,-5,0
2020-11-24,10,AGUASCALIENTES,452.63,462.53,-9.4,-.5
2020-11-24,11,AGUASCALIENTES,454.85,464.98,-9.58,-.55
2020-11-24,12,AGUASCALIENTES,480.52,490.39,-9.16,-.72
2020-11-24,13,AGUASCALIENTES,486.43,494.21,-7.8,.01
2020-11-24,14,AGUASCALIENTES,494.34,501,-6.68,.01
2020-11-24,15,AGUASCALIENTES,487,494.96,-7.97,.01
2020-11-24,16,AGUASCALIENTES,492.38,499.8,-7.43,.01
2020-11-24,17,AGUASCALIENTES,598.44,606.6,-8.2,.04
2020-11-24,18,AGUASCALIENTES,712.11,769.51,-2,-55.41
2020-11-24,19,AGUASCALIENTES,812.86,852.21,1.43,-40.78
2020-11-24,20,AGUASCALIENTES,773.22,797.72,2.72,-27.22
2020-11-24,21,AGUASCALIENTES,746.72,779.99,.17,-33.44
2020-11-24,22,AGUASCALIENTES,787.95,747.21,-.18,40.91
2020-11-24,23,AGUASCALIENTES,794.73,750.23,-.94,45.43
2020-11-24,24,AGUASCALIENTES,510.16,511.58,-1.42,0
2020-11-24,1,APATZINGAN,488.71,462.88,25.83,0
2020-11-24,2,APATZINGAN,473.19,450.93,22.26,0
2020-11-24,3,APATZINGAN,460.34,439.66,20.68,0
2020-11-24,4,APATZINGAN,453.86,434.16,19.7,0
2020-11-24,5,APATZINGAN,452.51,433.99,18.52,0
2020-11-24,6,APATZINGAN,468.09,447.31,20.78,0
2020-11-24,7,APATZINGAN,483.77,459.24,24.53,0
2020-11-24,8,APATZINGAN,503.25,475.49,27.76,0
2020-11-24,9,APATZINGAN,503.43,472.34,31.09,0
2020-11-24,10,APATZINGAN,494.73,462.53,31.15,1.05
2020-11-24,11,APATZINGAN,498.76,464.98,32.61,1.17
2020-11-24,12,APATZINGAN,529.45,490.39,37.54,1.52
2020-11-24,13,APATZINGAN,533.71,494.21,39.25,.25
2020-11-24,14,APATZINGAN,542.98,501,41.69,.28
2020-11-24,15,APATZINGAN,536.05,494.96,40.87,.23
2020-11-24,16,APATZINGAN,540.67,499.8,40.6,.27
2020-11-24,17,APATZINGAN,656.91,606.6,49.47,.85
2020-11-24,18,APATZINGAN,795.17,769.51,58.4,-32.74
2020-11-24,19,APATZINGAN,884.54,852.21,67.36,-35.03
2020-11-24,20,APATZINGAN,838.68,797.72,69.06,-28.09
2020-11-24,21,APATZINGAN,815.39,779.99,63.86,-28.47
2020-11-24,22,APATZINGAN,813.65,747.21,57.82,8.62
2020-11-24,23,APATZINGAN,813.84,750.23,54.03,9.58
2020-11-24,24,APATZINGAN,544.75,511.58,33.17,0
2020-11-24,1,CABORCA,415.07,462.88,-47.82,0
2020-11-24,2,CABORCA,404.06,450.93,-46.87,0
2020-11-24,3,CABORCA,395.79,439.66,-43.87,0
2020-11-24,4,CABORCA,390.73,434.16,-43.43,0
2020-11-24,5,CABORCA,394.13,433.99,-39.86,0
2020-11-24,6,CABORCA,402.83,447.31,-44.48,0
2020-11-24,7,CABORCA,411.1,459.24,-48.14,0
2020-11-24,8,CABORCA,421.82,475.49,-53.67,0
2020-11-24,9,CABORCA,411.25,472.34,-61.09,0
2020-11-24,10,CABORCA,325.08,462.53,-117.8,-19.66
2020-11-24,11,CABORCA,315.29,464.98,-127.81,-21.89
2020-11-24,12,CABORCA,329.61,490.39,-132.29,-28.49
2020-11-24,13,CABORCA,331.67,494.21,-131.51,-31.03
2020-11-24,14,CABORCA,335.96,501,-130.54,-34.51
2020-11-24,15,CABORCA,333.3,494.96,-133.7,-27.97
2020-11-24,16,CABORCA,332.78,499.8,-133.4,-33.62
2020-11-24,17,CABORCA,335.11,606.59,-166.69,-104.79
2020-11-24,18,CABORCA,467.89,769.51,-175.66,-125.96
2020-11-24,19,CABORCA,575.81,852.21,-124.68,-151.72
2020-11-24,20,CABORCA,556.77,797.72,-93.54,-147.41
2020-11-24,21,CABORCA,555.5,779.99,-101.64,-122.86
2020-11-24,22,CABORCA,553.63,747.21,-93.94,-99.64
2020-11-24,23,CABORCA,537.9,750.23,-101.63,-110.71
2020-11-24,24,CABORCA,444.78,511.58,-66.8,0
2020-11-24,1,CAMARGO,424.97,462.88,-37.92,0
2020-11-24,2,CAMARGO,414.2,450.93,-36.73,0
2020-11-24,3,CAMARGO,405.77,439.66,-33.89,0
2020-11-24,4,CAMARGO,402.03,434.16,-32.13,0
2020-11-24,5,CAMARGO,399.68,433.99,-34.31,0
2020-11-24,6,CAMARGO,411.14,447.31,-36.17,0
2020-11-24,7,CAMARGO,419.19,459.24,-40.05,0
2020-11-24,8,CAMARGO,437.04,475.49,-38.45,0
2020-11-24,9,CAMARGO,430.19,472.34,-42.15,0
2020-11-24,10,CAMARGO,398.41,462.53,-52.24,-11.88
2020-11-24,11,CAMARGO,398.81,464.98,-52.94,-13.23
2020-11-24,12,CAMARGO,413.57,490.39,-59.59,-17.24
2020-11-24,13,CAMARGO,425.83,494.21,-59.55,-8.83
2020-11-24,14,CAMARGO,431.51,501.01,-59.68,-9.82
2020-11-24,15,CAMARGO,426.02,494.96,-60.99,-7.96
2020-11-24,16,CAMARGO,427.52,499.8,-62.71,-9.57
2020-11-24,17,CAMARGO,491.2,606.6,-85.56,-29.83
2020-11-24,18,CAMARGO,570.83,769.51,-97.84,-100.85
2020-11-24,19,CAMARGO,559.75,852.21,-85.64,-206.82
2020-11-24,20,CAMARGO,530.07,797.72,-64.16,-203.48
2020-11-24,21,CAMARGO,541.38,779.99,-72.06,-166.55
2020-11-24,22,CAMARGO,521.6,747.21,-67.58,-158.03
2020-11-24,23,CAMARGO,500.98,750.23,-73.67,-175.58
2020-11-24,24,CAMARGO,465.21,511.58,-46.37,0
2020-11-24,1,CAMPECHE,497.64,462.88,34.75,0
2020-11-24,2,CAMPECHE,479.21,450.93,28.28,0
2020-11-24,3,CAMPECHE,469.14,439.66,29.49,0
2020-11-24,4,CAMPECHE,460.27,434.16,26.11,0
2020-11-24,5,CAMPECHE,458.33,433.99,24.34,0
2020-11-24,6,CAMPECHE,476.66,447.31,29.34,0
2020-11-24,7,CAMPECHE,484.68,459.24,25.44,0
2020-11-24,8,CAMPECHE,499.57,475.49,24.08,0
2020-11-24,9,CAMPECHE,506.28,472.34,33.94,0
2020-11-24,10,CAMPECHE,505.98,462.53,43.62,-.17
2020-11-24,11,CAMPECHE,511.84,464.98,47.05,-.19
2020-11-24,12,CAMPECHE,541.7,490.39,51.56,-.25
2020-11-24,13,CAMPECHE,543.21,494.21,49.06,-.06
2020-11-24,14,CAMPECHE,550.05,501,49.11,-.06
2020-11-24,15,CAMPECHE,545.77,494.96,50.87,-.05
2020-11-24,16,CAMPECHE,554.43,499.8,54.69,-.06
2020-11-24,17,CAMPECHE,670.63,606.6,64.22,-.19
2020-11-24,18,CAMPECHE,790.05,769.51,68.35,-47.82
2020-11-24,19,CAMPECHE,857.84,852.21,71.32,-65.68
2020-11-24,20,CAMPECHE,804.71,797.72,63.95,-56.96
2020-11-24,21,CAMPECHE,799.27,779.99,72.02,-52.74
2020-11-24,22,CAMPECHE,829.08,747.21,92.07,-10.19
2020-11-24,23,CAMPECHE,839.88,750.23,100.97,-11.33
2020-11-24,24,CAMPECHE,575.83,511.58,64.25,0
2020-11-24,1,CANCUN,490.95,462.88,28.07,0
2020-11-24,2,CANCUN,474.28,450.93,23.35,0
2020-11-24,3,CANCUN,468.74,439.66,29.08,0
2020-11-24,4,CANCUN,460.05,434.16,25.9,0
2020-11-24,5,CANCUN,458.03,433.99,24.04,0
2020-11-24,6,CANCUN,468.21,447.31,20.89,0
2020-11-24,7,CANCUN,475.53,459.24,16.29,0
2020-11-24,8,CANCUN,489.18,475.49,13.69,0
2020-11-24,9,CANCUN,496.04,472.34,23.7,0
2020-11-24,10,CANCUN,496.64,462.53,34.28,-.17
2020-11-24,11,CANCUN,500.08,464.98,35.29,-.19
2020-11-24,12,CANCUN,528.04,490.39,37.9,-.25
2020-11-24,13,CANCUN,528.55,494.21,34.4,-.06
2020-11-24,14,CANCUN,536.21,501.01,35.27,-.06
2020-11-24,15,CANCUN,531.24,494.96,36.33,-.05
2020-11-24,16,CANCUN,539.47,499.8,39.73,-.06
2020-11-24,17,CANCUN,651.32,606.6,44.91,-.19
2020-11-24,18,CANCUN,780.27,769.51,58.57,-47.82
2020-11-24,19,CANCUN,844.19,852.21,57.66,-65.68
2020-11-24,20,CANCUN,789.59,797.72,48.83,-56.96
2020-11-24,21,CANCUN,783.69,779.99,56.44,-52.74
2020-11-24,22,CANCUN,813.73,747.21,76.71,-10.19
2020-11-24,23,CANCUN,823.36,750.23,84.45,-11.33
2020-11-24,24,CANCUN,562.37,511.58,50.79,0
2020-11-24,1,CARMEN,519.5,462.88,56.62,0
2020-11-24,2,CARMEN,499.13,450.93,48.2,0
2020-11-24,3,CARMEN,486.52,439.66,46.86,0
2020-11-24,4,CARMEN,476.57,434.16,42.41,0
2020-11-24,5,CARMEN,473.78,433.99,39.79,0
2020-11-24,6,CARMEN,490.55,447.31,43.24,0
2020-11-24,7,CARMEN,498.55,459.24,39.31,0
2020-11-24,8,CARMEN,513.94,475.49,38.45,0
2020-11-24,9,CARMEN,521.36,472.34,49.02,0
2020-11-24,10,CARMEN,521.35,462.53,58.99,-.17
2020-11-24,11,CARMEN,527.51,464.98,62.72,-.19
2020-11-24,12,CARMEN,558.77,490.39,68.63,-.25
2020-11-24,13,CARMEN,561.07,494.21,66.92,-.06
2020-11-24,14,CARMEN,570.19,501,69.25,-.06
2020-11-24,15,CARMEN,566.02,494.96,71.11,-.05
2020-11-24,16,CARMEN,575.05,499.8,75.32,-.06
2020-11-24,17,CARMEN,695.77,606.59,89.36,-.19
2020-11-24,18,CARMEN,826.59,769.51,104.89,-47.82
2020-11-24,19,CARMEN,902.24,852.21,115.71,-65.68
2020-11-24,20,CARMEN,847.71,797.72,106.95,-56.96
2020-11-24,21,CARMEN,842.62,779.99,115.37,-52.74
2020-11-24,22,CARMEN,871.65,747.21,134.64,-10.19
2020-11-24,23,CARMEN,882.64,750.23,143.73,-11.33
2020-11-24,24,CARMEN,604.58,511.58,93.01,0
2020-11-24,1,CASAS GRANDES,389.59,462.88,-73.29,0
2020-11-24,2,CASAS GRANDES,379.88,450.93,-71.05,0
2020-11-24,3,CASAS GRANDES,373.93,439.66,-65.73,0
2020-11-24,4,CASAS GRANDES,370.81,434.16,-63.35,0
2020-11-24,5,CASAS GRANDES,368.57,433.99,-65.42,0
2020-11-24,6,CASAS GRANDES,378,447.31,-69.32,0
2020-11-24,7,CASAS GRANDES,383.9,459.24,-75.34,0
2020-11-24,8,CASAS GRANDES,397.15,475.49,-78.34,0
2020-11-24,9,CASAS GRANDES,392,472.34,-80.34,0
2020-11-24,10,CASAS GRANDES,350.4,462.53,-97.55,-14.58
2020-11-24,11,CASAS GRANDES,349.69,464.98,-99.04,-16.25
2020-11-24,12,CASAS GRANDES,360.76,490.39,-108.43,-21.2
2020-11-24,13,CASAS GRANDES,365.73,494.21,-110.58,-17.9
2020-11-24,14,CASAS GRANDES,369.35,501.01,-111.74,-19.92
2020-11-24,15,CASAS GRANDES,367.15,494.96,-111.67,-16.15
2020-11-24,16,CASAS GRANDES,368.02,499.8,-112.36,-19.42
2020-11-24,17,CASAS GRANDES,397.71,606.59,-147.36,-61.52
2020-11-24,18,CASAS GRANDES,478.51,769.51,-178.97,-112.03
2020-11-24,19,CASAS GRANDES,495.82,852.21,-166.44,-189.95
2020-11-24,20,CASAS GRANDES,477.4,797.72,-134,-186.32
2020-11-24,21,CASAS GRANDES,485.64,779.99,-140.96,-153.39
2020-11-24,22,CASAS GRANDES,474.98,747.21,-132.14,-140.08
2020-11-24,23,CASAS GRANDES,455.84,750.23,-138.74,-155.65
2020-11-24,24,CASAS GRANDES,423.3,511.58,-88.28,0
2020-11-24,1,CELAYA,469.15,462.88,6.27,0
2020-11-24,2,CELAYA,456.83,450.93,5.9,0
2020-11-24,3,CELAYA,444.93,439.66,5.27,0
2020-11-24,4,CELAYA,439.48,434.16,5.32,0
2020-11-24,5,CELAYA,439.5,433.99,5.51,0
2020-11-24,6,CELAYA,452.79,447.31,5.48,0
2020-11-24,7,CELAYA,465.3,459.24,6.06,0
2020-11-24,8,CELAYA,482.33,475.49,6.84,0
2020-11-24,9,CELAYA,478.31,472.34,5.97,0
2020-11-24,10,CELAYA,467.8,462.53,5.16,.11
2020-11-24,11,CELAYA,470.29,464.98,5.18,.12
2020-11-24,12,CELAYA,496.51,490.39,5.95,.16
2020-11-24,13,CELAYA,500.61,494.21,6.37,.04
2020-11-24,14,CELAYA,507.25,501.01,6.2,.04
2020-11-24,15,CELAYA,500.67,494.96,5.68,.03
2020-11-24,16,CELAYA,505.69,499.8,5.85,.04
2020-11-24,17,CELAYA,613.67,606.6,6.96,.12
2020-11-24,18,CELAYA,762.62,769.51,10.72,-17.61
2020-11-24,19,CELAYA,846.34,852.21,11.77,-17.63
2020-11-24,20,CELAYA,795.66,797.72,11.74,-13.8
2020-11-24,21,CELAYA,777.37,779.99,11.74,-14.36
2020-11-24,22,CELAYA,765.16,747.21,11.55,6.4
2020-11-24,23,CELAYA,767.11,750.23,9.98,6.9
2020-11-24,24,CELAYA,518.2,511.58,6.62,0
2020-11-24,1,CENTRO ORIENTE,477.97,462.88,15.09,0
2020-11-24,2,CENTRO ORIENTE,463.18,450.93,12.26,0
2020-11-24,3,CENTRO ORIENTE,451,439.66,11.34,0
2020-11-24,4,CENTRO ORIENTE,444.95,434.16,10.79,0
2020-11-24,5,CENTRO ORIENTE,445.08,433.99,11.09,0
2020-11-24,6,CENTRO ORIENTE,459.46,447.31,12.14,0
2020-11-24,7,CENTRO ORIENTE,472.12,459.24,12.88,0
2020-11-24,8,CENTRO ORIENTE,488.59,475.49,13.1,0
2020-11-24,9,CENTRO ORIENTE,488.19,472.34,15.85,0
2020-11-24,10,CENTRO ORIENTE,481.35,462.53,18.94,-.12
2020-11-24,11,CENTRO ORIENTE,484.81,464.98,19.96,-.13
2020-11-24,12,CENTRO ORIENTE,510.23,490.39,20.01,-.18
2020-11-24,13,CENTRO ORIENTE,513.14,494.21,18.97,-.04
2020-11-24,14,CENTRO ORIENTE,520.6,501.01,19.64,-.04
2020-11-24,15,CENTRO ORIENTE,514.61,494.96,19.69,-.04
2020-11-24,16,CENTRO ORIENTE,520.99,499.8,21.23,-.04
2020-11-24,17,CENTRO ORIENTE,632.28,606.6,25.81,-.13
2020-11-24,18,CENTRO ORIENTE,762.22,769.51,30.04,-37.33
2020-11-24,19,CENTRO ORIENTE,836.82,852.21,35.92,-51.31
2020-11-24,20,CENTRO ORIENTE,786.92,797.72,34.04,-44.83
2020-11-24,21,CENTRO ORIENTE,772.54,779.99,34.07,-41.53
2020-11-24,22,CENTRO ORIENTE,771.35,747.21,32.04,-7.9
2020-11-24,23,CENTRO ORIENTE,772.5,750.23,31.01,-8.74
2020-11-24,24,CENTRO ORIENTE,531.52,511.58,19.94,0
2020-11-24,1,CENTRO SUR,487.13,462.88,24.25,0
2020-11-24,2,CENTRO SUR,471.68,450.93,20.76,0
2020-11-24,3,CENTRO SUR,459.63,439.66,19.97,0
2020-11-24,4,CENTRO SUR,453.44,434.16,19.29,0
2020-11-24,5,CENTRO SUR,453.08,433.99,19.09,0
2020-11-24,6,CENTRO SUR,468.36,447.31,21.05,0
2020-11-24,7,CENTRO SUR,482.19,459.24,22.95,0
2020-11-24,8,CENTRO SUR,498.95,475.49,23.46,0
2020-11-24,9,CENTRO SUR,498.96,472.34,26.62,0
2020-11-24,10,CENTRO SUR,491.51,462.53,28.89,.08
2020-11-24,11,CENTRO SUR,495.01,464.98,29.93,.09
2020-11-24,12,CENTRO SUR,522.72,490.39,32.21,.12
2020-11-24,13,CENTRO SUR,525.11,494.21,30.89,.02
2020-11-24,14,CENTRO SUR,533.05,501.01,32.02,.02
2020-11-24,15,CENTRO SUR,526.65,494.96,31.68,.02
2020-11-24,16,CENTRO SUR,532.17,499.8,32.35,.02
2020-11-24,17,CENTRO SUR,646.88,606.6,40.23,.06
2020-11-24,18,CENTRO SUR,777.99,769.51,45.03,-36.55
2020-11-24,19,CENTRO SUR,852.73,852.21,49.04,-48.52
2020-11-24,20,CENTRO SUR,801.58,797.72,45.79,-41.93
2020-11-24,21,CENTRO SUR,786.25,779.99,45.46,-39.2
2020-11-24,22,CENTRO SUR,786.11,747.21,44.05,-5.14
2020-11-24,23,CENTRO SUR,790.58,750.23,46.08,-5.73
2020-11-24,24,CENTRO SUR,543.27,511.58,31.69,0
2020-11-24,1,CHETUMAL,498.78,462.88,35.89,0
2020-11-24,2,CHETUMAL,480.25,450.93,29.33,0
2020-11-24,3,CHETUMAL,470.03,439.66,30.37,0
2020-11-24,4,CHETUMAL,461.19,434.16,27.03,0
2020-11-24,5,CHETUMAL,459.42,433.99,25.43,0
2020-11-24,6,CHETUMAL,473.13,447.31,25.81,0
2020-11-24,7,CHETUMAL,481.61,459.24,22.37,0
2020-11-24,8,CHETUMAL,495.86,475.49,20.37,0
2020-11-24,9,CHETUMAL,502.21,472.34,29.87,0
2020-11-24,10,CHETUMAL,501.4,462.53,39.03,-.17
2020-11-24,11,CHETUMAL,507.14,464.98,42.34,-.19
2020-11-24,12,CHETUMAL,536.34,490.39,46.2,-.25
2020-11-24,13,CHETUMAL,537.73,494.21,43.58,-.06
2020-11-24,14,CHETUMAL,546.31,501,45.37,-.06
2020-11-24,15,CHETUMAL,542.6,494.96,47.7,-.05
2020-11-24,16,CHETUMAL,551.6,499.8,51.87,-.06
2020-11-24,17,CHETUMAL,667.56,606.59,61.16,-.19
2020-11-24,18,CHETUMAL,797.22,769.51,75.52,-47.82
2020-11-24,19,CHETUMAL,866.85,852.21,80.33,-65.68
2020-11-24,20,CHETUMAL,812.92,797.72,72.17,-56.96
2020-11-24,21,CHETUMAL,807.03,779.99,79.78,-52.74
2020-11-24,22,CHETUMAL,836.04,747.21,99.03,-10.19
2020-11-24,23,CHETUMAL,845.05,750.23,106.14,-11.33
2020-11-24,24,CHETUMAL,578.26,511.58,66.68,0
2020-11-24,1,CHIHUAHUA,397.38,462.88,-65.51,0
2020-11-24,2,CHIHUAHUA,387.56,450.93,-63.37,0
2020-11-24,3,CHIHUAHUA,380.82,439.66,-58.84,0
2020-11-24,4,CHIHUAHUA,377.5,434.16,-56.66,0
2020-11-24,5,CHIHUAHUA,375,433.99,-58.99,0
2020-11-24,6,CHIHUAHUA,385.81,447.31,-61.5,0
2020-11-24,7,CHIHUAHUA,392.54,459.24,-66.7,0
2020-11-24,8,CHIHUAHUA,409.24,475.49,-66.25,0
2020-11-24,9,CHIHUAHUA,404.66,472.34,-67.68,0
2020-11-24,10,CHIHUAHUA,373.87,462.53,-76.64,-12.01
2020-11-24,11,CHIHUAHUA,374.7,464.98,-76.9,-13.38
2020-11-24,12,CHIHUAHUA,386.98,490.39,-85.97,-17.44
2020-11-24,13,CHIHUAHUA,395.81,494.21,-87.52,-10.88
2020-11-24,14,CHIHUAHUA,400.5,501.01,-88.41,-12.1
2020-11-24,15,CHIHUAHUA,396.83,494.96,-88.33,-9.81
2020-11-24,16,CHIHUAHUA,397.94,499.8,-90.07,-11.79
2020-11-24,17,CHIHUAHUA,449.3,606.59,-120.53,-36.76
2020-11-24,18,CHIHUAHUA,515.76,769.51,-148.83,-104.92
2020-11-24,19,CHIHUAHUA,502.41,852.21,-143.22,-206.57
2020-11-24,20,CHIHUAHUA,479.39,797.72,-115.09,-203.23
2020-11-24,21,CHIHUAHUA,491.65,779.99,-121.91,-166.44
2020-11-24,22,CHIHUAHUA,474.6,747.21,-115.24,-157.37
2020-11-24,23,CHIHUAHUA,453.95,750.23,-121.43,-174.85
2020-11-24,24,CHIHUAHUA,434.63,511.58,-76.95,0
2020-11-24,1,CHILPANCINGO,510.02,462.88,47.13,0
2020-11-24,2,CHILPANCINGO,492.79,450.93,41.86,0
2020-11-24,3,CHILPANCINGO,479.58,439.66,39.92,0
2020-11-24,4,CHILPANCINGO,472.84,434.16,38.68,0
2020-11-24,5,CHILPANCINGO,471.78,433.99,37.79,0
2020-11-24,6,CHILPANCINGO,487.98,447.31,40.67,0
2020-11-24,7,CHILPANCINGO,502.82,459.24,43.58,0
2020-11-24,8,CHILPANCINGO,518.78,475.49,43.29,0
2020-11-24,9,CHILPANCINGO,519.96,472.34,47.62,0
2020-11-24,10,CHILPANCINGO,512.81,462.53,50.12,.16
2020-11-24,11,CHILPANCINGO,517.38,464.98,52.22,.17
2020-11-24,12,CHILPANCINGO,547.83,490.39,57.25,.2
2020-11-24,13,CHILPANCINGO,550.95,494.21,56.73,.01
2020-11-24,14,CHILPANCINGO,560.29,501,59.27,.02
2020-11-24,15,CHILPANCINGO,554.41,494.96,59.44,.02
2020-11-24,16,CHILPANCINGO,554.51,499.8,54.7,.02
2020-11-24,17,CHILPANCINGO,679.82,606.59,73.17,.06
2020-11-24,18,CHILPANCINGO,815.66,769.51,87.44,-41.29
2020-11-24,19,CHILPANCINGO,901.02,852.21,103.81,-55
2020-11-24,20,CHILPANCINGO,851.79,797.72,101.61,-47.54
2020-11-24,21,CHILPANCINGO,836.06,779.99,100.51,-44.45
2020-11-24,22,CHILPANCINGO,837.04,747.21,95.98,-6.15
2020-11-24,23,CHILPANCINGO,838.79,750.23,95.39,-6.83
2020-11-24,24,CHILPANCINGO,575.02,511.58,63.44,0
2020-11-24,1,CHONTALPA,471.44,462.88,8.55,0
2020-11-24,2,CHONTALPA,454.43,450.93,3.5,0
2020-11-24,3,CHONTALPA,442.08,439.66,2.42,0
2020-11-24,4,CHONTALPA,434.5,434.16,.35,0
2020-11-24,5,CHONTALPA,433.48,433.99,-.51,0
2020-11-24,6,CHONTALPA,446.68,447.31,-.64,0
2020-11-24,7,CHONTALPA,455.82,459.24,-3.42,0
2020-11-24,8,CHONTALPA,469.32,475.49,-6.17,0
2020-11-24,9,CHONTALPA,472.83,472.34,.49,0
2020-11-24,10,CHONTALPA,468.47,462.53,6.11,-.17
2020-11-24,11,CHONTALPA,472.79,464.98,7.99,-.19
2020-11-24,12,CHONTALPA,500.07,490.39,9.93,-.25
2020-11-24,13,CHONTALPA,502.31,494.21,8.16,-.06
2020-11-24,14,CHONTALPA,510.6,501,9.65,-.06
2020-11-24,15,CHONTALPA,507.98,494.96,13.07,-.05
2020-11-24,16,CHONTALPA,516.02,499.8,16.28,-.06
2020-11-24,17,CHONTALPA,623.88,606.59,17.47,-.19
2020-11-24,18,CHONTALPA,738.6,769.51,16.9,-47.82
2020-11-24,19,CHONTALPA,799.4,852.21,12.87,-65.68
2020-11-24,20,CHONTALPA,754.38,797.72,13.62,-56.96
2020-11-24,21,CHONTALPA,752.9,779.99,25.65,-52.74
2020-11-24,22,CHONTALPA,785.46,747.21,48.45,-10.19
2020-11-24,23,CHONTALPA,795.37,750.23,56.47,-11.33
2020-11-24,24,CHONTALPA,547,511.58,35.43,0
2020-11-24,1,CIENEGA,472.47,462.88,9.59,0
2020-11-24,2,CIENEGA,458.87,450.93,7.95,0
2020-11-24,3,CIENEGA,446.76,439.66,7.1,0
2020-11-24,4,CIENEGA,440.58,434.16,6.42,0
2020-11-24,5,CIENEGA,439.51,433.99,5.52,0
2020-11-24,6,CIENEGA,453.9,447.31,6.58,0
2020-11-24,7,CIENEGA,467.9,459.24,8.66,0
2020-11-24,8,CIENEGA,485.8,475.49,10.31,0
2020-11-24,9,CIENEGA,482.57,472.34,10.23,0
2020-11-24,10,CIENEGA,472.43,462.53,7.6,2.3
2020-11-24,11,CIENEGA,475.66,464.98,8.11,2.57
2020-11-24,12,CIENEGA,504.46,490.39,10.72,3.35
2020-11-24,13,CIENEGA,507.39,494.21,12.64,.55
2020-11-24,14,CIENEGA,516.07,501,14.46,.61
2020-11-24,15,CIENEGA,508.1,494.96,12.65,.49
2020-11-24,16,CIENEGA,513.56,499.8,13.17,.59
2020-11-24,17,CIENEGA,624.13,606.6,15.71,1.83
2020-11-24,18,CIENEGA,746.5,769.51,19.12,-42.13
2020-11-24,19,CIENEGA,826.41,852.21,20.75,-46.54
2020-11-24,20,CIENEGA,782.83,797.72,22.75,-37.64
2020-11-24,21,CIENEGA,761.25,779.99,19.07,-37.81
2020-11-24,22,CIENEGA,776.52,747.21,19.74,9.57
2020-11-24,23,CIENEGA,780.64,750.23,19.8,10.61
2020-11-24,24,CIENEGA,523.33,511.58,11.75,0
2020-11-24,1,COATZACOALCOS,470.44,462.88,7.56,0
2020-11-24,2,COATZACOALCOS,455.16,450.93,4.24,0
2020-11-24,3,COATZACOALCOS,442.85,439.66,3.19,0
2020-11-24,4,COATZACOALCOS,436.03,434.16,1.87,0
2020-11-24,5,COATZACOALCOS,435.57,433.99,1.58,0
2020-11-24,6,COATZACOALCOS,449.79,447.31,2.48,0
2020-11-24,7,COATZACOALCOS,459.99,459.24,.75,0
2020-11-24,8,COATZACOALCOS,474.04,475.49,-1.45,0
2020-11-24,9,COATZACOALCOS,476.77,472.34,4.43,0
2020-11-24,10,COATZACOALCOS,472.21,462.53,9.84,-.17
2020-11-24,11,COATZACOALCOS,476.97,464.98,12.18,-.19
2020-11-24,12,COATZACOALCOS,503.87,490.39,13.73,-.25
2020-11-24,13,COATZACOALCOS,505.78,494.21,11.63,-.06
2020-11-24,14,COATZACOALCOS,513.57,501.01,12.63,-.06
2020-11-24,15,COATZACOALCOS,510.09,494.96,15.18,-.05
2020-11-24,16,COATZACOALCOS,517.82,499.8,18.09,-.06
2020-11-24,17,COATZACOALCOS,626.71,606.6,20.3,-.19
2020-11-24,18,COATZACOALCOS,742.07,769.51,20.41,-47.85
2020-11-24,19,COATZACOALCOS,801.76,852.21,15.29,-65.73
2020-11-24,20,COATZACOALCOS,756.06,797.72,15.35,-57.01
2020-11-24,21,COATZACOALCOS,752.92,779.99,25.7,-52.78
2020-11-24,22,COATZACOALCOS,782.13,747.21,45.12,-10.2
2020-11-24,23,COATZACOALCOS,791.21,750.23,52.31,-11.34
2020-11-24,24,COATZACOALCOS,545.32,511.58,33.74,0
2020-11-24,1,COLIMA,471.13,462.88,8.25,0
2020-11-24,2,COLIMA,457.69,450.93,6.76,0
2020-11-24,3,COLIMA,445.71,439.66,6.05,0
2020-11-24,4,COLIMA,439.35,434.16,5.19,0
2020-11-24,5,COLIMA,438.19,433.99,4.2,0
2020-11-24,6,COLIMA,452.54,447.31,5.23,0
2020-11-24,7,COLIMA,466.16,459.24,6.92,0
2020-11-24,8,COLIMA,484,475.49,8.51,0
2020-11-24,9,COLIMA,481.16,472.34,8.82,0
2020-11-24,10,COLIMA,471.41,462.53,6.58,2.3
2020-11-24,11,COLIMA,474.61,464.98,7.06,2.57
2020-11-24,12,COLIMA,503.27,490.39,9.53,3.35
2020-11-24,13,COLIMA,505.14,494.21,10.39,.54
2020-11-24,14,COLIMA,513.8,501,12.2,.6
2020-11-24,15,COLIMA,506.01,494.96,10.57,.49
2020-11-24,16,COLIMA,510.98,499.8,10.59,.59
2020-11-24,17,COLIMA,620.83,606.6,12.41,1.83
2020-11-24,18,COLIMA,741.53,769.51,13.77,-41.76
2020-11-24,19,COLIMA,818.97,852.21,13.55,-46.79
2020-11-24,20,COLIMA,775.08,797.72,15.41,-38.05
2020-11-24,21,COLIMA,754.58,779.99,12.57,-37.98
2020-11-24,22,COLIMA,769.43,747.21,13.71,8.51
2020-11-24,23,COLIMA,775.36,750.23,15.67,9.45
2020-11-24,24,COLIMA,521.34,511.58,9.76,0
2020-11-24,1,CORDOBA,470.54,462.88,7.66,0
2020-11-24,2,CORDOBA,455.25,450.93,4.32,0
2020-11-24,3,CORDOBA,442.96,439.66,3.3,0
2020-11-24,4,CORDOBA,436.63,434.16,2.48,0
2020-11-24,5,CORDOBA,436.84,433.99,2.86,0
2020-11-24,6,CORDOBA,451.18,447.31,3.87,0
2020-11-24,7,CORDOBA,462.86,459.24,3.62,0
2020-11-24,8,CORDOBA,478.18,475.49,2.69,0
2020-11-24,9,CORDOBA,479.44,472.34,7.1,0
2020-11-24,10,CORDOBA,473.85,462.53,11.51,-.2
2020-11-24,11,CORDOBA,477.82,464.98,13.05,-.22
2020-11-24,12,CORDOBA,504.29,490.39,14.19,-.29
2020-11-24,13,CORDOBA,507.02,494.21,12.88,-.07
2020-11-24,14,CORDOBA,514.97,501,14.04,-.07
2020-11-24,15,CORDOBA,510.25,494.96,15.35,-.06
2020-11-24,16,CORDOBA,517.08,499.8,17.35,-.07
2020-11-24,17,CORDOBA,627.7,606.59,21.31,-.21
2020-11-24,18,CORDOBA,743.77,769.51,24.19,-49.93
2020-11-24,19,CORDOBA,811.25,852.21,27.68,-68.64
2020-11-24,20,CORDOBA,763.87,797.72,26.37,-60.22
2020-11-24,21,CORDOBA,754.84,779.99,30.58,-55.73
2020-11-24,22,CORDOBA,773.1,747.21,36.85,-10.96
2020-11-24,23,CORDOBA,776.56,750.23,38.51,-12.19
2020-11-24,24,CORDOBA,535.73,511.58,24.15,0
2020-11-24,1,CUAUHTEMOC,411.78,462.88,-51.1,0
2020-11-24,2,CUAUHTEMOC,401.5,450.93,-49.43,0
2020-11-24,3,CUAUHTEMOC,394.25,439.66,-45.41,0
2020-11-24,4,CUAUHTEMOC,390.72,434.16,-43.43,0
2020-11-24,5,CUAUHTEMOC,388.7,433.99,-45.29,0
2020-11-24,6,CUAUHTEMOC,400.78,447.31,-46.54,0
2020-11-24,7,CUAUHTEMOC,407.89,459.24,-51.35,0
2020-11-24,8,CUAUHTEMOC,424.43,475.49,-51.06,0
2020-11-24,9,CUAUHTEMOC,420.2,472.34,-52.14,0
2020-11-24,10,CUAUHTEMOC,389.8,462.53,-60.78,-11.96
2020-11-24,11,CUAUHTEMOC,391.02,464.98,-60.65,-13.32
2020-11-24,12,CUAUHTEMOC,404.17,490.39,-68.87,-17.35
2020-11-24,13,CUAUHTEMOC,413.22,494.21,-70.23,-10.76
2020-11-24,14,CUAUHTEMOC,418.28,501,-70.75,-11.97
2020-11-24,15,CUAUHTEMOC,414.16,494.96,-71.1,-9.7
2020-11-24,16,CUAUHTEMOC,416.01,499.8,-72.12,-11.66
2020-11-24,17,CUAUHTEMOC,471.1,606.6,-99.14,-36.35
2020-11-24,18,CUAUHTEMOC,541.49,769.51,-123.2,-104.82
2020-11-24,19,CUAUHTEMOC,528.96,852.21,-116.2,-207.05
2020-11-24,20,CUAUHTEMOC,503.19,797.72,-90.8,-203.73
2020-11-24,21,CUAUHTEMOC,515.07,779.99,-98.1,-166.82
2020-11-24,22,CUAUHTEMOC,496.71,747.21,-92.63,-157.87
2020-11-24,23,CUAUHTEMOC,476.02,750.23,-98.8,-175.41
2020-11-24,24,CUAUHTEMOC,450.27,511.58,-61.31,0
2020-11-24,1,CUAUTLA,485.43,462.88,22.55,0
2020-11-24,2,CUAUTLA,469.86,450.93,18.94,0
2020-11-24,3,CUAUTLA,457.31,439.66,17.65,0
2020-11-24,4,CUAUTLA,451.09,434.16,16.94,0
2020-11-24,5,CUAUTLA,451.09,433.99,17.1,0
2020-11-24,6,CUAUTLA,466.09,447.31,18.78,0
2020-11-24,7,CUAUTLA,479.36,459.24,20.12,0
2020-11-24,8,CUAUTLA,496.15,475.49,20.66,0
2020-11-24,9,CUAUTLA,496.8,472.34,24.46,0
2020-11-24,10,CUAUTLA,490.91,462.53,28.47,-.09
2020-11-24,11,CUAUTLA,494.85,464.98,29.97,-.1
2020-11-24,12,CUAUTLA,522.28,490.39,32.03,-.14
2020-11-24,13,CUAUTLA,525,494.21,30.82,-.04
2020-11-24,14,CUAUTLA,532.94,501,31.97,-.04
2020-11-24,15,CUAUTLA,527.35,494.96,32.42,-.03
2020-11-24,16,CUAUTLA,533.7,499.8,33.94,-.04
2020-11-24,17,CUAUTLA,649.06,606.6,42.58,-.12
2020-11-24,18,CUAUTLA,777.02,769.51,50.65,-43.14
2020-11-24,19,CUAUTLA,851.21,852.21,57.87,-58.87
2020-11-24,20,CUAUTLA,800.82,797.72,54.36,-51.26
2020-11-24,21,CUAUTLA,788.32,779.99,55.89,-47.56
2020-11-24,22,CUAUTLA,795.3,747.21,56.75,-8.66
2020-11-24,23,CUAUTLA,796.61,750.23,55.99,-9.62
2020-11-24,24,CUAUTLA,548.1,511.58,36.52,0
2020-11-24,1,CUERNAVACA,484.92,462.88,22.04,0
2020-11-24,2,CUERNAVACA,469.13,450.93,18.21,0
2020-11-24,3,CUERNAVACA,456.56,439.66,16.9,0
2020-11-24,4,CUERNAVACA,450.21,434.16,16.05,0
2020-11-24,5,CUERNAVACA,450.15,433.99,16.16,0
2020-11-24,6,CUERNAVACA,465.24,447.31,17.93,0
2020-11-24,7,CUERNAVACA,478.37,459.24,19.13,0
2020-11-24,8,CUERNAVACA,494.9,475.49,19.41,0
2020-11-24,9,CUERNAVACA,495.7,472.34,23.36,0
2020-11-24,10,CUERNAVACA,489.38,462.53,26.9,-.05
2020-11-24,11,CUERNAVACA,493.46,464.98,28.54,-.06
2020-11-24,12,CUERNAVACA,521.07,490.39,30.77,-.08
2020-11-24,13,CUERNAVACA,523.92,494.21,29.74,-.03
2020-11-24,14,CUERNAVACA,532.15,501,31.18,-.03
2020-11-24,15,CUERNAVACA,526.52,494.96,31.58,-.02
2020-11-24,16,CUERNAVACA,531.99,499.8,32.22,-.03
2020-11-24,17,CUERNAVACA,647.7,606.59,41.19,-.09
2020-11-24,18,CUERNAVACA,775.63,769.51,48.57,-42.46
2020-11-24,19,CUERNAVACA,849.4,852.21,54.92,-57.73
2020-11-24,20,CUERNAVACA,798.98,797.72,51.48,-50.22
2020-11-24,21,CUERNAVACA,786.27,779.99,52.91,-46.64
2020-11-24,22,CUERNAVACA,792.69,747.21,53.66,-8.18
2020-11-24,23,CUERNAVACA,794.76,750.23,53.62,-9.09
2020-11-24,24,CUERNAVACA,546.73,511.58,35.15,0
2020-11-24,1,CULIACAN,423.73,462.88,-39.16,0
2020-11-24,2,CULIACAN,410.89,450.93,-40.04,0
2020-11-24,3,CULIACAN,399.9,439.66,-39.76,0
2020-11-24,4,CULIACAN,393.43,434.16,-40.73,0
2020-11-24,5,CULIACAN,391.56,433.99,-42.43,0
2020-11-24,6,CULIACAN,401.08,447.31,-46.23,0
2020-11-24,7,CULIACAN,410.82,459.24,-48.42,0
2020-11-24,8,CULIACAN,422.96,475.49,-52.54,0
2020-11-24,9,CULIACAN,416.79,472.34,-55.55,0
2020-11-24,10,CULIACAN,374.84,462.53,-64.01,-23.68
2020-11-24,11,CULIACAN,376,464.98,-62.61,-26.37
2020-11-24,12,CULIACAN,392.86,490.39,-63.18,-34.35
2020-11-24,13,CULIACAN,439.5,494.21,-60.5,5.79
2020-11-24,14,CULIACAN,450.06,501,-57.38,6.44
2020-11-24,15,CULIACAN,441.61,494.96,-58.57,5.22
2020-11-24,16,CULIACAN,449.84,499.8,-56.23,6.27
2020-11-24,17,CULIACAN,554.17,606.59,-71.96,19.54
2020-11-24,18,CULIACAN,626.38,769.51,-90.66,-52.47
2020-11-24,19,CULIACAN,643.54,852.21,-86.91,-121.77
2020-11-24,20,CULIACAN,611.43,797.72,-71.66,-114.62
2020-11-24,21,CULIACAN,606.28,779.99,-75.89,-97.83
2020-11-24,22,CULIACAN,614.41,747.21,-66.28,-66.52
2020-11-24,23,CULIACAN,608.62,750.23,-67.71,-73.9
2020-11-24,24,CULIACAN,464.11,511.58,-47.47,0
2020-11-24,1,DURANGO,436.97,462.88,-25.92,0
2020-11-24,2,DURANGO,425.13,450.93,-25.8,0
2020-11-24,3,DURANGO,413.93,439.66,-25.73,0
2020-11-24,4,DURANGO,407.6,434.16,-26.55,0
2020-11-24,5,DURANGO,406.56,433.99,-27.43,0
2020-11-24,6,DURANGO,418.13,447.31,-29.18,0
2020-11-24,7,DURANGO,429.75,459.24,-29.49,0
2020-11-24,8,DURANGO,444.84,475.49,-30.65,0
2020-11-24,9,DURANGO,432.64,472.34,-39.7,0
2020-11-24,10,DURANGO,398.4,462.53,-48.17,-15.97
2020-11-24,11,DURANGO,398.49,464.98,-48.72,-17.78
2020-11-24,12,DURANGO,416.92,490.39,-50.32,-23.16
2020-11-24,13,DURANGO,446.28,494.21,-48.61,.69
2020-11-24,14,DURANGO,454.64,501.01,-47.13,.77
2020-11-24,15,DURANGO,447.72,494.96,-47.86,.62
2020-11-24,16,DURANGO,453.69,499.8,-46.85,.75
2020-11-24,17,DURANGO,549.68,606.6,-59.24,2.33
2020-11-24,18,DURANGO,640.66,769.51,-59.82,-69.03
2020-11-24,19,DURANGO,650.55,852.21,-55.29,-146.37
2020-11-24,20,DURANGO,613.66,797.72,-43.98,-140.07
2020-11-24,21,DURANGO,613.96,779.99,-48.27,-117.76
2020-11-24,22,DURANGO,613,747.21,-42.86,-91.35
2020-11-24,23,DURANGO,604.53,750.23,-44.21,-101.49
2020-11-24,24,DURANGO,480.02,511.58,-31.56,0
2020-11-24,1,FRESNILLO,446.17,462.88,-16.72,0
2020-11-24,2,FRESNILLO,435.59,450.93,-15.33,0
2020-11-24,3,FRESNILLO,424.42,439.66,-15.24,0
2020-11-24,4,FRESNILLO,418.04,434.16,-16.12,0
2020-11-24,5,FRESNILLO,418.08,433.99,-15.91,0
2020-11-24,6,FRESNILLO,431.37,447.31,-15.94,0
2020-11-24,7,FRESNILLO,443.32,459.24,-15.92,0
2020-11-24,8,FRESNILLO,460.98,475.49,-14.52,0
2020-11-24,9,FRESNILLO,453.55,472.34,-18.79,0
2020-11-24,10,FRESNILLO,436.15,462.53,-22.63,-3.76
2020-11-24,11,FRESNILLO,438.12,464.98,-22.68,-4.18
2020-11-24,12,FRESNILLO,462.2,490.39,-22.75,-5.44
2020-11-24,13,FRESNILLO,472.17,494.21,-21.55,-.49
2020-11-24,14,FRESNILLO,480.27,501.01,-20.2,-.54
2020-11-24,15,FRESNILLO,472.23,494.96,-22.29,-.44
2020-11-24,16,FRESNILLO,476.59,499.8,-22.67,-.53
2020-11-24,17,FRESNILLO,576.06,606.59,-28.92,-1.61
2020-11-24,18,FRESNILLO,669.19,769.51,-28.02,-72.3
2020-11-24,19,FRESNILLO,823.45,852.21,-24.73,-4.03
2020-11-24,20,FRESNILLO,796.35,797.72,-19.89,18.51
2020-11-24,21,FRESNILLO,752.76,779.99,-22.26,-4.98
2020-11-24,22,FRESNILLO,851.4,747.21,-23.21,127.4
2020-11-24,23,FRESNILLO,869.26,750.23,-26.43,145.46
2020-11-24,24,FRESNILLO,492.27,511.58,-19.31,0
2020-11-24,1,GUADALAJARA,468.61,462.88,5.73,0
2020-11-24,2,GUADALAJARA,455.11,450.93,4.18,0
2020-11-24,3,GUADALAJARA,443.07,439.66,3.41,0
2020-11-24,4,GUADALAJARA,436.86,434.16,2.7,0
2020-11-24,5,GUADALAJARA,435.87,433.99,1.88,0
2020-11-24,6,GUADALAJARA,449.94,447.31,2.63,0
2020-11-24,7,GUADALAJARA,463.56,459.24,4.32,0
2020-11-24,8,GUADALAJARA,481.26,475.49,5.77,0
2020-11-24,9,GUADALAJARA,477.42,472.34,5.08,0
2020-11-24,10,GUADALAJARA,467.28,462.53,2.1,2.65
2020-11-24,11,GUADALAJARA,470.77,464.98,2.83,2.96
2020-11-24,12,GUADALAJARA,499.27,490.39,5.03,3.86
2020-11-24,13,GUADALAJARA,501.8,494.21,6.97,.62
2020-11-24,14,GUADALAJARA,510.57,501,8.87,.69
2020-11-24,15,GUADALAJARA,502.75,494.96,7.23,.56
2020-11-24,16,GUADALAJARA,508.31,499.8,7.84,.68
2020-11-24,17,GUADALAJARA,617.81,606.6,9.12,2.1
2020-11-24,18,GUADALAJARA,736.85,769.51,10.75,-43.42
2020-11-24,19,GUADALAJARA,813.87,852.21,10.69,-49.03
2020-11-24,20,GUADALAJARA,770.6,797.72,12.83,-39.94
2020-11-24,21,GUADALAJARA,749.94,779.99,9.73,-39.79
2020-11-24,22,GUADALAJARA,767.66,747.21,11.95,8.51
2020-11-24,23,GUADALAJARA,772.06,750.23,12.37,9.46
2020-11-24,24,GUADALAJARA,518.43,511.58,6.85,0
2020-11-24,1,GUASAVE,408.29,462.88,-54.59,0
2020-11-24,2,GUASAVE,395.93,450.93,-55,0
2020-11-24,3,GUASAVE,385.71,439.66,-53.95,0
2020-11-24,4,GUASAVE,379.65,434.16,-54.51,0
2020-11-24,5,GUASAVE,377.8,433.99,-56.2,0
2020-11-24,6,GUASAVE,386.13,447.31,-61.18,0
2020-11-24,7,GUASAVE,394.92,459.24,-64.32,0
2020-11-24,8,GUASAVE,405.85,475.49,-69.64,0
2020-11-24,9,GUASAVE,400.82,472.34,-71.52,0
2020-11-24,10,GUASAVE,357.66,462.53,-81.75,-23.12
2020-11-24,11,GUASAVE,358.52,464.98,-80.71,-25.75
2020-11-24,12,GUASAVE,374.12,490.39,-82.74,-33.54
2020-11-24,13,GUASAVE,420.54,494.21,-80.94,7.27
2020-11-24,14,GUASAVE,431.74,501,-77.35,8.09
2020-11-24,15,GUASAVE,420.74,494.96,-80.77,6.55
2020-11-24,16,GUASAVE,429.97,499.8,-77.71,7.88
2020-11-24,17,GUASAVE,531.27,606.6,-99.93,24.61
2020-11-24,18,GUASAVE,593.62,769.51,-125.18,-50.72
2020-11-24,19,GUASAVE,606.4,852.21,-119.46,-126.35
2020-11-24,20,GUASAVE,578.37,797.72,-100.06,-119.29
2020-11-24,21,GUASAVE,574.21,779.99,-104.35,-101.44
2020-11-24,22,GUASAVE,581.36,747.21,-94.56,-71.29
2020-11-24,23,GUASAVE,573.24,750.23,-97.8,-79.2
2020-11-24,24,GUASAVE,443.31,511.58,-68.26,0
2020-11-24,1,GUAYMAS,390.39,462.88,-72.5,0
2020-11-24,2,GUAYMAS,380.1,450.93,-70.82,0
2020-11-24,3,GUAYMAS,372.32,439.66,-67.34,0
2020-11-24,4,GUAYMAS,367.44,434.16,-66.72,0
2020-11-24,5,GUAYMAS,365.8,433.99,-68.19,0
2020-11-24,6,GUAYMAS,372.75,447.31,-74.56,0
2020-11-24,7,GUAYMAS,380.12,459.24,-79.12,0
2020-11-24,8,GUAYMAS,388.8,475.49,-86.69,0
2020-11-24,9,GUAYMAS,384.55,472.34,-87.79,0
2020-11-24,10,GUAYMAS,330.91,462.53,-110.55,-21.07
2020-11-24,11,GUAYMAS,330.03,464.98,-111.49,-23.47
2020-11-24,12,GUAYMAS,343.77,490.39,-116.06,-30.56
2020-11-24,13,GUAYMAS,345.03,494.21,-114.72,-34.46
2020-11-24,14,GUAYMAS,350.85,501,-111.84,-38.32
2020-11-24,15,GUAYMAS,349.76,494.96,-114.14,-31.06
2020-11-24,16,GUAYMAS,350.99,499.8,-111.48,-37.33
2020-11-24,17,GUAYMAS,350.31,606.6,-139.92,-116.37
2020-11-24,18,GUAYMAS,467.68,769.51,-171.95,-129.89
2020-11-24,19,GUAYMAS,556.92,852.21,-153.87,-141.41
2020-11-24,20,GUAYMAS,532.71,797.72,-129.06,-135.95
2020-11-24,21,GUAYMAS,530.63,779.99,-135.06,-114.31
2020-11-24,22,GUAYMAS,533.65,747.21,-125.23,-88.33
2020-11-24,23,GUAYMAS,521.21,750.23,-130.87,-98.15
2020-11-24,24,GUAYMAS,422.76,511.58,-88.82,0
2020-11-24,1,HERMOSILLO,385.32,462.88,-77.57,0
2020-11-24,2,HERMOSILLO,375.31,450.93,-75.62,0
2020-11-24,3,HERMOSILLO,368.71,439.66,-70.95,0
2020-11-24,4,HERMOSILLO,364.38,434.16,-69.78,0
2020-11-24,5,HERMOSILLO,363.07,433.99,-70.92,0
2020-11-24,6,HERMOSILLO,369.96,447.31,-77.35,0
2020-11-24,7,HERMOSILLO,376.79,459.24,-82.45,0
2020-11-24,8,HERMOSILLO,383.78,475.49,-91.71,0
2020-11-24,9,HERMOSILLO,380.64,472.34,-91.7,0
2020-11-24,10,HERMOSILLO,325.26,462.53,-116.92,-20.35
2020-11-24,11,HERMOSILLO,325.81,464.98,-116.51,-22.67
2020-11-24,12,HERMOSILLO,338.84,490.39,-122.02,-29.53
2020-11-24,13,HERMOSILLO,337.59,494.21,-123.73,-32.89
2020-11-24,14,HERMOSILLO,343.34,501.01,-121.08,-36.58
2020-11-24,15,HERMOSILLO,342.16,494.96,-123.15,-29.65
2020-11-24,16,HERMOSILLO,345.03,499.8,-119.13,-35.64
2020-11-24,17,HERMOSILLO,346.08,606.6,-149.42,-111.09
2020-11-24,18,HERMOSILLO,454.77,769.51,-186.64,-128.1
2020-11-24,19,HERMOSILLO,534.78,852.21,-171.26,-146.17
2020-11-24,20,HERMOSILLO,513.48,797.72,-142.5,-141.74
2020-11-24,21,HERMOSILLO,512.54,779.99,-148.68,-118.78
2020-11-24,22,HERMOSILLO,514.45,747.21,-138.52,-94.24
2020-11-24,23,HERMOSILLO,500.85,750.23,-144.67,-104.72
2020-11-24,24,HERMOSILLO,414.82,511.58,-96.76,0
2020-11-24,1,HUAJUAPAN,500.2,462.88,37.31,0
2020-11-24,2,HUAJUAPAN,483.31,450.93,32.39,0
2020-11-24,3,HUAJUAPAN,469.89,439.66,30.23,0
2020-11-24,4,HUAJUAPAN,463.19,434.16,29.03,0
2020-11-24,5,HUAJUAPAN,463.54,433.99,29.55,0
2020-11-24,6,HUAJUAPAN,479.5,447.31,32.18,0
2020-11-24,7,HUAJUAPAN,493.71,459.24,34.47,0
2020-11-24,8,HUAJUAPAN,510.28,475.49,34.79,0
2020-11-24,9,HUAJUAPAN,511.13,472.34,38.79,0
2020-11-24,10,HUAJUAPAN,504.61,462.53,42.25,-.17
2020-11-24,11,HUAJUAPAN,509.36,464.98,44.57,-.19
2020-11-24,12,HUAJUAPAN,537.88,490.39,47.73,-.25
2020-11-24,13,HUAJUAPAN,541.67,494.21,47.52,-.06
2020-11-24,14,HUAJUAPAN,550.41,501,49.47,-.06
2020-11-24,15,HUAJUAPAN,545.61,494.96,50.71,-.05
2020-11-24,16,HUAJUAPAN,553.21,499.8,53.47,-.06
2020-11-24,17,HUAJUAPAN,671.79,606.6,65.38,-.18
2020-11-24,18,HUAJUAPAN,803.22,769.51,81.23,-47.53
2020-11-24,19,HUAJUAPAN,891.42,852.21,104.46,-65.25
2020-11-24,20,HUAJUAPAN,843.75,797.72,102.58,-56.55
2020-11-24,21,HUAJUAPAN,831.4,779.99,103.77,-52.37
2020-11-24,22,HUAJUAPAN,840.21,747.21,103.09,-10.1
2020-11-24,23,HUAJUAPAN,839.19,750.23,100.17,-11.22
2020-11-24,24,HUAJUAPAN,574.05,511.58,62.47,0
2020-11-24,1,HUASTECA,445.44,462.88,-17.44,0
2020-11-24,2,HUASTECA,436.95,450.93,-13.98,0
2020-11-24,3,HUASTECA,426.76,439.66,-12.9,0
2020-11-24,4,HUASTECA,420.95,434.16,-13.21,0
2020-11-24,5,HUASTECA,420.86,433.99,-13.13,0
2020-11-24,6,HUASTECA,433.89,447.31,-13.43,0
2020-11-24,7,HUASTECA,443.37,459.24,-15.87,0
2020-11-24,8,HUASTECA,457.83,475.49,-17.66,0
2020-11-24,9,HUASTECA,453.83,472.34,-18.51,0
2020-11-24,10,HUASTECA,441.8,462.53,-19.62,-1.11
2020-11-24,11,HUASTECA,444.26,464.98,-19.5,-1.22
2020-11-24,12,HUASTECA,467.41,490.39,-21.4,-1.59
2020-11-24,13,HUASTECA,472.49,494.21,-21.41,-.31
2020-11-24,14,HUASTECA,479.88,501,-20.78,-.35
2020-11-24,15,HUASTECA,474.04,494.96,-20.64,-.28
2020-11-24,16,HUASTECA,477.87,499.8,-21.58,-.35
2020-11-24,17,HUASTECA,578.26,606.59,-27.26,-1.08
2020-11-24,18,HUASTECA,596.92,769.51,-32.41,-140.19
2020-11-24,19,HUASTECA,632.84,852.21,-29.52,-189.84
2020-11-24,20,HUASTECA,606.47,797.72,-25.33,-165.92
2020-11-24,21,HUASTECA,599.59,779.99,-26.75,-153.66
2020-11-24,22,HUASTECA,689.67,747.21,-27.8,-29.75
2020-11-24,23,HUASTECA,685.47,750.23,-31.67,-33.1
2020-11-24,24,HUASTECA,488.35,511.58,-23.23,0
2020-11-24,1,HUATULCO,529.84,462.88,66.96,0
2020-11-24,2,HUATULCO,509.95,450.93,59.03,0
2020-11-24,3,HUATULCO,494.58,439.66,54.92,0
2020-11-24,4,HUATULCO,486.39,434.16,52.24,0
2020-11-24,5,HUATULCO,485.57,433.99,51.58,0
2020-11-24,6,HUATULCO,503.73,447.31,56.42,0
2020-11-24,7,HUATULCO,517.28,459.24,58.04,0
2020-11-24,8,HUATULCO,530.27,475.49,54.78,0
2020-11-24,9,HUATULCO,531.18,472.34,58.84,0
2020-11-24,10,HUATULCO,525.65,462.53,63.15,-.03
2020-11-24,11,HUATULCO,531.49,464.98,66.54,-.03
2020-11-24,12,HUATULCO,563.1,490.39,72.77,-.06
2020-11-24,13,HUATULCO,565.99,494.21,71.8,-.03
2020-11-24,14,HUATULCO,578.16,501,77.18,-.03
2020-11-24,15,HUATULCO,575.09,494.96,80.16,-.02
2020-11-24,16,HUATULCO,581.75,499.8,81.98,-.03
2020-11-24,17,HUATULCO,707.26,606.59,100.74,-.08
2020-11-24,18,HUATULCO,847.93,769.51,124.1,-45.68
2020-11-24,19,HUATULCO,960.32,852.21,170.08,-61.97
2020-11-24,20,HUATULCO,918.77,797.72,174.5,-53.45
2020-11-24,21,HUATULCO,905.75,779.99,175.46,-49.7
2020-11-24,22,HUATULCO,911.53,747.21,172.83,-8.52
2020-11-24,23,HUATULCO,908.39,750.23,167.63,-9.48
2020-11-24,24,HUATULCO,618.95,511.58,107.37,0
2020-11-24,1,HUEJUTLA,445.03,462.88,-17.85,0
2020-11-24,2,HUEJUTLA,434.75,450.93,-16.18,0
2020-11-24,3,HUEJUTLA,424.16,439.66,-15.5,0
2020-11-24,4,HUEJUTLA,418.62,434.16,-15.53,0
2020-11-24,5,HUEJUTLA,418.37,433.99,-15.62,0
2020-11-24,6,HUEJUTLA,431.7,447.31,-15.61,0
2020-11-24,7,HUEJUTLA,440.71,459.24,-18.53,0
2020-11-24,8,HUEJUTLA,454.35,475.49,-21.14,0
2020-11-24,9,HUEJUTLA,452.76,472.34,-19.58,0
2020-11-24,10,HUEJUTLA,442.86,462.53,-18.55,-1.13
2020-11-24,11,HUEJUTLA,445.95,464.98,-17.77,-1.26
2020-11-24,12,HUEJUTLA,468.6,490.39,-20.15,-1.64
2020-11-24,13,HUEJUTLA,472.74,494.21,-21.13,-.34
2020-11-24,14,HUEJUTLA,483.09,501,-17.54,-.38
2020-11-24,15,HUEJUTLA,475.57,494.96,-19.09,-.3
2020-11-24,16,HUEJUTLA,477.94,499.8,-21.5,-.36
2020-11-24,17,HUEJUTLA,578.89,606.59,-26.58,-1.12
2020-11-24,18,HUEJUTLA,594.49,769.51,-32.51,-142.51
2020-11-24,19,HUEJUTLA,625.09,852.21,-32.91,-194.21
2020-11-24,20,HUEJUTLA,600.21,797.72,-27.52,-169.99
2020-11-24,21,HUEJUTLA,589.91,779.99,-32.94,-157.15
2020-11-24,22,HUEJUTLA,680.23,747.21,-32.14,-34.85
2020-11-24,23,HUEJUTLA,677.97,750.23,-33.55,-38.72
2020-11-24,24,HUEJUTLA,488.33,511.58,-23.25,0
2020-11-24,1,IGUALA,507.82,462.88,44.94,0
2020-11-24,2,IGUALA,490.63,450.93,39.71,0
2020-11-24,3,IGUALA,477.6,439.66,37.94,0
2020-11-24,4,IGUALA,470.85,434.16,36.7,0
2020-11-24,5,IGUALA,469.96,433.99,35.97,0
2020-11-24,6,IGUALA,485.96,447.31,38.65,0
2020-11-24,7,IGUALA,499.6,459.24,40.36,0
2020-11-24,8,IGUALA,516.26,475.49,40.77,0
2020-11-24,9,IGUALA,517.51,472.34,45.17,0
2020-11-24,10,IGUALA,510.67,462.53,48.01,.13
2020-11-24,11,IGUALA,515.33,464.98,50.2,.14
2020-11-24,12,IGUALA,545.52,490.39,54.97,.16
2020-11-24,13,IGUALA,548.84,494.21,54.62,.01
2020-11-24,14,IGUALA,557.99,501,56.97,.01
2020-11-24,15,IGUALA,552.06,494.96,57.09,.01
2020-11-24,16,IGUALA,551.69,499.8,51.88,.01
2020-11-24,17,IGUALA,677.67,606.59,71.04,.04
2020-11-24,18,IGUALA,812.61,769.51,84.44,-41.35
2020-11-24,19,IGUALA,893.36,852.21,96.38,-55.24
2020-11-24,20,IGUALA,842.32,797.72,92.39,-47.79
2020-11-24,21,IGUALA,827.19,779.99,91.84,-44.64
2020-11-24,22,IGUALA,829.93,747.21,89.11,-6.39
2020-11-24,23,IGUALA,832.52,750.23,89.39,-7.1
2020-11-24,24,IGUALA,571.13,511.58,59.55,0
2020-11-24,1,IRAPUATO,473.74,462.88,10.86,0
2020-11-24,2,IRAPUATO,461.04,450.93,10.11,0
2020-11-24,3,IRAPUATO,449.05,439.66,9.39,0
2020-11-24,4,IRAPUATO,443.25,434.16,9.09,0
2020-11-24,5,IRAPUATO,442.88,433.99,8.89,0
2020-11-24,6,IRAPUATO,456.91,447.31,9.6,0
2020-11-24,7,IRAPUATO,469.98,459.24,10.74,0
2020-11-24,8,IRAPUATO,487.55,475.49,12.06,0
2020-11-24,9,IRAPUATO,483.82,472.34,11.48,0
2020-11-24,10,IRAPUATO,472.89,462.53,10.05,.32
2020-11-24,11,IRAPUATO,475.69,464.98,10.36,.35
2020-11-24,12,IRAPUATO,502.6,490.39,11.74,.46
2020-11-24,13,IRAPUATO,507.25,494.21,12.94,.1
2020-11-24,14,IRAPUATO,514.82,501.01,13.7,.12
2020-11-24,15,IRAPUATO,507.78,494.96,12.73,.09
2020-11-24,16,IRAPUATO,512.92,499.8,13.02,.11
2020-11-24,17,IRAPUATO,622.79,606.6,15.85,.35
2020-11-24,18,IRAPUATO,762.8,769.51,21.28,-27.99
2020-11-24,19,IRAPUATO,852.01,852.21,24.7,-24.9
2020-11-24,20,IRAPUATO,803.22,797.72,23.97,-18.47
2020-11-24,21,IRAPUATO,781.83,779.99,22.15,-20.31
2020-11-24,22,IRAPUATO,782.9,747.21,21.09,14.6
2020-11-24,23,IRAPUATO,786.34,750.23,19.89,16.22
2020-11-24,24,IRAPUATO,524.66,511.58,13.08,0
2020-11-24,1,IXMIQUILPAN,487.7,462.88,24.82,0
2020-11-24,2,IXMIQUILPAN,474.5,450.93,23.58,0
2020-11-24,3,IXMIQUILPAN,462.04,439.66,22.39,0
2020-11-24,4,IXMIQUILPAN,456.06,434.16,21.9,0
2020-11-24,5,IXMIQUILPAN,456.65,433.99,22.66,0
2020-11-24,6,IXMIQUILPAN,471.58,447.31,24.27,0
2020-11-24,7,IXMIQUILPAN,485.62,459.24,26.38,0
2020-11-24,8,IXMIQUILPAN,503.78,475.49,28.29,0
2020-11-24,9,IXMIQUILPAN,501.12,472.34,28.78,0
2020-11-24,10,IXMIQUILPAN,491.85,462.53,29.37,-.06
2020-11-24,11,IXMIQUILPAN,493.21,464.98,28.29,-.07
2020-11-24,12,IXMIQUILPAN,518.14,490.39,27.84,-.09
2020-11-24,13,IXMIQUILPAN,520.79,494.21,26.6,-.02
2020-11-24,14,IXMIQUILPAN,528.07,501,27.08,-.02
2020-11-24,15,IXMIQUILPAN,521.76,494.96,26.82,-.01
2020-11-24,16,IXMIQUILPAN,526.52,499.8,26.74,-.02
2020-11-24,17,IXMIQUILPAN,637.44,606.59,30.9,-.05
2020-11-24,18,IXMIQUILPAN,772.2,769.51,29.3,-26.61
2020-11-24,19,IXMIQUILPAN,841.59,852.21,23.41,-34.02
2020-11-24,20,IXMIQUILPAN,791.89,797.72,23.12,-28.94
2020-11-24,21,IXMIQUILPAN,776.53,779.99,23.81,-27.28
2020-11-24,22,IXMIQUILPAN,764.96,747.21,20.13,-2.37
2020-11-24,23,IXMIQUILPAN,789.63,750.23,42.07,-2.67
2020-11-24,24,IXMIQUILPAN,538.61,511.58,27.03,0
2020-11-24,1,IZUCAR,490.24,462.88,27.36,0
2020-11-24,2,IZUCAR,474.25,450.93,23.32,0
2020-11-24,3,IZUCAR,461.69,439.66,22.04,0
2020-11-24,4,IZUCAR,455.34,434.16,21.19,0
2020-11-24,5,IZUCAR,455.7,433.99,21.71,0
2020-11-24,6,IZUCAR,470.9,447.31,23.59,0
2020-11-24,7,IZUCAR,484.11,459.24,24.87,0
2020-11-24,8,IZUCAR,500.6,475.49,25.11,0
2020-11-24,9,IZUCAR,500.92,472.34,28.58,0
2020-11-24,10,IZUCAR,494.56,462.53,32.19,-.16
2020-11-24,11,IZUCAR,498.59,464.98,33.78,-.18
2020-11-24,12,IZUCAR,526.26,490.39,36.1,-.23
2020-11-24,13,IZUCAR,529.42,494.21,35.26,-.05
2020-11-24,14,IZUCAR,537.67,501,36.73,-.06
2020-11-24,15,IZUCAR,532.18,494.96,37.27,-.05
2020-11-24,16,IZUCAR,539.19,499.8,39.45,-.06
2020-11-24,17,IZUCAR,654.97,606.6,48.55,-.18
2020-11-24,18,IZUCAR,782.36,769.51,59.08,-46.24
2020-11-24,19,IZUCAR,859.66,852.21,70.94,-63.49
2020-11-24,20,IZUCAR,810.16,797.72,67.75,-55.31
2020-11-24,21,IZUCAR,797.77,779.99,68.99,-51.22
2020-11-24,22,IZUCAR,807.69,747.21,70.35,-9.87
2020-11-24,23,IZUCAR,807.21,750.23,67.94,-10.96
2020-11-24,24,IZUCAR,555.15,511.58,43.58,0
2020-11-24,1,JIQUILPAN,471.85,462.88,8.97,0
2020-11-24,2,JIQUILPAN,457.88,450.93,6.96,0
2020-11-24,3,JIQUILPAN,446.08,439.66,6.42,0
2020-11-24,4,JIQUILPAN,440.09,434.16,5.94,0
2020-11-24,5,JIQUILPAN,438.95,433.99,4.96,0
2020-11-24,6,JIQUILPAN,453.67,447.31,6.36,0
2020-11-24,7,JIQUILPAN,467.79,459.24,8.55,0
2020-11-24,8,JIQUILPAN,485.07,475.49,9.58,0
2020-11-24,9,JIQUILPAN,483.22,472.34,10.88,0
2020-11-24,10,JIQUILPAN,473.39,462.53,9.39,1.47
2020-11-24,11,JIQUILPAN,476.55,464.98,9.93,1.64
2020-11-24,12,JIQUILPAN,505.16,490.39,12.63,2.14
2020-11-24,13,JIQUILPAN,508.55,494.21,13.99,.35
2020-11-24,14,JIQUILPAN,517.03,501,15.63,.39
2020-11-24,15,JIQUILPAN,509.41,494.96,14.14,.32
2020-11-24,16,JIQUILPAN,514.07,499.8,13.89,.38
2020-11-24,17,JIQUILPAN,624.48,606.59,16.7,1.19
2020-11-24,18,JIQUILPAN,749.68,769.51,17.34,-37.17
2020-11-24,19,JIQUILPAN,829.2,852.21,17.11,-40.12
2020-11-24,20,JIQUILPAN,784.01,797.72,18.53,-32.24
2020-11-24,21,JIQUILPAN,763.71,779.99,16.31,-32.59
2020-11-24,22,JIQUILPAN,773.16,747.21,16.49,9.46
2020-11-24,23,JIQUILPAN,778.27,750.23,17.53,10.51
2020-11-24,24,JIQUILPAN,522.81,511.58,11.23,0
2020-11-24,1,JUAREZ,378.61,462.88,-84.27,0
2020-11-24,2,JUAREZ,369.55,450.93,-81.37,0
2020-11-24,3,JUAREZ,366.19,439.66,-73.47,0
2020-11-24,4,JUAREZ,364.5,434.16,-69.65,0
2020-11-24,5,JUAREZ,359.75,433.99,-74.24,0
2020-11-24,6,JUAREZ,370.23,447.31,-77.08,0
2020-11-24,7,JUAREZ,373.32,459.24,-85.92,0
2020-11-24,8,JUAREZ,388.33,475.49,-87.16,0
2020-11-24,9,JUAREZ,387.34,472.34,-85,0
2020-11-24,10,JUAREZ,358.74,462.53,-90.73,-13.06
2020-11-24,11,JUAREZ,359.86,464.98,-90.58,-14.55
2020-11-24,12,JUAREZ,367.89,490.39,-103.54,-18.96
2020-11-24,13,JUAREZ,372.02,494.21,-108.34,-13.85
2020-11-24,14,JUAREZ,373.24,501,-112.36,-15.41
2020-11-24,15,JUAREZ,373.56,494.96,-108.92,-12.49
2020-11-24,16,JUAREZ,373.18,499.8,-111.6,-15.01
2020-11-24,17,JUAREZ,405.39,606.6,-154.42,-46.78
2020-11-24,18,JUAREZ,454.69,769.51,-206.26,-108.57
2020-11-24,19,JUAREZ,456.14,852.21,-197.76,-198.31
2020-11-24,20,JUAREZ,445.1,797.72,-157.79,-194.83
2020-11-24,21,JUAREZ,455.27,779.99,-164.77,-159.96
2020-11-24,22,JUAREZ,445.13,747.21,-153.35,-148.73
2020-11-24,23,JUAREZ,424.79,750.23,-160.2,-165.25
2020-11-24,24,JUAREZ,411.36,511.58,-100.22,0
2020-11-24,1,LAGUNA,433.39,462.88,-29.49,0
2020-11-24,2,LAGUNA,423.04,450.93,-27.89,0
2020-11-24,3,LAGUNA,411.99,439.66,-27.67,0
2020-11-24,4,LAGUNA,405.65,434.16,-28.51,0
2020-11-24,5,LAGUNA,405.25,433.99,-28.74,0
2020-11-24,6,LAGUNA,417.42,447.31,-29.89,0
2020-11-24,7,LAGUNA,428.92,459.24,-30.32,0
2020-11-24,8,LAGUNA,445.48,475.49,-30.01,0
2020-11-24,9,LAGUNA,430.84,472.34,-41.5,0
2020-11-24,10,LAGUNA,401.37,462.53,-49.54,-11.62
2020-11-24,11,LAGUNA,401.72,464.98,-50.33,-12.93
2020-11-24,12,LAGUNA,421.6,490.39,-51.94,-16.85
2020-11-24,13,LAGUNA,442.75,494.21,-49.46,-1.99
2020-11-24,14,LAGUNA,450.75,501,-48.04,-2.22
2020-11-24,15,LAGUNA,444.36,494.96,-48.8,-1.8
2020-11-24,16,LAGUNA,446.76,499.8,-50.89,-2.15
2020-11-24,17,LAGUNA,528.88,606.59,-70.98,-6.73
2020-11-24,18,LAGUNA,612.78,769.51,-70.06,-86.67
2020-11-24,19,LAGUNA,580.55,852.21,-65.55,-206.11
2020-11-24,20,LAGUNA,541.22,797.72,-53.77,-202.72
2020-11-24,21,LAGUNA,555.67,779.99,-58.66,-165.66
2020-11-24,22,LAGUNA,533.23,747.21,-55.23,-158.75
2020-11-24,23,LAGUNA,518.68,750.23,-55.18,-176.38
2020-11-24,24,LAGUNA,473.96,511.58,-37.62,0
2020-11-24,1,LAZARO CARDENAS,481.74,462.88,18.86,0
2020-11-24,2,LAZARO CARDENAS,465.87,450.93,14.94,0
2020-11-24,3,LAZARO CARDENAS,455.03,439.66,15.37,0
2020-11-24,4,LAZARO CARDENAS,449.69,434.16,15.53,0
2020-11-24,5,LAZARO CARDENAS,447.07,433.99,13.08,0
2020-11-24,6,LAZARO CARDENAS,463.55,447.31,16.24,0
2020-11-24,7,LAZARO CARDENAS,478.88,459.24,19.64,0
2020-11-24,8,LAZARO CARDENAS,492.17,475.49,16.68,0
2020-11-24,9,LAZARO CARDENAS,492.65,472.34,20.31,0
2020-11-24,10,LAZARO CARDENAS,482.86,462.53,19.6,.73
2020-11-24,11,LAZARO CARDENAS,485.75,464.98,19.95,.81
2020-11-24,12,LAZARO CARDENAS,517.6,490.39,26.14,1.07
2020-11-24,13,LAZARO CARDENAS,520.14,494.21,25.79,.14
2020-11-24,14,LAZARO CARDENAS,528.28,501,27.12,.16
2020-11-24,15,LAZARO CARDENAS,521.04,494.96,25.95,.13
2020-11-24,16,LAZARO CARDENAS,523.09,499.8,23.14,.15
2020-11-24,17,LAZARO CARDENAS,636,606.6,28.93,.48
2020-11-24,18,LAZARO CARDENAS,758.71,769.51,26.48,-37.29
2020-11-24,19,LAZARO CARDENAS,823.09,852.21,17.33,-46.45
2020-11-24,20,LAZARO CARDENAS,775.73,797.72,17.36,-39.35
2020-11-24,21,LAZARO CARDENAS,760.88,779.99,18.51,-37.63
2020-11-24,22,LAZARO CARDENAS,765.15,747.21,18.33,-.39
2020-11-24,23,LAZARO CARDENAS,776.37,750.23,26.56,-.43
2020-11-24,24,LAZARO CARDENAS,535.05,511.58,23.47,0
2020-11-24,1,LEON,473.85,462.88,10.96,0
2020-11-24,2,LEON,461.07,450.93,10.15,0
2020-11-24,3,LEON,449.04,439.66,9.39,0
2020-11-24,4,LEON,443.06,434.16,8.9,0
2020-11-24,5,LEON,442.75,433.99,8.76,0
2020-11-24,6,LEON,456.92,447.31,9.61,0
2020-11-24,7,LEON,470.23,459.24,10.99,0
2020-11-24,8,LEON,488.3,475.49,12.81,0
2020-11-24,9,LEON,484.98,472.34,12.64,0
2020-11-24,10,LEON,473.3,462.53,10.67,.1
2020-11-24,11,LEON,475.92,464.98,10.82,.12
2020-11-24,12,LEON,502.84,490.39,12.29,.15
2020-11-24,13,LEON,508.13,494.21,13.85,.08
2020-11-24,14,LEON,516.04,501.01,14.95,.08
2020-11-24,15,LEON,508.53,494.96,13.5,.07
2020-11-24,16,LEON,514.17,499.8,14.29,.08
2020-11-24,17,LEON,624.68,606.59,17.84,.25
2020-11-24,18,LEON,760.26,769.51,25.45,-34.7
2020-11-24,19,LEON,852.44,852.21,28.87,-28.64
2020-11-24,20,LEON,804.37,797.72,27.1,-20.45
2020-11-24,21,LEON,781,779.99,24.41,-23.41
2020-11-24,22,LEON,791.13,747.21,22.72,21.2
2020-11-24,23,LEON,795.05,750.23,21.27,23.54
2020-11-24,24,LEON,524.82,511.58,13.24,0
2020-11-24,1,LOS ALTOS,474.51,462.88,11.63,0
2020-11-24,2,LOS ALTOS,461.66,450.93,10.74,0
2020-11-24,3,LOS ALTOS,450.01,439.66,10.35,0
2020-11-24,4,LOS ALTOS,444.05,434.16,9.89,0
2020-11-24,5,LOS ALTOS,443.76,433.99,9.77,0
2020-11-24,6,LOS ALTOS,458.22,447.31,10.9,0
2020-11-24,7,LOS ALTOS,472.33,459.24,13.09,0
2020-11-24,8,LOS ALTOS,490.32,475.49,14.83,0
2020-11-24,9,LOS ALTOS,485,472.34,12.66,0
2020-11-24,10,LOS ALTOS,472.17,462.53,9.31,.33
2020-11-24,11,LOS ALTOS,474.28,464.98,8.94,.36
2020-11-24,12,LOS ALTOS,501.6,490.39,10.73,.49
2020-11-24,13,LOS ALTOS,507.32,494.21,12.96,.16
2020-11-24,14,LOS ALTOS,515.37,501,14.19,.17
2020-11-24,15,LOS ALTOS,507.05,494.96,11.95,.14
2020-11-24,16,LOS ALTOS,513.2,499.8,13.23,.17
2020-11-24,17,LOS ALTOS,624.86,606.6,17.74,.52
2020-11-24,18,LOS ALTOS,747.73,769.51,26.27,-48.05
2020-11-24,19,LOS ALTOS,841.42,852.21,30.1,-40.89
2020-11-24,20,LOS ALTOS,798.28,797.72,30.24,-29.68
2020-11-24,21,LOS ALTOS,772.11,779.99,25.52,-33.4
2020-11-24,22,LOS ALTOS,798.24,747.21,23.61,27.43
2020-11-24,23,LOS ALTOS,802.58,750.23,21.74,30.61
2020-11-24,24,LOS ALTOS,524.97,511.58,13.39,0
2020-11-24,1,LOS MOCHIS,397.07,462.88,-65.81,0
2020-11-24,2,LOS MOCHIS,385.47,450.93,-65.46,0
2020-11-24,3,LOS MOCHIS,375.92,439.66,-63.74,0
2020-11-24,4,LOS MOCHIS,370.33,434.16,-63.83,0
2020-11-24,5,LOS MOCHIS,368.6,433.99,-65.39,0
2020-11-24,6,LOS MOCHIS,376.47,447.31,-70.85,0
2020-11-24,7,LOS MOCHIS,384.81,459.24,-74.43,0
2020-11-24,8,LOS MOCHIS,394.97,475.49,-80.52,0
2020-11-24,9,LOS MOCHIS,389.38,472.34,-82.96,0
2020-11-24,10,LOS MOCHIS,345.33,462.53,-94.37,-22.83
2020-11-24,11,LOS MOCHIS,345.84,464.98,-93.73,-25.42
2020-11-24,12,LOS MOCHIS,360.25,490.39,-97.02,-33.11
2020-11-24,13,LOS MOCHIS,360.35,494.21,-95.22,-38.64
2020-11-24,14,LOS MOCHIS,366.26,501,-91.76,-42.98
2020-11-24,15,LOS MOCHIS,366.16,494.96,-93.97,-34.83
2020-11-24,16,LOS MOCHIS,367.02,499.8,-90.92,-41.86
2020-11-24,17,LOS MOCHIS,361.75,606.59,-114.35,-130.5
2020-11-24,18,LOS MOCHIS,491.12,769.51,-143.7,-134.7
2020-11-24,19,LOS MOCHIS,584.08,852.21,-139.52,-128.61
2020-11-24,20,LOS MOCHIS,556.87,797.72,-119.23,-121.61
2020-11-24,21,LOS MOCHIS,553.41,779.99,-123.35,-103.24
2020-11-24,22,LOS MOCHIS,560.66,747.21,-112.88,-73.68
2020-11-24,23,LOS MOCHIS,551.98,750.23,-116.4,-81.85
2020-11-24,24,LOS MOCHIS,430.97,511.58,-80.61,0
2020-11-24,1,LOS RIOS,478.96,462.88,16.07,0
2020-11-24,2,LOS RIOS,461.74,450.93,10.82,0
2020-11-24,3,LOS RIOS,450.06,439.66,10.4,0
2020-11-24,4,LOS RIOS,442.37,434.16,8.22,0
2020-11-24,5,LOS RIOS,441.31,433.99,7.32,0
2020-11-24,6,LOS RIOS,455.56,447.31,8.24,0
2020-11-24,7,LOS RIOS,464.7,459.24,5.46,0
2020-11-24,8,LOS RIOS,478.52,475.49,3.03,0
2020-11-24,9,LOS RIOS,482.5,472.34,10.16,0
2020-11-24,10,LOS RIOS,479.96,462.53,17.6,-.17
2020-11-24,11,LOS RIOS,484.72,464.98,19.93,-.19
2020-11-24,12,LOS RIOS,512.55,490.39,22.41,-.25
2020-11-24,13,LOS RIOS,513.36,494.21,19.21,-.06
2020-11-24,14,LOS RIOS,522.77,501,21.83,-.06
2020-11-24,15,LOS RIOS,518.45,494.96,23.54,-.05
2020-11-24,16,LOS RIOS,526.76,499.8,27.02,-.06
2020-11-24,17,LOS RIOS,636.95,606.6,30.54,-.19
2020-11-24,18,LOS RIOS,755.52,769.51,33.83,-47.82
2020-11-24,19,LOS RIOS,819.02,852.21,32.49,-65.68
2020-11-24,20,LOS RIOS,771.54,797.72,30.79,-56.96
2020-11-24,21,LOS RIOS,768.64,779.99,41.38,-52.74
2020-11-24,22,LOS RIOS,800.14,747.21,63.12,-10.19
2020-11-24,23,LOS RIOS,809.92,750.23,71.01,-11.33
2020-11-24,24,LOS RIOS,556.45,511.58,44.87,0
2020-11-24,1,LOS TUXTLAS,471.16,462.88,8.28,0
2020-11-24,2,LOS TUXTLAS,454.74,450.93,3.82,0
2020-11-24,3,LOS TUXTLAS,441.97,439.66,2.31,0
2020-11-24,4,LOS TUXTLAS,435.08,434.16,.92,0
2020-11-24,5,LOS TUXTLAS,433.91,433.99,-.08,0
2020-11-24,6,LOS TUXTLAS,446.01,447.31,-1.31,0
2020-11-24,7,LOS TUXTLAS,456.65,459.24,-2.59,0
2020-11-24,8,LOS TUXTLAS,473.03,475.49,-2.46,0
2020-11-24,9,LOS TUXTLAS,478.01,472.34,5.67,0
2020-11-24,10,LOS TUXTLAS,473.39,462.53,11.04,-.18
2020-11-24,11,LOS TUXTLAS,478.59,464.98,13.81,-.2
2020-11-24,12,LOS TUXTLAS,506,490.39,15.87,-.26
2020-11-24,13,LOS TUXTLAS,508.97,494.21,14.82,-.06
2020-11-24,14,LOS TUXTLAS,517.99,501,17.05,-.07
2020-11-24,15,LOS TUXTLAS,514.07,494.96,19.17,-.05
2020-11-24,16,LOS TUXTLAS,521.41,499.8,21.68,-.06
2020-11-24,17,LOS TUXTLAS,632.34,606.59,25.94,-.19
2020-11-24,18,LOS TUXTLAS,751.4,769.51,30.26,-48.38
2020-11-24,19,LOS TUXTLAS,823.47,852.21,37.75,-66.48
2020-11-24,20,LOS TUXTLAS,776.22,797.72,36.28,-57.78
2020-11-24,21,LOS TUXTLAS,768.46,779.99,41.96,-53.49
2020-11-24,22,LOS TUXTLAS,788.5,747.21,51.67,-10.38
2020-11-24,23,LOS TUXTLAS,791.61,750.23,52.9,-11.52
2020-11-24,24,LOS TUXTLAS,543.81,511.58,32.24,0
2020-11-24,1,MANZANILLO,463.48,462.88,.59,0
2020-11-24,2,MANZANILLO,450.09,450.93,-.84,0
2020-11-24,3,MANZANILLO,438.38,439.66,-1.28,0
2020-11-24,4,MANZANILLO,432.11,434.16,-2.05,0
2020-11-24,5,MANZANILLO,430.87,433.99,-3.12,0
2020-11-24,6,MANZANILLO,444.88,447.31,-2.44,0
2020-11-24,7,MANZANILLO,458.49,459.24,-.75,0
2020-11-24,8,MANZANILLO,475.52,475.49,.03,0
2020-11-24,9,MANZANILLO,472.16,472.34,-.18,0
2020-11-24,10,MANZANILLO,462.42,462.53,-2.4,2.29
2020-11-24,11,MANZANILLO,465.71,464.98,-1.82,2.55
2020-11-24,12,MANZANILLO,493.79,490.39,.07,3.33
2020-11-24,13,MANZANILLO,496.33,494.21,1.58,.54
2020-11-24,14,MANZANILLO,504.84,501,3.23,.6
2020-11-24,15,MANZANILLO,496.95,494.96,1.51,.49
2020-11-24,16,MANZANILLO,502.04,499.8,1.66,.58
2020-11-24,17,MANZANILLO,610.26,606.59,1.86,1.81
2020-11-24,18,MANZANILLO,728.9,769.51,1.06,-41.68
2020-11-24,19,MANZANILLO,805.39,852.21,-.13,-46.69
2020-11-24,20,MANZANILLO,762.57,797.72,2.82,-37.97
2020-11-24,21,MANZANILLO,742.99,779.99,.91,-37.91
2020-11-24,22,MANZANILLO,758.31,747.21,2.62,8.49
2020-11-24,23,MANZANILLO,763.16,750.23,3.49,9.43
2020-11-24,24,MANZANILLO,512.64,511.58,1.06,0
2020-11-24,1,MATAMOROS,381.79,462.88,-81.1,0
2020-11-24,2,MATAMOROS,374.15,450.93,-76.78,0
2020-11-24,3,MATAMOROS,363.8,439.66,-75.86,0
2020-11-24,4,MATAMOROS,358.31,434.16,-75.85,0
2020-11-24,5,MATAMOROS,358.56,433.99,-75.43,0
2020-11-24,6,MATAMOROS,368.5,447.31,-78.81,0
2020-11-24,7,MATAMOROS,378.96,459.24,-80.28,0
2020-11-24,8,MATAMOROS,399.23,475.49,-76.26,0
2020-11-24,9,MATAMOROS,398.22,472.34,-74.12,0
2020-11-24,10,MATAMOROS,382.55,462.53,-74.64,-5.34
2020-11-24,11,MATAMOROS,379.92,464.98,-79.12,-5.94
2020-11-24,12,MATAMOROS,401.11,490.39,-81.54,-7.74
2020-11-24,13,MATAMOROS,417.09,494.21,-75.43,-1.7
2020-11-24,14,MATAMOROS,427.08,501,-72.04,-1.89
2020-11-24,15,MATAMOROS,417.03,494.96,-76.4,-1.53
2020-11-24,16,MATAMOROS,419.9,499.8,-78.06,-1.83
2020-11-24,17,MATAMOROS,494.7,606.6,-106.18,-5.71
2020-11-24,18,MATAMOROS,526.37,769.51,-139.07,-104.08
2020-11-24,19,MATAMOROS,436.64,852.21,-153.6,-261.97
2020-11-24,20,MATAMOROS,395.76,797.72,-142.86,-259.1
2020-11-24,21,MATAMOROS,427.14,779.99,-142.4,-210.45
2020-11-24,22,MATAMOROS,401.51,747.21,-135.66,-210.04
2020-11-24,23,MATAMOROS,379.74,750.23,-137.12,-233.37
2020-11-24,24,MATAMOROS,419.7,511.58,-91.88,0
2020-11-24,1,MATEHUALA,468.95,462.88,6.06,0
2020-11-24,2,MATEHUALA,458.72,450.93,7.79,0
2020-11-24,3,MATEHUALA,449.28,439.66,9.62,0
2020-11-24,4,MATEHUALA,444.14,434.16,9.98,0
2020-11-24,5,MATEHUALA,445.69,433.99,11.7,0
2020-11-24,6,MATEHUALA,462.55,447.31,15.24,0
2020-11-24,7,MATEHUALA,474.6,459.24,15.36,0
2020-11-24,8,MATEHUALA,491.22,475.49,15.73,0
2020-11-24,9,MATEHUALA,479.79,472.34,7.45,0
2020-11-24,10,MATEHUALA,465.01,462.53,2.99,-.52
2020-11-24,11,MATEHUALA,464.97,464.98,.55,-.56
2020-11-24,12,MATEHUALA,490.36,490.39,.71,-.74
2020-11-24,13,MATEHUALA,494.35,494.21,.23,-.09
2020-11-24,14,MATEHUALA,501.52,501,.62,-.1
2020-11-24,15,MATEHUALA,494.4,494.96,-.48,-.08
2020-11-24,16,MATEHUALA,497.18,499.8,-2.51,-.1
2020-11-24,17,MATEHUALA,606.79,606.59,.51,-.32
2020-11-24,18,MATEHUALA,707.69,769.51,12.55,-74.38
2020-11-24,19,MATEHUALA,779.32,852.21,6.62,-79.51
2020-11-24,20,MATEHUALA,740.86,797.72,7.43,-64.28
2020-11-24,21,MATEHUALA,715.24,779.99,-.12,-64.63
2020-11-24,22,MATEHUALA,758.81,747.21,-5.25,16.85
2020-11-24,23,MATEHUALA,774.94,750.23,5.98,18.73
2020-11-24,24,MATEHUALA,518.18,511.58,6.6,0
2020-11-24,1,MAZATLAN,442.58,462.88,-20.3,0
2020-11-24,2,MAZATLAN,429.42,450.93,-21.51,0
2020-11-24,3,MAZATLAN,417.7,439.66,-21.96,0
2020-11-24,4,MAZATLAN,411.03,434.16,-23.13,0
2020-11-24,5,MAZATLAN,409.31,433.99,-24.68,0
2020-11-24,6,MAZATLAN,420.39,447.31,-26.93,0
2020-11-24,7,MAZATLAN,431.38,459.24,-27.86,0
2020-11-24,8,MAZATLAN,445.23,475.49,-30.26,0
2020-11-24,9,MAZATLAN,437.77,472.34,-34.57,0
2020-11-24,10,MAZATLAN,396.67,462.53,-41.45,-24.4
2020-11-24,11,MAZATLAN,397.79,464.98,-40.03,-27.17
2020-11-24,12,MAZATLAN,415.44,490.39,-39.56,-35.4
2020-11-24,13,MAZATLAN,460.08,494.21,-37.42,3.29
2020-11-24,14,MAZATLAN,469.7,501,-34.96,3.66
2020-11-24,15,MAZATLAN,461.9,494.96,-36.03,2.97
2020-11-24,16,MAZATLAN,468.93,499.8,-34.43,3.56
2020-11-24,17,MAZATLAN,573.23,606.6,-44.47,11.11
2020-11-24,18,MAZATLAN,659.26,769.51,-54.66,-55.6
2020-11-24,19,MAZATLAN,684.53,852.21,-52.56,-115.11
2020-11-24,20,MAZATLAN,648.86,797.72,-41,-107.86
2020-11-24,21,MAZATLAN,642.62,779.99,-44.77,-92.6
2020-11-24,22,MAZATLAN,652.3,747.21,-35.35,-59.56
2020-11-24,23,MAZATLAN,649.09,750.23,-34.97,-66.18
2020-11-24,24,MAZATLAN,486.4,511.58,-25.18,0
2020-11-24,1,MERIDA,483.54,462.88,20.66,0
2020-11-24,2,MERIDA,465.91,450.93,14.98,0
2020-11-24,3,MERIDA,460.2,439.66,20.54,0
2020-11-24,4,MERIDA,451.82,434.16,17.66,0
2020-11-24,5,MERIDA,449.98,433.99,15.99,0
2020-11-24,6,MERIDA,460.19,447.31,12.87,0
2020-11-24,7,MERIDA,467.27,459.24,8.03,0
2020-11-24,8,MERIDA,480.88,475.49,5.39,0
2020-11-24,9,MERIDA,487.72,472.34,15.38,0
2020-11-24,10,MERIDA,487.98,462.53,25.62,-.17
2020-11-24,11,MERIDA,493.31,464.98,28.52,-.19
2020-11-24,12,MERIDA,520.92,490.39,30.78,-.25
2020-11-24,13,MERIDA,520.23,494.21,26.08,-.06
2020-11-24,14,MERIDA,527.4,501,26.46,-.06
2020-11-24,15,MERIDA,522.65,494.96,27.75,-.05
2020-11-24,16,MERIDA,531.37,499.8,31.63,-.06
2020-11-24,17,MERIDA,642.8,606.59,36.4,-.19
2020-11-24,18,MERIDA,770.28,769.51,48.58,-47.82
2020-11-24,19,MERIDA,832.18,852.21,45.65,-65.68
2020-11-24,20,MERIDA,776.06,797.72,35.3,-56.96
2020-11-24,21,MERIDA,767.72,779.99,40.47,-52.74
2020-11-24,22,MERIDA,797.8,747.21,60.78,-10.19
2020-11-24,23,MERIDA,808.1,750.23,69.2,-11.33
2020-11-24,24,MERIDA,553.63,511.58,42.05,0
2020-11-24,1,MINAS,492.32,462.88,29.44,0
2020-11-24,2,MINAS,479.38,450.93,28.45,0
2020-11-24,3,MINAS,469.45,439.66,29.79,0
2020-11-24,4,MINAS,460.72,434.16,26.56,0
2020-11-24,5,MINAS,456.44,433.99,22.45,0
2020-11-24,6,MINAS,476.02,447.31,28.71,0
2020-11-24,7,MINAS,491.13,459.24,31.89,0
2020-11-24,8,MINAS,512.59,475.49,37.1,0
2020-11-24,9,MINAS,507.82,472.34,35.49,0
2020-11-24,10,MINAS,498.35,462.53,32.73,3.09
2020-11-24,11,MINAS,501.59,464.98,33.17,3.44
2020-11-24,12,MINAS,532.28,490.39,37.4,4.48
2020-11-24,13,MINAS,535.7,494.21,40.78,.72
2020-11-24,14,MINAS,546.73,501,44.93,.8
2020-11-24,15,MINAS,534.82,494.96,39.22,.64
2020-11-24,16,MINAS,540.98,499.8,40.42,.77
2020-11-24,17,MINAS,660.15,606.59,51.16,2.39
2020-11-24,18,MINAS,791.12,769.51,65.17,-43.57
2020-11-24,19,MINAS,874.89,852.21,73.94,-51.26
2020-11-24,20,MINAS,831.51,797.72,76.13,-42.33
2020-11-24,21,MINAS,806.43,779.99,68.02,-41.58
2020-11-24,22,MINAS,818.17,747.21,65.28,5.67
2020-11-24,23,MINAS,823.5,750.23,66.9,6.37
2020-11-24,24,MINAS,549.84,511.58,38.26,0
2020-11-24,1,MONCLOVA,398.5,462.88,-64.38,0
2020-11-24,2,MONCLOVA,390.74,450.93,-60.19,0
2020-11-24,3,MONCLOVA,381.26,439.66,-58.4,0
2020-11-24,4,MONCLOVA,376.24,434.16,-57.92,0
2020-11-24,5,MONCLOVA,376.58,433.99,-57.41,0
2020-11-24,6,MONCLOVA,388.16,447.31,-59.15,0
2020-11-24,7,MONCLOVA,398.14,459.24,-61.1,0
2020-11-24,8,MONCLOVA,418.32,475.49,-57.17,0
2020-11-24,9,MONCLOVA,415.26,472.34,-57.08,0
2020-11-24,10,MONCLOVA,398.28,462.53,-58.36,-5.89
2020-11-24,11,MONCLOVA,398.93,464.98,-59.49,-6.56
2020-11-24,12,MONCLOVA,419.93,490.39,-61.91,-8.55
2020-11-24,13,MONCLOVA,432.61,494.21,-59.25,-2.34
2020-11-24,14,MONCLOVA,440.9,501,-57.5,-2.6
2020-11-24,15,MONCLOVA,431.05,494.96,-61.8,-2.11
2020-11-24,16,MONCLOVA,432.93,499.8,-64.34,-2.54
2020-11-24,17,MONCLOVA,514.73,606.59,-83.97,-7.9
2020-11-24,18,MONCLOVA,562.76,769.51,-104.21,-102.54
2020-11-24,19,MONCLOVA,476.26,852.21,-116.21,-259.74
2020-11-24,20,MONCLOVA,433.77,797.72,-106.4,-257.55
2020-11-24,21,MONCLOVA,466.12,779.99,-105.23,-208.65
2020-11-24,22,MONCLOVA,431.53,747.21,-103.88,-211.8
2020-11-24,23,MONCLOVA,410,750.23,-104.88,-235.35
2020-11-24,24,MONCLOVA,443.25,511.58,-68.33,0
2020-11-24,1,MONTEMORELOS,411.74,462.88,-51.14,0
2020-11-24,2,MONTEMORELOS,403.73,450.93,-47.2,0
2020-11-24,3,MONTEMORELOS,393.44,439.66,-46.22,0
2020-11-24,4,MONTEMORELOS,387.58,434.16,-46.57,0
2020-11-24,5,MONTEMORELOS,387.9,433.99,-46.09,0
2020-11-24,6,MONTEMORELOS,399.85,447.31,-47.47,0
2020-11-24,7,MONTEMORELOS,410.11,459.24,-49.13,0
2020-11-24,8,MONTEMORELOS,429.2,475.49,-46.29,0
2020-11-24,9,MONTEMORELOS,426.07,472.34,-46.27,0
2020-11-24,10,MONTEMORELOS,410.11,462.53,-47.71,-4.71
2020-11-24,11,MONTEMORELOS,411.15,464.98,-48.59,-5.24
2020-11-24,12,MONTEMORELOS,432.9,490.39,-50.65,-6.84
2020-11-24,13,MONTEMORELOS,445.11,494.21,-47.64,-1.46
2020-11-24,14,MONTEMORELOS,453.4,501,-45.97,-1.63
2020-11-24,15,MONTEMORELOS,443.75,494.96,-49.89,-1.32
2020-11-24,16,MONTEMORELOS,445.66,499.8,-52.55,-1.59
2020-11-24,17,MONTEMORELOS,531.67,606.59,-69.96,-4.96
2020-11-24,18,MONTEMORELOS,571.47,769.51,-86.55,-111.5
2020-11-24,19,MONTEMORELOS,500.29,852.21,-95.35,-256.57
2020-11-24,20,MONTEMORELOS,458.88,797.72,-88.17,-250.67
2020-11-24,21,MONTEMORELOS,485.18,779.99,-88.53,-206.29
2020-11-24,22,MONTEMORELOS,473.11,747.21,-86.01,-188.09
2020-11-24,23,MONTEMORELOS,453.86,750.23,-87.97,-208.41
2020-11-24,24,MONTEMORELOS,452.48,511.58,-59.1,0
2020-11-24,1,MONTERREY,404.84,462.88,-58.04,0
2020-11-24,2,MONTERREY,397,450.93,-53.93,0
2020-11-24,3,MONTERREY,387,439.66,-52.66,0
2020-11-24,4,MONTERREY,381.37,434.16,-52.78,0
2020-11-24,5,MONTERREY,381.82,433.99,-52.17,0
2020-11-24,6,MONTERREY,393.54,447.31,-53.78,0
2020-11-24,7,MONTERREY,403.75,459.24,-55.49,0
2020-11-24,8,MONTERREY,423.22,475.49,-52.27,0
2020-11-24,9,MONTERREY,419.57,472.34,-52.77,0
2020-11-24,10,MONTERREY,402.73,462.53,-54.49,-5.3
2020-11-24,11,MONTERREY,403.13,464.98,-55.95,-5.91
2020-11-24,12,MONTERREY,424.36,490.39,-58.34,-7.69
2020-11-24,13,MONTERREY,437.5,494.21,-55.06,-1.65
2020-11-24,14,MONTERREY,445.61,501.01,-53.56,-1.84
2020-11-24,15,MONTERREY,435.66,494.96,-57.81,-1.49
2020-11-24,16,MONTERREY,437.19,499.8,-60.82,-1.79
2020-11-24,17,MONTERREY,520.46,606.6,-80.55,-5.58
2020-11-24,18,MONTERREY,565.72,769.51,-99.61,-104.19
2020-11-24,19,MONTERREY,478.84,852.21,-111.25,-262.12
2020-11-24,20,MONTERREY,435.77,797.72,-102.74,-259.2
2020-11-24,21,MONTERREY,467.22,779.99,-102.21,-210.57
2020-11-24,22,MONTERREY,438.68,747.21,-98.57,-209.96
2020-11-24,23,MONTERREY,417.41,750.23,-99.56,-233.26
2020-11-24,24,MONTERREY,445.28,511.58,-66.3,0
2020-11-24,1,MORELIA,478.91,462.88,16.03,0
2020-11-24,2,MORELIA,464.08,450.93,13.15,0
2020-11-24,3,MORELIA,451.85,439.66,12.19,0
2020-11-24,4,MORELIA,445.86,434.16,11.71,0
2020-11-24,5,MORELIA,444.99,433.99,11,0
2020-11-24,6,MORELIA,460.12,447.31,12.81,0
2020-11-24,7,MORELIA,474.91,459.24,15.67,0
2020-11-24,8,MORELIA,493.12,475.49,17.63,0
2020-11-24,9,MORELIA,492.6,472.34,20.26,0
2020-11-24,10,MORELIA,483.4,462.53,20.18,.69
2020-11-24,11,MORELIA,486.82,464.98,21.06,.77
2020-11-24,12,MORELIA,515.79,490.39,24.4,1
2020-11-24,13,MORELIA,519.93,494.21,25.55,.17
2020-11-24,14,MORELIA,528.67,501.01,27.48,.19
2020-11-24,15,MORELIA,521.51,494.96,26.4,.15
2020-11-24,16,MORELIA,526.23,499.8,26.25,.18
2020-11-24,17,MORELIA,639.21,606.6,32.05,.57
2020-11-24,18,MORELIA,775.68,769.51,37.1,-30.94
2020-11-24,19,MORELIA,860.28,852.21,42.6,-34.52
2020-11-24,20,MORELIA,813.15,797.72,43.58,-28.15
2020-11-24,21,MORELIA,792.65,779.99,40.67,-28.02
2020-11-24,22,MORELIA,790.33,747.21,37.2,5.92
2020-11-24,23,MORELIA,792.19,750.23,35.32,6.64
2020-11-24,24,MORELIA,533.34,511.58,21.76,0
2020-11-24,1,MORELOS,484.36,462.88,21.48,0
2020-11-24,2,MORELOS,468.6,450.93,17.67,0
2020-11-24,3,MORELOS,456.03,439.66,16.37,0
2020-11-24,4,MORELOS,449.69,434.16,15.53,0
2020-11-24,5,MORELOS,449.66,433.99,15.67,0
2020-11-24,6,MORELOS,464.74,447.31,17.43,0
2020-11-24,7,MORELOS,477.87,459.24,18.63,0
2020-11-24,8,MORELOS,494.41,475.49,18.92,0
2020-11-24,9,MORELOS,495.14,472.34,22.8,0
2020-11-24,10,MORELOS,489.41,462.53,26.94,-.06
2020-11-24,11,MORELOS,493.46,464.98,28.55,-.07
2020-11-24,12,MORELOS,521.03,490.39,30.73,-.1
2020-11-24,13,MORELOS,523.85,494.21,29.67,-.03
2020-11-24,14,MORELOS,532.05,501,31.07,-.03
2020-11-24,15,MORELOS,525.66,494.96,30.73,-.03
2020-11-24,16,MORELOS,531.25,499.8,31.48,-.03
2020-11-24,17,MORELOS,646.67,606.6,40.17,-.09
2020-11-24,18,MORELOS,774.16,769.51,47.32,-42.67
2020-11-24,19,MORELOS,847.91,852.21,53.76,-58.06
2020-11-24,20,MORELOS,797.69,797.72,50.49,-50.51
2020-11-24,21,MORELOS,785.09,779.99,52,-46.9
2020-11-24,22,MORELOS,791.73,747.21,52.83,-8.31
2020-11-24,23,MORELOS,793.77,750.23,52.78,-9.24
2020-11-24,24,MORELOS,546.04,511.58,34.46,0
2020-11-24,1,MOTUL TIZIMIN,473.04,462.88,10.16,0
2020-11-24,2,MOTUL TIZIMIN,457.12,450.93,6.2,0
2020-11-24,3,MOTUL TIZIMIN,455.39,439.66,15.73,0
2020-11-24,4,MOTUL TIZIMIN,447.28,434.16,13.12,0
2020-11-24,5,MOTUL TIZIMIN,444.95,433.99,10.96,0
2020-11-24,6,MOTUL TIZIMIN,454.77,447.31,7.45,0
2020-11-24,7,MOTUL TIZIMIN,460.53,459.24,1.29,0
2020-11-24,8,MOTUL TIZIMIN,472.87,475.49,-2.62,0
2020-11-24,9,MOTUL TIZIMIN,481.1,472.34,8.76,0
2020-11-24,10,MOTUL TIZIMIN,481.48,462.53,19.12,-.17
2020-11-24,11,MOTUL TIZIMIN,485.08,464.98,20.29,-.19
2020-11-24,12,MOTUL TIZIMIN,511.87,490.39,21.73,-.25
2020-11-24,13,MOTUL TIZIMIN,508.53,494.21,14.38,-.06
2020-11-24,14,MOTUL TIZIMIN,513.44,501,12.5,-.06
2020-11-24,15,MOTUL TIZIMIN,505.78,494.96,10.87,-.05
2020-11-24,16,MOTUL TIZIMIN,513.6,499.8,13.86,-.06
2020-11-24,17,MOTUL TIZIMIN,620.72,606.59,14.31,-.19
2020-11-24,18,MOTUL TIZIMIN,742.29,769.51,20.6,-47.82
2020-11-24,19,MOTUL TIZIMIN,800.47,852.21,13.95,-65.68
2020-11-24,20,MOTUL TIZIMIN,742.92,797.72,2.16,-56.96
2020-11-24,21,MOTUL TIZIMIN,737.65,779.99,10.4,-52.74
2020-11-24,22,MOTUL TIZIMIN,767.72,747.21,30.71,-10.19
2020-11-24,23,MOTUL TIZIMIN,779.22,750.23,40.31,-11.33
2020-11-24,24,MOTUL TIZIMIN,531.27,511.58,19.69,0
2020-11-24,1,NAVOJOA,386.4,462.88,-76.49,0
2020-11-24,2,NAVOJOA,375.64,450.93,-75.29,0
2020-11-24,3,NAVOJOA,367.1,439.66,-72.56,0
2020-11-24,4,NAVOJOA,361.97,434.16,-72.19,0
2020-11-24,5,NAVOJOA,360.43,433.99,-73.56,0
2020-11-24,6,NAVOJOA,367.54,447.31,-79.77,0
2020-11-24,7,NAVOJOA,375.14,459.24,-84.11,0
2020-11-24,8,NAVOJOA,384.08,475.49,-91.41,0
2020-11-24,9,NAVOJOA,377.97,472.34,-94.37,0
2020-11-24,10,NAVOJOA,329.56,462.53,-110.8,-22.18
2020-11-24,11,NAVOJOA,330.29,464.98,-110.02,-24.67
2020-11-24,12,NAVOJOA,343.96,490.39,-114.29,-32.14
2020-11-24,13,NAVOJOA,344.33,494.21,-112.96,-36.92
2020-11-24,14,NAVOJOA,350.14,501,-109.8,-41.07
2020-11-24,15,NAVOJOA,349.68,494.96,-112,-33.28
2020-11-24,16,NAVOJOA,350.82,499.8,-108.97,-40
2020-11-24,17,NAVOJOA,345.77,606.59,-136.14,-124.69
2020-11-24,18,NAVOJOA,467.17,769.51,-169.57,-132.77
2020-11-24,19,NAVOJOA,559.16,852.21,-159.33,-133.71
2020-11-24,20,NAVOJOA,534.03,797.72,-136.76,-126.93
2020-11-24,21,NAVOJOA,531.26,779.99,-141.4,-107.34
2020-11-24,22,NAVOJOA,537.29,747.21,-130.82,-79.11
2020-11-24,23,NAVOJOA,527.07,750.23,-135.29,-87.88
2020-11-24,24,NAVOJOA,418.31,511.58,-93.26,0
2020-11-24,1,NOGALES,393.21,462.88,-69.68,0
2020-11-24,2,NOGALES,383.48,450.93,-67.45,0
2020-11-24,3,NOGALES,376.12,439.66,-63.54,0
2020-11-24,4,NOGALES,372.12,434.16,-62.04,0
2020-11-24,5,NOGALES,373.63,433.99,-60.36,0
2020-11-24,6,NOGALES,382.07,447.31,-65.24,0
2020-11-24,7,NOGALES,389.22,459.24,-70.02,0
2020-11-24,8,NOGALES,398.91,475.49,-76.58,0
2020-11-24,9,NOGALES,392.21,472.34,-80.13,0
2020-11-24,10,NOGALES,330.77,462.53,-112.74,-19.02
2020-11-24,11,NOGALES,327.31,464.98,-116.49,-21.19
2020-11-24,12,NOGALES,338.26,490.39,-124.51,-27.62
2020-11-24,13,NOGALES,339.79,494.21,-124.94,-29.48
2020-11-24,14,NOGALES,343.73,501,-124.5,-32.78
2020-11-24,15,NOGALES,342.07,494.96,-126.33,-26.56
2020-11-24,16,NOGALES,342.51,499.8,-125.37,-31.92
2020-11-24,17,NOGALES,348.94,606.59,-158.12,-99.54
2020-11-24,18,NOGALES,458.27,769.51,-187.08,-124.16
2020-11-24,19,NOGALES,531.39,852.21,-164.06,-156.76
2020-11-24,20,NOGALES,513.27,797.72,-131.88,-152.56
2020-11-24,21,NOGALES,513.21,779.99,-139.39,-127.39
2020-11-24,22,NOGALES,512.43,747.21,-129.12,-105.66
2020-11-24,23,NOGALES,496.58,750.23,-136.24,-117.41
2020-11-24,24,NOGALES,424.04,511.58,-87.54,0
2020-11-24,1,NUEVO LAREDO,395.56,462.88,-67.32,0
2020-11-24,2,NUEVO LAREDO,387.18,450.93,-63.75,0
2020-11-24,3,NUEVO LAREDO,377.6,439.66,-62.07,0
2020-11-24,4,NUEVO LAREDO,372.58,434.16,-61.58,0
2020-11-24,5,NUEVO LAREDO,372.66,433.99,-61.33,0
2020-11-24,6,NUEVO LAREDO,384.18,447.31,-63.13,0
2020-11-24,7,NUEVO LAREDO,394.15,459.24,-65.09,0
2020-11-24,8,NUEVO LAREDO,414.18,475.49,-61.32,0
2020-11-24,9,NUEVO LAREDO,412.51,472.34,-59.83,0
2020-11-24,10,NUEVO LAREDO,396.76,462.53,-59.61,-6.16
2020-11-24,11,NUEVO LAREDO,410.92,464.98,-47.34,-6.73
2020-11-24,12,NUEVO LAREDO,433.34,490.39,-48.27,-8.78
2020-11-24,13,NUEVO LAREDO,447.43,494.21,-44.16,-2.62
2020-11-24,14,NUEVO LAREDO,457.71,501,-40.37,-2.92
2020-11-24,15,NUEVO LAREDO,448.75,494.96,-43.85,-2.37
2020-11-24,16,NUEVO LAREDO,451.41,499.8,-45.56,-2.84
2020-11-24,17,NUEVO LAREDO,535,606.6,-62.78,-8.81
2020-11-24,18,NUEVO LAREDO,586.83,769.51,-79.28,-103.41
2020-11-24,19,NUEVO LAREDO,481.83,852.21,-113.9,-256.48
2020-11-24,20,NUEVO LAREDO,440.25,797.72,-103.5,-253.97
2020-11-24,21,NUEVO LAREDO,471.43,779.99,-102.49,-206.08
2020-11-24,22,NUEVO LAREDO,436.1,747.21,-104.07,-207.04
2020-11-24,23,NUEVO LAREDO,414.47,750.23,-105.73,-230.04
2020-11-24,24,NUEVO LAREDO,443.13,511.58,-68.45,0
2020-11-24,1,OAXACA,482.69,462.88,19.81,0
2020-11-24,2,OAXACA,465.98,450.93,15.05,0
2020-11-24,3,OAXACA,452.91,439.66,13.25,0
2020-11-24,4,OAXACA,446.18,434.16,12.03,0
2020-11-24,5,OAXACA,446.4,433.99,12.41,0
2020-11-24,6,OAXACA,461.91,447.31,14.6,0
2020-11-24,7,OAXACA,474.45,459.24,15.21,0
2020-11-24,8,OAXACA,490.28,475.49,14.79,0
2020-11-24,9,OAXACA,491.91,472.34,19.57,0
2020-11-24,10,OAXACA,486.73,462.53,24.37,-.17
2020-11-24,11,OAXACA,491.6,464.98,26.8,-.19
2020-11-24,12,OAXACA,519.55,490.39,29.41,-.25
2020-11-24,13,OAXACA,522.78,494.21,28.63,-.06
2020-11-24,14,OAXACA,531.59,501,30.64,-.06
2020-11-24,15,OAXACA,527.12,494.96,32.21,-.05
2020-11-24,16,OAXACA,534.89,499.8,35.15,-.06
2020-11-24,17,OAXACA,649.15,606.59,42.75,-.19
2020-11-24,18,OAXACA,773.45,769.51,52.48,-48.54
2020-11-24,19,OAXACA,851.68,852.21,66.13,-66.65
2020-11-24,20,OAXACA,805.5,797.72,65.22,-57.44
2020-11-24,21,OAXACA,796.45,779.99,69.65,-53.19
2020-11-24,22,OAXACA,812.92,747.21,75.95,-10.23
2020-11-24,23,OAXACA,814.65,750.23,75.79,-11.37
2020-11-24,24,OAXACA,558.67,511.58,47.09,0
2020-11-24,1,OBREGON,384.14,462.88,-78.75,0
2020-11-24,2,OBREGON,374.03,450.93,-76.89,0
2020-11-24,3,OBREGON,366.21,439.66,-73.45,0
2020-11-24,4,OBREGON,361.52,434.16,-72.64,0
2020-11-24,5,OBREGON,360.15,433.99,-73.84,0
2020-11-24,6,OBREGON,366.83,447.31,-80.49,0
2020-11-24,7,OBREGON,373.94,459.24,-85.3,0
2020-11-24,8,OBREGON,382.21,475.49,-93.28,0
2020-11-24,9,OBREGON,377.32,472.34,-95.02,0
2020-11-24,10,OBREGON,329.97,462.53,-110.67,-21.89
2020-11-24,11,OBREGON,329.51,464.98,-111.09,-24.38
2020-11-24,12,OBREGON,343.18,490.39,-115.46,-31.75
2020-11-24,13,OBREGON,343.42,494.21,-114.55,-36.24
2020-11-24,14,OBREGON,348.81,501,-111.89,-40.3
2020-11-24,15,OBREGON,348.15,494.96,-114.14,-32.66
2020-11-24,16,OBREGON,349.2,499.8,-111.34,-39.26
2020-11-24,17,OBREGON,344.84,606.6,-139.37,-122.38
2020-11-24,18,OBREGON,462.67,769.51,-174.91,-131.94
2020-11-24,19,OBREGON,551.82,852.21,-164.44,-135.95
2020-11-24,20,OBREGON,527.18,797.72,-141.29,-129.25
2020-11-24,21,OBREGON,524.8,779.99,-146.06,-109.13
2020-11-24,22,OBREGON,530.53,747.21,-135.2,-81.48
2020-11-24,23,OBREGON,519.9,750.23,-139.81,-90.53
2020-11-24,24,OBREGON,416.05,511.58,-95.53,0
2020-11-24,1,ORIZABA,471.94,462.88,9.06,0
2020-11-24,2,ORIZABA,456.52,450.93,5.59,0
2020-11-24,3,ORIZABA,444.25,439.66,4.59,0
2020-11-24,4,ORIZABA,437.95,434.16,3.8,0
2020-11-24,5,ORIZABA,438.07,433.99,4.08,0
2020-11-24,6,ORIZABA,452.48,447.31,5.17,0
2020-11-24,7,ORIZABA,464.2,459.24,4.96,0
2020-11-24,8,ORIZABA,479.73,475.49,4.24,0
2020-11-24,9,ORIZABA,480.95,472.34,8.61,0
2020-11-24,10,ORIZABA,475.17,462.53,12.83,-.19
2020-11-24,11,ORIZABA,478.97,464.98,14.2,-.21
2020-11-24,12,ORIZABA,505.56,490.39,15.45,-.28
2020-11-24,13,ORIZABA,508.12,494.21,13.97,-.06
2020-11-24,14,ORIZABA,516.08,501,15.14,-.07
2020-11-24,15,ORIZABA,511.35,494.96,16.45,-.06
2020-11-24,16,ORIZABA,518.31,499.8,18.57,-.07
2020-11-24,17,ORIZABA,629.29,606.59,22.89,-.2
2020-11-24,18,ORIZABA,746.34,769.51,25.94,-49.11
2020-11-24,19,ORIZABA,812.74,852.21,28.08,-67.55
2020-11-24,20,ORIZABA,765.8,797.72,27.22,-59.14
2020-11-24,21,ORIZABA,757.35,779.99,32.09,-54.73
2020-11-24,22,ORIZABA,775.77,747.21,39.27,-10.71
2020-11-24,23,ORIZABA,780.6,750.23,42.25,-11.89
2020-11-24,24,ORIZABA,538.85,511.58,27.27,0
2020-11-24,1,PIEDRAS NEGRAS,388.26,462.88,-74.62,0
2020-11-24,2,PIEDRAS NEGRAS,380.47,450.93,-70.46,0
2020-11-24,3,PIEDRAS NEGRAS,371.41,439.66,-68.25,0
2020-11-24,4,PIEDRAS NEGRAS,366.63,434.16,-67.53,0
2020-11-24,5,PIEDRAS NEGRAS,366.82,433.99,-67.17,0
2020-11-24,6,PIEDRAS NEGRAS,378.12,447.31,-69.2,0
2020-11-24,7,PIEDRAS NEGRAS,387.93,459.24,-71.31,0
2020-11-24,8,PIEDRAS NEGRAS,407.84,475.49,-67.65,0
2020-11-24,9,PIEDRAS NEGRAS,408.13,472.34,-64.21,0
2020-11-24,10,PIEDRAS NEGRAS,393.51,462.53,-62.69,-6.33
2020-11-24,11,PIEDRAS NEGRAS,395.82,464.98,-62.12,-7.04
2020-11-24,12,PIEDRAS NEGRAS,416.07,490.39,-65.14,-9.18
2020-11-24,13,PIEDRAS NEGRAS,428.36,494.21,-62.86,-2.98
2020-11-24,14,PIEDRAS NEGRAS,437.44,501,-60.25,-3.32
2020-11-24,15,PIEDRAS NEGRAS,427.24,494.96,-65.03,-2.69
2020-11-24,16,PIEDRAS NEGRAS,429.26,499.8,-67.3,-3.23
2020-11-24,17,PIEDRAS NEGRAS,507.71,606.59,-88.82,-10.07
2020-11-24,18,PIEDRAS NEGRAS,554.11,769.51,-112.29,-103.11
2020-11-24,19,PIEDRAS NEGRAS,471.44,852.21,-125.35,-255.42
2020-11-24,20,PIEDRAS NEGRAS,430.47,797.72,-114.25,-253
2020-11-24,21,PIEDRAS NEGRAS,463.95,779.99,-110.82,-205.23
2020-11-24,22,PIEDRAS NEGRAS,423.91,747.21,-116.71,-206.59
2020-11-24,23,PIEDRAS NEGRAS,403.42,750.23,-117.27,-229.54
2020-11-24,24,PIEDRAS NEGRAS,436.2,511.58,-75.38,0
2020-11-24,1,POZA RICA,460.15,462.88,-2.74,0
2020-11-24,2,POZA RICA,447.48,450.93,-3.45,0
2020-11-24,3,POZA RICA,435.95,439.66,-3.71,0
2020-11-24,4,POZA RICA,430.29,434.16,-3.86,0
2020-11-24,5,POZA RICA,430.72,433.99,-3.27,0
2020-11-24,6,POZA RICA,444.04,447.31,-3.27,0
2020-11-24,7,POZA RICA,454.8,459.24,-4.44,0
2020-11-24,8,POZA RICA,469.5,475.49,-5.99,0
2020-11-24,9,POZA RICA,467.91,472.34,-4.43,0
2020-11-24,10,POZA RICA,460.27,462.53,-1.8,-.47
2020-11-24,11,POZA RICA,463.48,464.98,-.98,-.52
2020-11-24,12,POZA RICA,487.62,490.39,-2.08,-.69
2020-11-24,13,POZA RICA,490.95,494.21,-3.12,-.14
2020-11-24,14,POZA RICA,498.21,501,-2.64,-.16
2020-11-24,15,POZA RICA,492.71,494.96,-2.12,-.13
2020-11-24,16,POZA RICA,498.14,499.8,-1.51,-.15
2020-11-24,17,POZA RICA,603.79,606.6,-2.33,-.47
2020-11-24,18,POZA RICA,691.1,769.51,-3.88,-74.53
2020-11-24,19,POZA RICA,743.86,852.21,-1.57,-106.78
2020-11-24,20,POZA RICA,699.8,797.72,-3.6,-94.32
2020-11-24,21,POZA RICA,690.23,779.99,-2.74,-87.02
2020-11-24,22,POZA RICA,726.88,747.21,-1.85,-18.48
2020-11-24,23,POZA RICA,727.73,750.23,-2.02,-20.48
2020-11-24,24,POZA RICA,511.19,511.58,-.39,0
2020-11-24,1,PUEBLA,475.92,462.88,13.04,0
2020-11-24,2,PUEBLA,460.61,450.93,9.68,0
2020-11-24,3,PUEBLA,448.28,439.66,8.62,0
2020-11-24,4,PUEBLA,442.07,434.16,7.91,0
2020-11-24,5,PUEBLA,442.29,433.99,8.3,0
2020-11-24,6,PUEBLA,456.83,447.31,9.52,0
2020-11-24,7,PUEBLA,469.05,459.24,9.81,0
2020-11-24,8,PUEBLA,485.2,475.49,9.71,0
2020-11-24,9,PUEBLA,485.89,472.34,13.55,0
2020-11-24,10,PUEBLA,479.74,462.53,17.37,-.16
2020-11-24,11,PUEBLA,483.67,464.98,18.87,-.18
2020-11-24,12,PUEBLA,510.35,490.39,20.19,-.23
2020-11-24,13,PUEBLA,512.96,494.21,18.81,-.05
2020-11-24,14,PUEBLA,520.75,501.01,19.81,-.06
2020-11-24,15,PUEBLA,515.34,494.96,20.43,-.05
2020-11-24,16,PUEBLA,522.12,499.8,22.38,-.06
2020-11-24,17,PUEBLA,634.38,606.59,27.97,-.18
2020-11-24,18,PUEBLA,756.09,769.51,32.71,-46.13
2020-11-24,19,PUEBLA,826.06,852.21,37.11,-63.26
2020-11-24,20,PUEBLA,776.98,797.72,34.43,-55.17
2020-11-24,21,PUEBLA,766.11,779.99,37.21,-51.09
2020-11-24,22,PUEBLA,777.7,747.21,40.35,-9.86
2020-11-24,23,PUEBLA,780.07,750.23,40.79,-10.96
2020-11-24,24,PUEBLA,538.14,511.58,26.56,0
2020-11-24,1,QUERETARO,469.26,462.88,6.38,0
2020-11-24,2,QUERETARO,457.53,450.93,6.61,0
2020-11-24,3,QUERETARO,445.89,439.66,6.24,0
2020-11-24,4,QUERETARO,440.13,434.16,5.97,0
2020-11-24,5,QUERETARO,440.11,433.99,6.12,0
2020-11-24,6,QUERETARO,453.79,447.31,6.48,0
2020-11-24,7,QUERETARO,466.27,459.24,7.03,0
2020-11-24,8,QUERETARO,483.23,475.49,7.74,0
2020-11-24,9,QUERETARO,478.77,472.34,6.43,0
2020-11-24,10,QUERETARO,468.14,462.53,5.65,-.04
2020-11-24,11,QUERETARO,470.24,464.98,5.3,-.05
2020-11-24,12,QUERETARO,496.19,490.39,5.86,-.06
2020-11-24,13,QUERETARO,500.51,494.21,6.31,0
2020-11-24,14,QUERETARO,507.46,501.01,6.45,0
2020-11-24,15,QUERETARO,501.21,494.96,6.26,0
2020-11-24,16,QUERETARO,505.73,499.8,5.94,0
2020-11-24,17,QUERETARO,614.03,606.6,7.44,-.01
2020-11-24,18,QUERETARO,761.77,769.51,12.02,-19.77
2020-11-24,19,QUERETARO,845.26,852.21,14.8,-21.75
2020-11-24,20,QUERETARO,793.46,797.72,13.52,-17.79
2020-11-24,21,QUERETARO,775.08,779.99,12.78,-17.69
2020-11-24,22,QUERETARO,761.68,747.21,10.86,3.61
2020-11-24,23,QUERETARO,765.29,750.23,11.03,4.03
2020-11-24,24,QUERETARO,518.64,511.58,7.06,0
2020-11-24,1,REYNOSA,384.9,462.88,-77.98,0
2020-11-24,2,REYNOSA,377.2,450.93,-73.73,0
2020-11-24,3,REYNOSA,366.6,439.66,-73.06,0
2020-11-24,4,REYNOSA,360.78,434.16,-73.37,0
2020-11-24,5,REYNOSA,361.08,433.99,-72.91,0
2020-11-24,6,REYNOSA,371.84,447.31,-75.48,0
2020-11-24,7,REYNOSA,382.08,459.24,-77.16,0
2020-11-24,8,REYNOSA,402.12,475.49,-73.37,0
2020-11-24,9,REYNOSA,401.11,472.34,-71.23,0
2020-11-24,10,REYNOSA,385.13,462.53,-72.04,-5.36
2020-11-24,11,REYNOSA,383.43,464.98,-75.58,-5.97
2020-11-24,12,REYNOSA,405.08,490.39,-77.54,-7.78
2020-11-24,13,REYNOSA,420.83,494.21,-71.65,-1.73
2020-11-24,14,REYNOSA,430.93,501,-68.16,-1.92
2020-11-24,15,REYNOSA,420.87,494.96,-72.53,-1.56
2020-11-24,16,REYNOSA,422.16,499.8,-75.78,-1.86
2020-11-24,17,REYNOSA,497.46,606.6,-103.35,-5.79
2020-11-24,18,REYNOSA,530.03,769.51,-135.41,-104.07
2020-11-24,19,REYNOSA,441.24,852.21,-149.14,-261.83
2020-11-24,20,REYNOSA,400.86,797.72,-137.9,-258.96
2020-11-24,21,REYNOSA,432.72,779.99,-136.94,-210.34
2020-11-24,22,REYNOSA,406.97,747.21,-130.31,-209.94
2020-11-24,23,REYNOSA,384.73,750.23,-132.24,-233.26
2020-11-24,24,REYNOSA,423.47,511.58,-88.11,0
2020-11-24,1,RIVIERA MAYA,492.77,462.88,29.89,0
2020-11-24,2,RIVIERA MAYA,475.49,450.93,24.56,0
2020-11-24,3,RIVIERA MAYA,469.22,439.66,29.56,0
2020-11-24,4,RIVIERA MAYA,460.69,434.16,26.53,0
2020-11-24,5,RIVIERA MAYA,458.78,433.99,24.79,0
2020-11-24,6,RIVIERA MAYA,469.24,447.31,21.93,0
2020-11-24,7,RIVIERA MAYA,477.02,459.24,17.78,0
2020-11-24,8,RIVIERA MAYA,491.22,475.49,15.73,0
2020-11-24,9,RIVIERA MAYA,497.73,472.34,25.4,0
2020-11-24,10,RIVIERA MAYA,498.03,462.53,35.67,-.17
2020-11-24,11,RIVIERA MAYA,502.03,464.98,37.24,-.19
2020-11-24,12,RIVIERA MAYA,530.22,490.39,40.08,-.25
2020-11-24,13,RIVIERA MAYA,530.65,494.21,36.5,-.06
2020-11-24,14,RIVIERA MAYA,538.56,501,37.62,-.06
2020-11-24,15,RIVIERA MAYA,533.83,494.96,38.93,-.05
2020-11-24,16,RIVIERA MAYA,542.23,499.8,42.5,-.06
2020-11-24,17,RIVIERA MAYA,654.88,606.6,48.47,-.19
2020-11-24,18,RIVIERA MAYA,784.6,769.51,62.9,-47.82
2020-11-24,19,RIVIERA MAYA,849,852.21,62.48,-65.68
2020-11-24,20,RIVIERA MAYA,793.65,797.72,52.89,-56.96
2020-11-24,21,RIVIERA MAYA,787.03,779.99,59.77,-52.74
2020-11-24,22,RIVIERA MAYA,818.04,747.21,81.03,-10.19
2020-11-24,23,RIVIERA MAYA,827.57,750.23,88.66,-11.33
2020-11-24,24,RIVIERA MAYA,565.55,511.58,53.97,0
2020-11-24,1,SABINAS,393.45,462.88,-69.43,0
2020-11-24,2,SABINAS,385.48,450.93,-65.44,0
2020-11-24,3,SABINAS,376.21,439.66,-63.45,0
2020-11-24,4,SABINAS,371.29,434.16,-62.86,0
2020-11-24,5,SABINAS,371.46,433.99,-62.53,0
2020-11-24,6,SABINAS,382.92,447.31,-64.4,0
2020-11-24,7,SABINAS,392.76,459.24,-66.48,0
2020-11-24,8,SABINAS,412.83,475.49,-62.66,0
2020-11-24,9,SABINAS,410.97,472.34,-61.37,0
2020-11-24,10,SABINAS,394.79,462.53,-61.53,-6.21
2020-11-24,11,SABINAS,396.54,464.98,-61.54,-6.91
2020-11-24,12,SABINAS,416.89,490.39,-64.51,-9
2020-11-24,13,SABINAS,429.43,494.21,-61.98,-2.8
2020-11-24,14,SABINAS,437.91,501,-59.98,-3.11
2020-11-24,15,SABINAS,428.18,494.96,-64.25,-2.52
2020-11-24,16,SABINAS,430.11,499.8,-66.66,-3.03
2020-11-24,17,SABINAS,509.72,606.6,-87.43,-9.45
2020-11-24,18,SABINAS,557.33,769.51,-109.22,-102.96
2020-11-24,19,SABINAS,474.21,852.21,-121.36,-256.64
2020-11-24,20,SABINAS,433.1,797.72,-110.33,-254.28
2020-11-24,21,SABINAS,465.09,779.99,-108.71,-206.2
2020-11-24,22,SABINAS,429.27,747.21,-109.9,-208.05
2020-11-24,23,SABINAS,407.91,750.23,-111.17,-231.16
2020-11-24,24,SABINAS,439.6,511.58,-71.98,0
2020-11-24,1,SALTILLO,410.51,462.88,-52.37,0
2020-11-24,2,SALTILLO,402.54,450.93,-48.39,0
2020-11-24,3,SALTILLO,392.52,439.66,-47.14,0
2020-11-24,4,SALTILLO,387,434.16,-47.16,0
2020-11-24,5,SALTILLO,387.36,433.99,-46.63,0
2020-11-24,6,SALTILLO,399.34,447.31,-47.97,0
2020-11-24,7,SALTILLO,409.71,459.24,-49.54,0
2020-11-24,8,SALTILLO,428.53,475.49,-46.96,0
2020-11-24,9,SALTILLO,423,472.34,-49.34,0
2020-11-24,10,SALTILLO,405.08,462.53,-51.84,-5.61
2020-11-24,11,SALTILLO,405.56,464.98,-53.19,-6.24
2020-11-24,12,SALTILLO,426.72,490.39,-55.55,-8.13
2020-11-24,13,SALTILLO,440.09,494.21,-52.56,-1.56
2020-11-24,14,SALTILLO,447.94,501,-51.33,-1.74
2020-11-24,15,SALTILLO,439.15,494.96,-54.4,-1.41
2020-11-24,16,SALTILLO,441.07,499.8,-57.03,-1.69
2020-11-24,17,SALTILLO,525.7,606.6,-75.61,-5.28
2020-11-24,18,SALTILLO,580.65,769.51,-90.74,-98.12
2020-11-24,19,SALTILLO,484.97,852.21,-98.89,-268.35
2020-11-24,20,SALTILLO,439.39,797.72,-90.15,-268.18
2020-11-24,21,SALTILLO,474.03,779.99,-90.54,-215.43
2020-11-24,22,SALTILLO,429.32,747.21,-87.69,-230.2
2020-11-24,23,SALTILLO,406.03,750.23,-88.49,-255.71
2020-11-24,24,SALTILLO,452.28,511.58,-59.3,0
2020-11-24,1,SALVATIERRA,474.05,462.88,11.17,0
2020-11-24,2,SALVATIERRA,460.19,450.93,9.27,0
2020-11-24,3,SALVATIERRA,448.19,439.66,8.53,0
2020-11-24,4,SALVATIERRA,442.43,434.16,8.27,0
2020-11-24,5,SALVATIERRA,441.89,433.99,7.9,0
2020-11-24,6,SALVATIERRA,456.5,447.31,9.19,0
2020-11-24,7,SALVATIERRA,470.85,459.24,11.61,0
2020-11-24,8,SALVATIERRA,489.23,475.49,13.74,0
2020-11-24,9,SALVATIERRA,488.03,472.34,15.69,0
2020-11-24,10,SALVATIERRA,478.23,462.53,15.3,.39
2020-11-24,11,SALVATIERRA,480.15,464.98,14.73,.43
2020-11-24,12,SALVATIERRA,506.56,490.39,15.62,.55
2020-11-24,13,SALVATIERRA,512.71,494.21,18.4,.11
2020-11-24,14,SALVATIERRA,519.15,501,18.03,.11
2020-11-24,15,SALVATIERRA,513.68,494.96,18.63,.09
2020-11-24,16,SALVATIERRA,518.35,499.8,18.44,.11
2020-11-24,17,SALVATIERRA,629.93,606.59,22.98,.35
2020-11-24,18,SALVATIERRA,774.83,769.51,28.74,-23.43
2020-11-24,19,SALVATIERRA,861.56,852.21,33.09,-23.74
2020-11-24,20,SALVATIERRA,812.99,797.72,34.06,-18.8
2020-11-24,21,SALVATIERRA,792.45,779.99,31.76,-19.3
2020-11-24,22,SALVATIERRA,783.82,747.21,29.01,7.6
2020-11-24,23,SALVATIERRA,784.58,750.23,25.88,8.47
2020-11-24,24,SALVATIERRA,527,511.58,15.42,0
2020-11-24,1,SAN CRISTOBAL,492.65,462.88,29.77,0
2020-11-24,2,SAN CRISTOBAL,474.97,450.93,24.04,0
2020-11-24,3,SAN CRISTOBAL,461.85,439.66,22.19,0
2020-11-24,4,SAN CRISTOBAL,454.75,434.16,20.6,0
2020-11-24,5,SAN CRISTOBAL,454.8,433.99,20.81,0
2020-11-24,6,SAN CRISTOBAL,470.63,447.31,23.31,0
2020-11-24,7,SAN CRISTOBAL,481.25,459.24,22.01,0
2020-11-24,8,SAN CRISTOBAL,493.6,475.49,18.11,0
2020-11-24,9,SAN CRISTOBAL,495.48,472.34,23.14,0
2020-11-24,10,SAN CRISTOBAL,490,462.53,27.64,-.17
2020-11-24,11,SAN CRISTOBAL,494.03,464.98,29.24,-.19
2020-11-24,12,SAN CRISTOBAL,522.2,490.39,32.06,-.25
2020-11-24,13,SAN CRISTOBAL,524.62,494.21,30.47,-.06
2020-11-24,14,SAN CRISTOBAL,533.46,501,32.52,-.06
2020-11-24,15,SAN CRISTOBAL,530.22,494.96,35.31,-.05
2020-11-24,16,SAN CRISTOBAL,539.36,499.8,39.62,-.06
2020-11-24,17,SAN CRISTOBAL,652.94,606.6,46.54,-.19
2020-11-24,18,SAN CRISTOBAL,781.94,769.51,60.24,-47.81
2020-11-24,19,SAN CRISTOBAL,858.52,852.21,71.99,-65.68
2020-11-24,20,SAN CRISTOBAL,809.5,797.72,68.73,-56.96
2020-11-24,21,SAN CRISTOBAL,804.24,779.99,76.99,-52.74
2020-11-24,22,SAN CRISTOBAL,831.64,747.21,94.62,-10.19
2020-11-24,23,SAN CRISTOBAL,837.49,750.23,98.59,-11.32
2020-11-24,24,SAN CRISTOBAL,571.92,511.58,60.34,0
2020-11-24,1,SAN JUAN DEL RIO,479.44,462.88,16.55,0
2020-11-24,2,SAN JUAN DEL RIO,467.7,450.93,16.77,0
2020-11-24,3,SAN JUAN DEL RIO,455.51,439.66,15.85,0
2020-11-24,4,SAN JUAN DEL RIO,449.65,434.16,15.5,0
2020-11-24,5,SAN JUAN DEL RIO,449.99,433.99,16,0
2020-11-24,6,SAN JUAN DEL RIO,464.29,447.31,16.98,0
2020-11-24,7,SAN JUAN DEL RIO,477.58,459.24,18.34,0
2020-11-24,8,SAN JUAN DEL RIO,494.65,475.49,19.16,0
2020-11-24,9,SAN JUAN DEL RIO,492.38,472.34,20.04,0
2020-11-24,10,SAN JUAN DEL RIO,482.48,462.53,19.99,-.04
2020-11-24,11,SAN JUAN DEL RIO,483.08,464.98,18.15,-.05
2020-11-24,12,SAN JUAN DEL RIO,508.51,490.39,18.19,-.06
2020-11-24,13,SAN JUAN DEL RIO,511.88,494.21,17.68,-.01
2020-11-24,14,SAN JUAN DEL RIO,519.07,501,18.08,-.01
2020-11-24,15,SAN JUAN DEL RIO,513.08,494.96,18.13,-.01
2020-11-24,16,SAN JUAN DEL RIO,518.17,499.8,18.38,-.01
2020-11-24,17,SAN JUAN DEL RIO,628.31,606.6,21.74,-.03
2020-11-24,18,SAN JUAN DEL RIO,771.36,769.51,23.9,-22.06
2020-11-24,19,SAN JUAN DEL RIO,848.27,852.21,23.18,-27.12
2020-11-24,20,SAN JUAN DEL RIO,796.21,797.72,21.45,-22.96
2020-11-24,21,SAN JUAN DEL RIO,778.98,779.99,20.96,-21.97
2020-11-24,22,SAN JUAN DEL RIO,765.48,747.21,18.3,-.02
2020-11-24,23,SAN JUAN DEL RIO,775.56,750.23,25.36,-.03
2020-11-24,24,SAN JUAN DEL RIO,528.48,511.58,16.9,0
2020-11-24,1,SAN LUIS POTOSI,454.71,462.88,-8.17,0
2020-11-24,2,SAN LUIS POTOSI,444.86,450.93,-6.07,0
2020-11-24,3,SAN LUIS POTOSI,434.32,439.66,-5.34,0
2020-11-24,4,SAN LUIS POTOSI,428.2,434.16,-5.95,0
2020-11-24,5,SAN LUIS POTOSI,428.04,433.99,-5.95,0
2020-11-24,6,SAN LUIS POTOSI,441.5,447.31,-5.82,0
2020-11-24,7,SAN LUIS POTOSI,451.62,459.24,-7.62,0
2020-11-24,8,SAN LUIS POTOSI,467.3,475.49,-8.19,0
2020-11-24,9,SAN LUIS POTOSI,460.17,472.34,-12.17,0
2020-11-24,10,SAN LUIS POTOSI,446.76,462.53,-15.31,-.46
2020-11-24,11,SAN LUIS POTOSI,448.38,464.98,-16.1,-.5
2020-11-24,12,SAN LUIS POTOSI,473.09,490.39,-16.65,-.66
2020-11-24,13,SAN LUIS POTOSI,478.45,494.21,-15.69,-.08
2020-11-24,14,SAN LUIS POTOSI,485.66,501.01,-15.26,-.08
2020-11-24,15,SAN LUIS POTOSI,478.94,494.96,-15.95,-.07
2020-11-24,16,SAN LUIS POTOSI,483.02,499.8,-16.69,-.09
2020-11-24,17,SAN LUIS POTOSI,586.03,606.6,-20.31,-.26
2020-11-24,18,SAN LUIS POTOSI,683.71,769.51,-18.38,-67.43
2020-11-24,19,SAN LUIS POTOSI,760.27,852.21,-20.41,-71.53
2020-11-24,20,SAN LUIS POTOSI,720.49,797.72,-19.58,-57.65
2020-11-24,21,SAN LUIS POTOSI,701.64,779.99,-20.21,-58.14
2020-11-24,22,SAN LUIS POTOSI,742.85,747.21,-20.8,16.44
2020-11-24,23,SAN LUIS POTOSI,747.98,750.23,-20.51,18.26
2020-11-24,24,SAN LUIS POTOSI,500.32,511.58,-11.26,0
2020-11-24,1,SAN MARTIN,476.4,462.88,13.52,0
2020-11-24,2,SAN MARTIN,461.11,450.93,10.19,0
2020-11-24,3,SAN MARTIN,449,439.66,9.34,0
2020-11-24,4,SAN MARTIN,442.84,434.16,8.68,0
2020-11-24,5,SAN MARTIN,442.99,433.99,9,0
2020-11-24,6,SAN MARTIN,457.7,447.31,10.39,0
2020-11-24,7,SAN MARTIN,470.16,459.24,10.92,0
2020-11-24,8,SAN MARTIN,486.34,475.49,10.85,0
2020-11-24,9,SAN MARTIN,486.87,472.34,14.53,0
2020-11-24,10,SAN MARTIN,480.41,462.53,18.04,-.16
2020-11-24,11,SAN MARTIN,484.22,464.98,19.41,-.18
2020-11-24,12,SAN MARTIN,510.73,490.39,20.57,-.23
2020-11-24,13,SAN MARTIN,513.38,494.21,19.22,-.05
2020-11-24,14,SAN MARTIN,521.25,501,20.3,-.06
2020-11-24,15,SAN MARTIN,515.71,494.96,20.8,-.05
2020-11-24,16,SAN MARTIN,522.48,499.8,22.74,-.06
2020-11-24,17,SAN MARTIN,634.89,606.59,28.47,-.17
2020-11-24,18,SAN MARTIN,756.88,769.51,32.92,-45.55
2020-11-24,19,SAN MARTIN,826.7,852.21,37.07,-62.57
2020-11-24,20,SAN MARTIN,777.33,797.72,34.19,-54.58
2020-11-24,21,SAN MARTIN,765.56,779.99,36.11,-50.54
2020-11-24,22,SAN MARTIN,775.68,747.21,38.23,-9.76
2020-11-24,23,SAN MARTIN,778.02,750.23,38.63,-10.84
2020-11-24,24,SAN MARTIN,536.87,511.58,25.29,0
2020-11-24,1,TAMPICO,432.72,462.88,-30.16,0
2020-11-24,2,TAMPICO,425.86,450.93,-25.07,0
2020-11-24,3,TAMPICO,416.31,439.66,-23.35,0
2020-11-24,4,TAMPICO,410.97,434.16,-23.19,0
2020-11-24,5,TAMPICO,411.05,433.99,-22.94,0
2020-11-24,6,TAMPICO,423.41,447.31,-23.9,0
2020-11-24,7,TAMPICO,431.45,459.24,-27.79,0
2020-11-24,8,TAMPICO,445.12,475.49,-30.37,0
2020-11-24,9,TAMPICO,441.82,472.34,-30.52,0
2020-11-24,10,TAMPICO,430.54,462.53,-30.84,-1.15
2020-11-24,11,TAMPICO,433.13,464.98,-30.57,-1.29
2020-11-24,12,TAMPICO,454.51,490.39,-34.2,-1.68
2020-11-24,13,TAMPICO,458.97,494.21,-34.89,-.34
2020-11-24,14,TAMPICO,466.09,501,-34.54,-.38
2020-11-24,15,TAMPICO,460.28,494.96,-34.37,-.31
2020-11-24,16,TAMPICO,464.07,499.8,-35.36,-.37
2020-11-24,17,TAMPICO,561.22,606.59,-44.23,-1.14
2020-11-24,18,TAMPICO,571.2,769.51,-56.31,-142.01
2020-11-24,19,TAMPICO,588.27,852.21,-66.34,-197.59
2020-11-24,20,TAMPICO,559.24,797.72,-63.84,-174.64
2020-11-24,21,TAMPICO,556.13,779.99,-63.13,-160.73
2020-11-24,22,TAMPICO,650.6,747.21,-59.79,-36.82
2020-11-24,23,TAMPICO,650.52,750.23,-59.05,-40.66
2020-11-24,24,TAMPICO,473.73,511.58,-37.85,0
2020-11-24,1,TAPACHULA,474.13,462.88,11.25,0
2020-11-24,2,TAPACHULA,457.28,450.93,6.35,0
2020-11-24,3,TAPACHULA,444.35,439.66,4.69,0
2020-11-24,4,TAPACHULA,437.71,434.16,3.55,0
2020-11-24,5,TAPACHULA,437.11,433.99,3.12,0
2020-11-24,6,TAPACHULA,450.93,447.31,3.62,0
2020-11-24,7,TAPACHULA,461.01,459.24,1.77,0
2020-11-24,8,TAPACHULA,475.19,475.49,-.3,0
2020-11-24,9,TAPACHULA,480.05,472.34,7.71,0
2020-11-24,10,TAPACHULA,476.2,462.53,13.83,-.17
2020-11-24,11,TAPACHULA,481.16,464.98,16.37,-.19
2020-11-24,12,TAPACHULA,510.19,490.39,20.05,-.25
2020-11-24,13,TAPACHULA,513.44,494.21,19.29,-.06
2020-11-24,14,TAPACHULA,521.91,501,20.96,-.06
2020-11-24,15,TAPACHULA,518.65,494.96,23.74,-.05
2020-11-24,16,TAPACHULA,527.65,499.8,27.91,-.06
2020-11-24,17,TAPACHULA,637.67,606.59,31.26,-.19
2020-11-24,18,TAPACHULA,754.04,769.51,32.34,-47.81
2020-11-24,19,TAPACHULA,814.19,852.21,27.65,-65.67
2020-11-24,20,TAPACHULA,768.14,797.72,27.38,-56.95
2020-11-24,21,TAPACHULA,764.56,779.99,37.3,-52.73
2020-11-24,22,TAPACHULA,794.36,747.21,57.34,-10.19
2020-11-24,23,TAPACHULA,806.86,750.23,67.95,-11.32
2020-11-24,24,TAPACHULA,554.18,511.58,42.6,0
2020-11-24,1,TECAMACHALCO,476.08,462.88,13.2,0
2020-11-24,2,TECAMACHALCO,460.63,450.93,9.7,0
2020-11-24,3,TECAMACHALCO,448,439.66,8.34,0
2020-11-24,4,TECAMACHALCO,441.87,434.16,7.71,0
2020-11-24,5,TECAMACHALCO,442.4,433.99,8.41,0
2020-11-24,6,TECAMACHALCO,457.34,447.31,10.03,0
2020-11-24,7,TECAMACHALCO,469.79,459.24,10.55,0
2020-11-24,8,TECAMACHALCO,485.99,475.49,10.5,0
2020-11-24,9,TECAMACHALCO,486.86,472.34,14.52,0
2020-11-24,10,TECAMACHALCO,480.88,462.53,18.53,-.18
2020-11-24,11,TECAMACHALCO,484.95,464.98,20.17,-.2
2020-11-24,12,TECAMACHALCO,511.61,490.39,21.48,-.26
2020-11-24,13,TECAMACHALCO,514.07,494.21,19.92,-.06
2020-11-24,14,TECAMACHALCO,521.81,501,20.87,-.07
2020-11-24,15,TECAMACHALCO,516.44,494.96,21.53,-.05
2020-11-24,16,TECAMACHALCO,523.01,499.8,23.27,-.06
2020-11-24,17,TECAMACHALCO,635.58,606.59,29.18,-.19
2020-11-24,18,TECAMACHALCO,756.14,769.51,34.83,-48.2
2020-11-24,19,TECAMACHALCO,825.79,852.21,39.92,-66.33
2020-11-24,20,TECAMACHALCO,777.35,797.72,37.56,-57.93
2020-11-24,21,TECAMACHALCO,766.54,779.99,40.11,-53.57
2020-11-24,22,TECAMACHALCO,779.7,747.21,42.89,-10.4
2020-11-24,23,TECAMACHALCO,781.65,750.23,42.98,-11.56
2020-11-24,24,TECAMACHALCO,539.08,511.58,27.51,0
2020-11-24,1,TEHUACAN,485.13,462.88,22.25,0
2020-11-24,2,TEHUACAN,469.24,450.93,18.32,0
2020-11-24,3,TEHUACAN,456.51,439.66,16.85,0
2020-11-24,4,TEHUACAN,450.36,434.16,16.2,0
2020-11-24,5,TEHUACAN,450.74,433.99,16.75,0
2020-11-24,6,TEHUACAN,465.7,447.31,18.39,0
2020-11-24,7,TEHUACAN,478.49,459.24,19.25,0
2020-11-24,8,TEHUACAN,495.21,475.49,19.72,0
2020-11-24,9,TEHUACAN,496.81,472.34,24.47,0
2020-11-24,10,TEHUACAN,491.04,462.53,28.68,-.17
2020-11-24,11,TEHUACAN,495.27,464.98,30.48,-.19
2020-11-24,12,TEHUACAN,523,490.39,32.87,-.25
2020-11-24,13,TEHUACAN,525.89,494.21,31.73,-.06
2020-11-24,14,TEHUACAN,533.63,501,32.69,-.06
2020-11-24,15,TEHUACAN,528.31,494.96,33.41,-.05
2020-11-24,16,TEHUACAN,534.86,499.8,35.13,-.06
2020-11-24,17,TEHUACAN,649.68,606.59,43.27,-.19
2020-11-24,18,TEHUACAN,773.57,769.51,51.6,-47.54
2020-11-24,19,TEHUACAN,846.13,852.21,59.24,-65.32
2020-11-24,20,TEHUACAN,798.65,797.72,57.98,-57.05
2020-11-24,21,TEHUACAN,788.4,779.99,61.22,-52.82
2020-11-24,22,TEHUACAN,801.84,747.21,64.87,-10.24
2020-11-24,23,TEHUACAN,804.28,750.23,65.42,-11.38
2020-11-24,24,TEHUACAN,553.9,511.58,42.32,0
2020-11-24,1,TEHUANTEPEC,445.75,462.88,-17.13,0
2020-11-24,2,TEHUANTEPEC,429.95,450.93,-20.98,0
2020-11-24,3,TEHUANTEPEC,417.05,439.66,-22.61,0
2020-11-24,4,TEHUANTEPEC,410.48,434.16,-23.68,0
2020-11-24,5,TEHUANTEPEC,412.58,433.99,-21.41,0
2020-11-24,6,TEHUANTEPEC,435.08,447.31,-12.23,0
2020-11-24,7,TEHUANTEPEC,445.75,459.24,-13.49,0
2020-11-24,8,TEHUANTEPEC,453.94,475.49,-21.55,0
2020-11-24,9,TEHUANTEPEC,446.8,472.34,-25.54,0
2020-11-24,10,TEHUANTEPEC,440.82,462.53,-21.55,-.17
2020-11-24,11,TEHUANTEPEC,444.34,464.98,-20.46,-.19
2020-11-24,12,TEHUANTEPEC,469.41,490.39,-20.74,-.25
2020-11-24,13,TEHUANTEPEC,473.28,494.21,-20.87,-.06
2020-11-24,14,TEHUANTEPEC,483.57,501,-17.37,-.06
2020-11-24,15,TEHUANTEPEC,483.91,494.96,-10.99,-.05
2020-11-24,16,TEHUANTEPEC,493.96,499.8,-5.77,-.06
2020-11-24,17,TEHUANTEPEC,600.77,606.59,-5.64,-.19
2020-11-24,18,TEHUANTEPEC,716.24,769.51,-5.5,-47.77
2020-11-24,19,TEHUANTEPEC,787.69,852.21,1.08,-65.6
2020-11-24,20,TEHUANTEPEC,750.55,797.72,9.71,-56.88
2020-11-24,21,TEHUANTEPEC,750.54,779.99,23.22,-52.67
2020-11-24,22,TEHUANTEPEC,780.63,747.21,43.56,-10.14
2020-11-24,23,TEHUANTEPEC,789.84,750.23,50.88,-11.27
2020-11-24,24,TEHUANTEPEC,545.85,511.58,34.27,0
2020-11-24,1,TEPIC VALLARTA,470.68,462.88,7.79,0
2020-11-24,2,TEPIC VALLARTA,455.95,450.93,5.02,0
2020-11-24,3,TEPIC VALLARTA,443.45,439.66,3.79,0
2020-11-24,4,TEPIC VALLARTA,436.5,434.16,2.34,0
2020-11-24,5,TEPIC VALLARTA,435.23,433.99,1.24,0
2020-11-24,6,TEPIC VALLARTA,448.23,447.31,.92,0
2020-11-24,7,TEPIC VALLARTA,461.01,459.24,1.77,0
2020-11-24,8,TEPIC VALLARTA,477.27,475.49,1.78,0
2020-11-24,9,TEPIC VALLARTA,471.93,472.34,-.41,0
2020-11-24,10,TEPIC VALLARTA,464.85,462.53,-4.56,6.87
2020-11-24,11,TEPIC VALLARTA,469.51,464.98,-3.12,7.65
2020-11-24,12,TEPIC VALLARTA,499.64,490.39,-.72,9.96
2020-11-24,13,TEPIC VALLARTA,497.32,494.21,1.56,1.55
2020-11-24,14,TEPIC VALLARTA,506.83,501,4.1,1.73
2020-11-24,15,TEPIC VALLARTA,499.1,494.96,2.75,1.4
2020-11-24,16,TEPIC VALLARTA,505.56,499.8,4.09,1.68
2020-11-24,17,TEPIC VALLARTA,615.72,606.6,3.9,5.23
2020-11-24,18,TEPIC VALLARTA,722.19,769.51,1.04,-48.36
2020-11-24,19,TEPIC VALLARTA,779.53,852.21,.23,-72.91
2020-11-24,20,TEPIC VALLARTA,739.18,797.72,5.77,-64.31
2020-11-24,21,TEPIC VALLARTA,722.97,779.99,1.85,-58.88
2020-11-24,22,TEPIC VALLARTA,744.38,747.21,12.43,-15.26
2020-11-24,23,TEPIC VALLARTA,749.42,750.23,16.19,-17.01
2020-11-24,24,TEPIC VALLARTA,520.41,511.58,8.83,0
2020-11-24,1,TEZIUTLAN,469.92,462.88,7.04,0
2020-11-24,2,TEZIUTLAN,456.41,450.93,5.49,0
2020-11-24,3,TEZIUTLAN,443.61,439.66,3.95,0
2020-11-24,4,TEZIUTLAN,437.68,434.16,3.52,0
2020-11-24,5,TEZIUTLAN,438.76,433.99,4.77,0
2020-11-24,6,TEZIUTLAN,452.59,447.31,5.28,0
2020-11-24,7,TEZIUTLAN,463.45,459.24,4.21,0
2020-11-24,8,TEZIUTLAN,477.92,475.49,2.43,0
2020-11-24,9,TEZIUTLAN,475.74,472.34,3.4,0
2020-11-24,10,TEZIUTLAN,470.07,462.53,7.88,-.34
2020-11-24,11,TEZIUTLAN,473.74,464.98,9.14,-.39
2020-11-24,12,TEZIUTLAN,497.47,490.39,7.58,-.5
2020-11-24,13,TEZIUTLAN,500.08,494.21,5.98,-.11
2020-11-24,14,TEZIUTLAN,507.67,501,6.79,-.12
2020-11-24,15,TEZIUTLAN,502.09,494.96,7.23,-.1
2020-11-24,16,TEZIUTLAN,508.21,499.8,8.52,-.11
2020-11-24,17,TEZIUTLAN,618.09,606.6,11.84,-.35
2020-11-24,18,TEZIUTLAN,723.5,769.51,16.82,-62.84
2020-11-24,19,TEZIUTLAN,784.37,852.21,19.62,-87.46
2020-11-24,20,TEZIUTLAN,735.45,797.72,14.43,-76.7
2020-11-24,21,TEZIUTLAN,724.46,779.99,15.32,-70.85
2020-11-24,22,TEZIUTLAN,747.48,747.21,14.95,-14.68
2020-11-24,23,TEZIUTLAN,747.48,750.23,13.52,-16.27
2020-11-24,24,TEZIUTLAN,521.27,511.58,9.69,0
2020-11-24,1,TICUL,488.69,462.88,25.81,0
2020-11-24,2,TICUL,471.14,450.93,20.21,0
2020-11-24,3,TICUL,463.18,439.66,23.52,0
2020-11-24,4,TICUL,454.69,434.16,20.53,0
2020-11-24,5,TICUL,452.95,433.99,18.96,0
2020-11-24,6,TICUL,464.38,447.31,17.07,0
2020-11-24,7,TICUL,472.02,459.24,12.78,0
2020-11-24,8,TICUL,484.67,475.49,9.18,0
2020-11-24,9,TICUL,489.57,472.34,17.23,0
2020-11-24,10,TICUL,488.38,462.53,26.02,-.17
2020-11-24,11,TICUL,493.06,464.98,28.27,-.19
2020-11-24,12,TICUL,520.64,490.39,30.5,-.25
2020-11-24,13,TICUL,522.12,494.21,27.97,-.06
2020-11-24,14,TICUL,529.53,501,28.59,-.06
2020-11-24,15,TICUL,526.2,494.96,31.29,-.05
2020-11-24,16,TICUL,535.9,499.8,36.16,-.06
2020-11-24,17,TICUL,650.02,606.59,43.61,-.19
2020-11-24,18,TICUL,778.48,769.51,56.78,-47.82
2020-11-24,19,TICUL,843.02,852.21,56.49,-65.68
2020-11-24,20,TICUL,789.02,797.72,48.26,-56.96
2020-11-24,21,TICUL,782.67,779.99,55.42,-52.74
2020-11-24,22,TICUL,812.45,747.21,75.44,-10.19
2020-11-24,23,TICUL,822.04,750.23,83.14,-11.33
2020-11-24,24,TICUL,562.83,511.58,51.25,0
2020-11-24,1,TLAXCALA,476.4,462.88,13.52,0
2020-11-24,2,TLAXCALA,461.43,450.93,10.5,0
2020-11-24,3,TLAXCALA,448.9,439.66,9.24,0
2020-11-24,4,TLAXCALA,442.82,434.16,8.66,0
2020-11-24,5,TLAXCALA,443.82,433.99,9.83,0
2020-11-24,6,TLAXCALA,458.42,447.31,11.11,0
2020-11-24,7,TLAXCALA,470.78,459.24,11.54,0
2020-11-24,8,TLAXCALA,486.03,475.49,10.54,0
2020-11-24,9,TLAXCALA,484.65,472.34,12.31,0
2020-11-24,10,TLAXCALA,477.9,462.53,15.55,-.18
2020-11-24,11,TLAXCALA,481.84,464.98,17.07,-.21
2020-11-24,12,TLAXCALA,508.07,490.39,17.95,-.27
2020-11-24,13,TLAXCALA,510.34,494.21,16.2,-.06
2020-11-24,14,TLAXCALA,517.85,501,16.91,-.07
2020-11-24,15,TLAXCALA,512.03,494.96,17.12,-.06
2020-11-24,16,TLAXCALA,518.79,499.8,19.05,-.06
2020-11-24,17,TLAXCALA,632.13,606.59,25.74,-.2
2020-11-24,18,TLAXCALA,754.38,769.51,32.95,-48.09
2020-11-24,19,TLAXCALA,823.85,852.21,37.83,-66.18
2020-11-24,20,TLAXCALA,772.89,797.72,32.91,-57.74
2020-11-24,21,TLAXCALA,761,779.99,34.45,-53.44
2020-11-24,22,TLAXCALA,772.07,747.21,35.31,-10.45
2020-11-24,23,TLAXCALA,773.38,750.23,34.75,-11.6
2020-11-24,24,TLAXCALA,534.69,511.58,23.12,0
2020-11-24,1,TUXTLA,470.77,462.88,7.89,0
2020-11-24,2,TUXTLA,454.38,450.93,3.46,0
2020-11-24,3,TUXTLA,441.97,439.66,2.31,0
2020-11-24,4,TUXTLA,435.18,434.16,1.03,0
2020-11-24,5,TUXTLA,434.84,433.99,.85,0
2020-11-24,6,TUXTLA,448.72,447.31,1.41,0
2020-11-24,7,TUXTLA,458.75,459.24,-.49,0
2020-11-24,8,TUXTLA,472.55,475.49,-2.94,0
2020-11-24,9,TUXTLA,475.53,472.34,3.19,0
2020-11-24,10,TUXTLA,471.29,462.53,8.93,-.17
2020-11-24,11,TUXTLA,475.83,464.98,11.04,-.19
2020-11-24,12,TUXTLA,503.34,490.39,13.21,-.25
2020-11-24,13,TUXTLA,505.66,494.21,11.51,-.06
2020-11-24,14,TUXTLA,514.05,501,13.11,-.06
2020-11-24,15,TUXTLA,510.95,494.96,16.04,-.05
2020-11-24,16,TUXTLA,519.25,499.8,19.51,-.06
2020-11-24,17,TUXTLA,627.37,606.59,20.97,-.19
2020-11-24,18,TUXTLA,741.6,769.51,19.9,-47.81
2020-11-24,19,TUXTLA,797.97,852.21,11.43,-65.67
2020-11-24,20,TUXTLA,752.25,797.72,11.48,-56.95
2020-11-24,21,TUXTLA,750.84,779.99,23.58,-52.74
2020-11-24,22,TUXTLA,784.92,747.21,47.9,-10.19
2020-11-24,23,TUXTLA,796.33,750.23,57.41,-11.32
2020-11-24,24,TUXTLA,547.94,511.58,36.36,0
2020-11-24,1,URUAPAN,478.95,462.88,16.07,0
2020-11-24,2,URUAPAN,464.23,450.93,13.31,0
2020-11-24,3,URUAPAN,451.94,439.66,12.28,0
2020-11-24,4,URUAPAN,445.79,434.16,11.63,0
2020-11-24,5,URUAPAN,444.62,433.99,10.63,0
2020-11-24,6,URUAPAN,459.73,447.31,12.41,0
2020-11-24,7,URUAPAN,474.59,459.24,15.35,0
2020-11-24,8,URUAPAN,492.69,475.49,17.2,0
2020-11-24,9,URUAPAN,492.02,472.34,19.68,0
2020-11-24,10,URUAPAN,482.86,462.53,19.29,1.05
2020-11-24,11,URUAPAN,486.58,464.98,20.43,1.17
2020-11-24,12,URUAPAN,516.17,490.39,24.26,1.52
2020-11-24,13,URUAPAN,520.25,494.21,25.78,.25
2020-11-24,14,URUAPAN,529.07,501,27.78,.28
2020-11-24,15,URUAPAN,521.71,494.96,26.52,.23
2020-11-24,16,URUAPAN,526.21,499.8,26.14,.27
2020-11-24,17,URUAPAN,639.16,606.6,31.71,.85
2020-11-24,18,URUAPAN,772.9,769.51,36.12,-32.74
2020-11-24,19,URUAPAN,857.06,852.21,39.86,-35
2020-11-24,20,URUAPAN,810.63,797.72,40.97,-28.06
2020-11-24,21,URUAPAN,789.24,779.99,37.69,-28.45
2020-11-24,22,URUAPAN,790.74,747.21,34.86,8.67
2020-11-24,23,URUAPAN,793.42,750.23,33.56,9.63
2020-11-24,24,URUAPAN,532.44,511.58,20.86,0
2020-11-24,1,VDM CENTRO,481.73,462.88,18.85,0
2020-11-24,2,VDM CENTRO,466.33,450.93,15.4,0
2020-11-24,3,VDM CENTRO,453.92,439.66,14.26,0
2020-11-24,4,VDM CENTRO,447.77,434.16,13.62,0
2020-11-24,5,VDM CENTRO,447.87,433.99,13.88,0
2020-11-24,6,VDM CENTRO,462.92,447.31,15.61,0
2020-11-24,7,VDM CENTRO,476.32,459.24,17.08,0
2020-11-24,8,VDM CENTRO,493.29,475.49,17.8,0
2020-11-24,9,VDM CENTRO,493.64,472.34,21.3,0
2020-11-24,10,VDM CENTRO,487.07,462.53,24.63,-.09
2020-11-24,11,VDM CENTRO,490.96,464.98,26.08,-.1
2020-11-24,12,VDM CENTRO,517.96,490.39,27.71,-.14
2020-11-24,13,VDM CENTRO,520.88,494.21,26.7,-.03
2020-11-24,14,VDM CENTRO,528.52,501.01,27.56,-.04
2020-11-24,15,VDM CENTRO,522.31,494.96,27.38,-.03
2020-11-24,16,VDM CENTRO,529.29,499.8,29.53,-.03
2020-11-24,17,VDM CENTRO,643.31,606.6,36.82,-.11
2020-11-24,18,VDM CENTRO,772.7,769.51,43.39,-40.21
2020-11-24,19,VDM CENTRO,846.8,852.21,49.52,-54.93
2020-11-24,20,VDM CENTRO,794.44,797.72,44.63,-47.91
2020-11-24,21,VDM CENTRO,780.42,779.99,44.88,-44.46
2020-11-24,22,VDM CENTRO,782.18,747.21,43.12,-8.15
2020-11-24,23,VDM CENTRO,782.79,750.23,41.6,-9.05
2020-11-24,24,VDM CENTRO,538.79,511.58,27.21,0
2020-11-24,1,VDM NORTE,481.05,462.88,18.17,0
2020-11-24,2,VDM NORTE,465.95,450.93,15.02,0
2020-11-24,3,VDM NORTE,453.75,439.66,14.09,0
2020-11-24,4,VDM NORTE,447.63,434.16,13.48,0
2020-11-24,5,VDM NORTE,447.71,433.99,13.72,0
2020-11-24,6,VDM NORTE,462.57,447.31,15.25,0
2020-11-24,7,VDM NORTE,475.89,459.24,16.65,0
2020-11-24,8,VDM NORTE,492.6,475.49,17.11,0
2020-11-24,9,VDM NORTE,492.63,472.34,20.29,0
2020-11-24,10,VDM NORTE,485.76,462.53,23.31,-.09
2020-11-24,11,VDM NORTE,489.46,464.98,24.57,-.1
2020-11-24,12,VDM NORTE,516.21,490.39,25.95,-.13
2020-11-24,13,VDM NORTE,519.08,494.21,24.9,-.03
2020-11-24,14,VDM NORTE,526.62,501.01,25.65,-.04
2020-11-24,15,VDM NORTE,520.31,494.96,25.38,-.03
2020-11-24,16,VDM NORTE,527.35,499.8,27.58,-.03
2020-11-24,17,VDM NORTE,640.92,606.59,34.43,-.11
2020-11-24,18,VDM NORTE,770.27,769.51,40.01,-39.25
2020-11-24,19,VDM NORTE,843.75,852.21,45.12,-53.58
2020-11-24,20,VDM NORTE,791.64,797.72,40.64,-46.71
2020-11-24,21,VDM NORTE,777.55,779.99,40.89,-43.33
2020-11-24,22,VDM NORTE,778.34,747.21,39.05,-7.92
2020-11-24,23,VDM NORTE,779.41,750.23,37.98,-8.8
2020-11-24,24,VDM NORTE,536.96,511.58,25.39,0
2020-11-24,1,VDM SUR,484.78,462.88,21.9,0
2020-11-24,2,VDM SUR,469.36,450.93,18.43,0
2020-11-24,3,VDM SUR,456.91,439.66,17.25,0
2020-11-24,4,VDM SUR,450.76,434.16,16.6,0
2020-11-24,5,VDM SUR,450.8,433.99,16.81,0
2020-11-24,6,VDM SUR,465.89,447.31,18.58,0
2020-11-24,7,VDM SUR,479.38,459.24,20.14,0
2020-11-24,8,VDM SUR,496.44,475.49,20.95,0
2020-11-24,9,VDM SUR,496.75,472.34,24.41,0
2020-11-24,10,VDM SUR,490.12,462.53,27.66,-.07
2020-11-24,11,VDM SUR,493.96,464.98,29.06,-.08
2020-11-24,12,VDM SUR,521.22,490.39,30.93,-.1
2020-11-24,13,VDM SUR,524.08,494.21,29.9,-.03
2020-11-24,14,VDM SUR,531.81,501,30.84,-.03
2020-11-24,15,VDM SUR,525.46,494.96,30.53,-.02
2020-11-24,16,VDM SUR,531.93,499.8,32.16,-.03
2020-11-24,17,VDM SUR,646.4,606.6,39.9,-.09
2020-11-24,18,VDM SUR,776.54,769.51,46.98,-39.96
2020-11-24,19,VDM SUR,851.05,852.21,53.3,-54.46
2020-11-24,20,VDM SUR,799.18,797.72,48.91,-47.45
2020-11-24,21,VDM SUR,785.09,779.99,49.14,-44.05
2020-11-24,22,VDM SUR,786.67,747.21,47.32,-7.87
2020-11-24,23,VDM SUR,787.84,750.23,46.34,-8.73
2020-11-24,24,VDM SUR,542.22,511.58,30.64,0
2020-11-24,1,VERACRUZ,468.83,462.88,5.94,0
2020-11-24,2,VERACRUZ,453.81,450.93,2.89,0
2020-11-24,3,VERACRUZ,441.51,439.66,1.85,0
2020-11-24,4,VERACRUZ,434.97,434.16,.81,0
2020-11-24,5,VERACRUZ,435.05,433.99,1.06,0
2020-11-24,6,VERACRUZ,448.66,447.31,1.35,0
2020-11-24,7,VERACRUZ,459.61,459.24,.37,0
2020-11-24,8,VERACRUZ,474.54,475.49,-.95,0
2020-11-24,9,VERACRUZ,476.1,472.34,3.77,0
2020-11-24,10,VERACRUZ,470.9,462.53,8.6,-.23
2020-11-24,11,VERACRUZ,475.04,464.98,10.31,-.26
2020-11-24,12,VERACRUZ,501.64,490.39,11.59,-.34
2020-11-24,13,VERACRUZ,504.61,494.21,10.48,-.07
2020-11-24,14,VERACRUZ,512.58,501.01,11.66,-.08
2020-11-24,15,VERACRUZ,507.82,494.96,12.93,-.07
2020-11-24,16,VERACRUZ,514.55,499.8,14.83,-.08
2020-11-24,17,VERACRUZ,624.52,606.6,18.17,-.24
2020-11-24,18,VERACRUZ,736.86,769.51,20.11,-52.76
2020-11-24,19,VERACRUZ,801.82,852.21,22.24,-72.63
2020-11-24,20,VERACRUZ,753.65,797.72,19.96,-64.03
2020-11-24,21,VERACRUZ,744.72,779.99,23.98,-59.25
2020-11-24,22,VERACRUZ,765.32,747.21,29.91,-11.8
2020-11-24,23,VERACRUZ,769.91,750.23,32.81,-13.13
2020-11-24,24,VERACRUZ,532.64,511.58,21.06,0
2020-11-24,1,VICTORIA,418.57,462.88,-44.32,0
2020-11-24,2,VICTORIA,411.59,450.93,-39.34,0
2020-11-24,3,VICTORIA,402.02,439.66,-37.64,0
2020-11-24,4,VICTORIA,395.59,434.16,-38.57,0
2020-11-24,5,VICTORIA,395.66,433.99,-38.33,0
2020-11-24,6,VICTORIA,407.64,447.31,-39.67,0
2020-11-24,7,VICTORIA,416.04,459.24,-43.2,0
2020-11-24,8,VICTORIA,431.73,475.49,-43.76,0
2020-11-24,9,VICTORIA,428.46,472.34,-43.88,0
2020-11-24,10,VICTORIA,413.97,462.53,-45.58,-2.98
2020-11-24,11,VICTORIA,415.88,464.98,-45.78,-3.32
2020-11-24,12,VICTORIA,437.02,490.39,-49.05,-4.33
2020-11-24,13,VICTORIA,445.23,494.21,-48.07,-.92
2020-11-24,14,VICTORIA,452.7,501,-47.29,-1.02
2020-11-24,15,VICTORIA,444.44,494.96,-49.69,-.83
2020-11-24,16,VICTORIA,447.3,499.8,-51.5,-.99
2020-11-24,17,VICTORIA,537.47,606.6,-66.03,-3.1
2020-11-24,18,VICTORIA,551.27,769.51,-83.27,-134.98
2020-11-24,19,VICTORIA,522.82,852.21,-92.33,-237.06
2020-11-24,20,VICTORIA,489.88,797.72,-87.21,-220.64
2020-11-24,21,VICTORIA,502.11,779.99,-86.73,-191.16
2020-11-24,22,VICTORIA,552.03,747.21,-82.74,-112.45
2020-11-24,23,VICTORIA,541.98,750.23,-83.34,-124.92
2020-11-24,24,VICTORIA,456.38,511.58,-55.2,0
2020-11-24,1,VILLAHERMOSA,468.23,462.88,5.35,0
2020-11-24,2,VILLAHERMOSA,451.29,450.93,.37,0
2020-11-24,3,VILLAHERMOSA,439.28,439.66,-.38,0
2020-11-24,4,VILLAHERMOSA,431.69,434.16,-2.47,0
2020-11-24,5,VILLAHERMOSA,430.68,433.99,-3.31,0
2020-11-24,6,VILLAHERMOSA,443.82,447.31,-3.5,0
2020-11-24,7,VILLAHERMOSA,452.71,459.24,-6.53,0
2020-11-24,8,VILLAHERMOSA,466.1,475.49,-9.4,0
2020-11-24,9,VILLAHERMOSA,469.94,472.34,-2.4,0
2020-11-24,10,VILLAHERMOSA,466.29,462.53,3.93,-.17
2020-11-24,11,VILLAHERMOSA,470.88,464.98,6.09,-.19
2020-11-24,12,VILLAHERMOSA,498.54,490.39,8.41,-.25
2020-11-24,13,VILLAHERMOSA,501.66,494.21,7.51,-.06
2020-11-24,14,VILLAHERMOSA,509.4,501,8.46,-.06
2020-11-24,15,VILLAHERMOSA,506.54,494.96,11.64,-.05
2020-11-24,16,VILLAHERMOSA,514.62,499.8,14.88,-.06
2020-11-24,17,VILLAHERMOSA,622.34,606.6,15.93,-.19
2020-11-24,18,VILLAHERMOSA,735.54,769.51,13.85,-47.82
2020-11-24,19,VILLAHERMOSA,795.1,852.21,8.58,-65.68
2020-11-24,20,VILLAHERMOSA,749.66,797.72,8.9,-56.96
2020-11-24,21,VILLAHERMOSA,747.9,779.99,20.65,-52.74
2020-11-24,22,VILLAHERMOSA,780.8,747.21,43.79,-10.19
2020-11-24,23,VILLAHERMOSA,790.98,750.23,52.07,-11.33
2020-11-24,24,VILLAHERMOSA,543.81,511.58,32.23,0
2020-11-24,1,XALAPA,473.75,462.88,10.87,0
2020-11-24,2,XALAPA,459.76,450.93,8.83,0
2020-11-24,3,XALAPA,446.36,439.66,6.71,0
2020-11-24,4,XALAPA,440.46,434.16,6.3,0
2020-11-24,5,XALAPA,441.81,433.99,7.82,0
2020-11-24,6,XALAPA,455.88,447.31,8.57,0
2020-11-24,7,XALAPA,467.5,459.24,8.26,0
2020-11-24,8,XALAPA,482.24,475.49,6.75,0
2020-11-24,9,XALAPA,479.46,472.34,7.12,0
2020-11-24,10,XALAPA,474.13,462.53,11.91,-.31
2020-11-24,11,XALAPA,477.87,464.98,13.24,-.35
2020-11-24,12,XALAPA,502.97,490.39,13.04,-.46
2020-11-24,13,XALAPA,505.45,494.21,11.34,-.1
2020-11-24,14,XALAPA,513,501,12.11,-.11
2020-11-24,15,XALAPA,507.26,494.96,12.39,-.09
2020-11-24,16,XALAPA,513.11,499.8,13.42,-.11
2020-11-24,17,XALAPA,626.44,606.59,20.17,-.32
2020-11-24,18,XALAPA,736.63,769.51,27.58,-60.46
2020-11-24,19,XALAPA,800.22,852.21,32.1,-84.08
2020-11-24,20,XALAPA,748.01,797.72,24.14,-73.85
2020-11-24,21,XALAPA,736.28,779.99,24.51,-68.23
2020-11-24,22,XALAPA,756.89,747.21,23.7,-14.02
2020-11-24,23,XALAPA,759.01,750.23,24.32,-15.55
2020-11-24,24,XALAPA,528.56,511.58,16.98,0
2020-11-24,1,ZACAPU,475.89,462.88,13.01,0
2020-11-24,2,ZACAPU,461.74,450.93,10.81,0
2020-11-24,3,ZACAPU,449.94,439.66,10.28,0
2020-11-24,4,ZACAPU,444.02,434.16,9.87,0
2020-11-24,5,ZACAPU,442.89,433.99,8.9,0
2020-11-24,6,ZACAPU,457.91,447.31,10.59,0
2020-11-24,7,ZACAPU,472.34,459.24,13.1,0
2020-11-24,8,ZACAPU,489.37,475.49,13.88,0
2020-11-24,9,ZACAPU,487.74,472.34,15.4,0
2020-11-24,10,ZACAPU,478.37,462.53,14.78,1.06
2020-11-24,11,ZACAPU,482.38,464.98,16.21,1.18
2020-11-24,12,ZACAPU,512.99,490.39,21.06,1.54
2020-11-24,13,ZACAPU,516.66,494.21,22.2,.26
2020-11-24,14,ZACAPU,524.83,501,23.54,.29
2020-11-24,15,ZACAPU,516.83,494.96,21.64,.23
2020-11-24,16,ZACAPU,519.35,499.8,19.27,.28
2020-11-24,17,ZACAPU,630.96,606.59,23.5,.86
2020-11-24,18,ZACAPU,762,769.51,25.35,-32.87
2020-11-24,19,ZACAPU,844.97,852.21,27.74,-34.98
2020-11-24,20,ZACAPU,799.44,797.72,29.71,-27.98
2020-11-24,21,ZACAPU,779.23,779.99,27.66,-28.42
2020-11-24,22,ZACAPU,782.12,747.21,25.97,8.94
2020-11-24,23,ZACAPU,785.89,750.23,25.73,9.93
2020-11-24,24,ZACAPU,527.93,511.58,16.36,0
2020-11-24,1,ZACATECAS,471.48,462.88,8.59,0
2020-11-24,2,ZACATECAS,459.39,450.93,8.46,0
2020-11-24,3,ZACATECAS,447.54,439.66,7.88,0
2020-11-24,4,ZACATECAS,440.95,434.16,6.79,0
2020-11-24,5,ZACATECAS,440.61,433.99,6.62,0
2020-11-24,6,ZACATECAS,454.89,447.31,7.57,0
2020-11-24,7,ZACATECAS,468.02,459.24,8.78,0
2020-11-24,8,ZACATECAS,484.31,475.49,8.82,0
2020-11-24,9,ZACATECAS,475.92,472.34,3.58,0
2020-11-24,10,ZACATECAS,459.31,462.53,-1.13,-2.1
2020-11-24,11,ZACATECAS,461.82,464.98,-.82,-2.34
2020-11-24,12,ZACATECAS,487.8,490.39,.45,-3.04
2020-11-24,13,ZACATECAS,496.05,494.21,1.78,.06
2020-11-24,14,ZACATECAS,504.1,501,3.03,.07
2020-11-24,15,ZACATECAS,496.3,494.96,1.29,.06
2020-11-24,16,ZACATECAS,501.54,499.8,1.67,.07
2020-11-24,17,ZACATECAS,608.85,606.6,2.06,.21
2020-11-24,18,ZACATECAS,725.58,769.51,13.36,-57.29
2020-11-24,19,ZACATECAS,824.34,852.21,22.95,-50.82
2020-11-24,20,ZACATECAS,786.18,797.72,26.26,-37.79
2020-11-24,21,ZACATECAS,761.36,779.99,23.01,-41.65
2020-11-24,22,ZACATECAS,796.49,747.21,20.35,28.93
2020-11-24,23,ZACATECAS,799.5,750.23,17.26,32.01
2020-11-24,24,ZACATECAS,521.04,511.58,9.46,0
2020-11-24,1,ZAMORA,478.94,462.88,16.06,0
2020-11-24,2,ZAMORA,464.62,450.93,13.69,0
2020-11-24,3,ZAMORA,452.61,439.66,12.95,0
2020-11-24,4,ZAMORA,446.52,434.16,12.37,0
2020-11-24,5,ZAMORA,445.46,433.99,11.47,0
2020-11-24,6,ZAMORA,460.47,447.31,13.16,0
2020-11-24,7,ZAMORA,475.25,459.24,16.01,0
2020-11-24,8,ZAMORA,493.35,475.49,17.86,0
2020-11-24,9,ZAMORA,491.8,472.34,19.46,0
2020-11-24,10,ZAMORA,482.04,462.53,18.24,1.27
2020-11-24,11,ZAMORA,485.15,464.98,18.75,1.42
2020-11-24,12,ZAMORA,514.33,490.39,22.09,1.85
2020-11-24,13,ZAMORA,518.14,494.21,23.63,.31
2020-11-24,14,ZAMORA,526.36,501,25.02,.34
2020-11-24,15,ZAMORA,518.69,494.96,23.45,.28
2020-11-24,16,ZAMORA,523.58,499.8,23.45,.33
2020-11-24,17,ZAMORA,636.14,606.6,28.52,1.04
2020-11-24,18,ZAMORA,766.94,769.51,32.63,-35.21
2020-11-24,19,ZAMORA,849.42,852.21,34.72,-37.51
2020-11-24,20,ZAMORA,802.91,797.72,35.18,-30
2020-11-24,21,ZAMORA,781.84,779.99,32.32,-30.47
2020-11-24,22,ZAMORA,787.55,747.21,30.72,9.62
2020-11-24,23,ZAMORA,791.44,750.23,30.52,10.69
2020-11-24,24,ZAMORA,531.1,511.58,19.53,0
2020-11-24,1,ZAPOTLAN,473.16,462.88,10.28,0
2020-11-24,2,ZAPOTLAN,459.47,450.93,8.54,0
2020-11-24,3,ZAPOTLAN,447.4,439.66,7.75,0
2020-11-24,4,ZAPOTLAN,441.1,434.16,6.94,0
2020-11-24,5,ZAPOTLAN,439.82,433.99,5.83,0
2020-11-24,6,ZAPOTLAN,454.17,447.31,6.86,0
2020-11-24,7,ZAPOTLAN,468.25,459.24,9.01,0
2020-11-24,8,ZAPOTLAN,487.42,475.49,11.93,0
2020-11-24,9,ZAPOTLAN,485.92,472.34,13.59,0
2020-11-24,10,ZAPOTLAN,476.67,462.53,11.61,2.53
2020-11-24,11,ZAPOTLAN,480.23,464.98,12.43,2.82
2020-11-24,12,ZAPOTLAN,509.16,490.39,15.09,3.68
2020-11-24,13,ZAPOTLAN,511.44,494.21,16.64,.59
2020-11-24,14,ZAPOTLAN,520.48,501,18.82,.66
2020-11-24,15,ZAPOTLAN,512.62,494.96,17.13,.54
2020-11-24,16,ZAPOTLAN,517.06,499.8,16.62,.64
2020-11-24,17,ZAPOTLAN,627.52,606.6,18.92,2
2020-11-24,18,ZAPOTLAN,749.01,769.51,22.11,-42.61
2020-11-24,19,ZAPOTLAN,827.43,852.21,23.43,-48.21
2020-11-24,20,ZAPOTLAN,783.22,797.72,24.82,-39.31
2020-11-24,21,ZAPOTLAN,761.8,779.99,20.94,-39.13
2020-11-24,22,ZAPOTLAN,776.73,747.21,21.4,8.13
2020-11-24,23,ZAPOTLAN,780.81,750.23,21.54,9.04
2020-11-24,24,ZAPOTLAN,524.67,511.58,13.09,0
2020-11-24,1,ZIHUATANEJO,496.63,462.88,33.74,0
2020-11-24,2,ZIHUATANEJO,479.9,450.93,28.97,0
2020-11-24,3,ZIHUATANEJO,467.63,439.66,27.98,0
2020-11-24,4,ZIHUATANEJO,461.42,434.16,27.27,0
2020-11-24,5,ZIHUATANEJO,459.32,433.99,25.33,0
2020-11-24,6,ZIHUATANEJO,475.48,447.31,28.16,0
2020-11-24,7,ZIHUATANEJO,490.3,459.24,31.06,0
2020-11-24,8,ZIHUATANEJO,504.76,475.49,29.27,0
2020-11-24,9,ZIHUATANEJO,505.37,472.34,33.03,0
2020-11-24,10,ZIHUATANEJO,496.92,462.53,33.86,.53
2020-11-24,11,ZIHUATANEJO,501.13,464.98,35.56,.58
2020-11-24,12,ZIHUATANEJO,533.63,490.39,42.5,.74
2020-11-24,13,ZIHUATANEJO,537.32,494.21,43.02,.09
2020-11-24,14,ZIHUATANEJO,544.67,501,43.56,.11
2020-11-24,15,ZIHUATANEJO,537.96,494.96,42.91,.09
2020-11-24,16,ZIHUATANEJO,539.57,499.8,39.67,.11
2020-11-24,17,ZIHUATANEJO,658.48,606.6,51.56,.33
2020-11-24,18,ZIHUATANEJO,786.29,769.51,55.46,-38.69
2020-11-24,19,ZIHUATANEJO,860.99,852.21,58.31,-49.53
2020-11-24,20,ZIHUATANEJO,813.27,797.72,57.89,-42.34
2020-11-24,21,ZIHUATANEJO,797.87,779.99,58,-40.12
2020-11-24,22,ZIHUATANEJO,801.1,747.21,56.41,-2.52
2020-11-24,23,ZIHUATANEJO,808.7,750.23,61.27,-2.81
2020-11-24,24,ZIHUATANEJO,554.73,511.58,43.15,0
2020-11-25,1,ACAPULCO,570.78,507.47,63.31,0
2020-11-25,2,ACAPULCO,526.42,471.78,54.64,0
2020-11-25,3,ACAPULCO,512.95,460.71,52.24,0
2020-11-25,4,ACAPULCO,504.04,454.19,49.86,0
2020-11-25,5,ACAPULCO,513.15,462.04,51.4,-.28
2020-11-25,6,ACAPULCO,519.45,466.6,52.85,0
2020-11-25,7,ACAPULCO,547.61,491.39,56.22,0
2020-11-25,8,ACAPULCO,574.85,517.54,57.31,0
2020-11-25,9,ACAPULCO,582.39,520.67,61.72,0
2020-11-25,10,ACAPULCO,652.44,548.08,67.92,36.44
2020-11-25,11,ACAPULCO,943.17,813.62,93.5,36.06
2020-11-25,12,ACAPULCO,1332.82,1075.86,107.41,149.56
2020-11-25,13,ACAPULCO,1345.51,1047.34,109.12,189.05
2020-11-25,14,ACAPULCO,1192.97,929.65,103.44,159.88
2020-11-25,15,ACAPULCO,1192.31,928.18,102.59,161.54
2020-11-25,16,ACAPULCO,855.56,702.18,85.46,67.91
2020-11-25,17,ACAPULCO,840.39,726.27,84.76,29.36
2020-11-25,18,ACAPULCO,989.59,910.74,78.76,.09
2020-11-25,19,ACAPULCO,1530.39,1412.4,126.48,-8.5
2020-11-25,20,ACAPULCO,1345.89,1240,122.04,-16.15
2020-11-25,21,ACAPULCO,1299.05,1189.32,125.19,-15.46
2020-11-25,22,ACAPULCO,1049.35,962.08,96.79,-9.52
2020-11-25,23,ACAPULCO,928.03,835.91,96.48,-4.36
2020-11-25,24,ACAPULCO,880.49,792.42,91.43,-3.37
2020-11-25,1,AGUASCALIENTES,506.75,507.47,-.73,0
2020-11-25,2,AGUASCALIENTES,470.64,471.78,-1.14,0
2020-11-25,3,AGUASCALIENTES,458.82,460.71,-1.89,0
2020-11-25,4,AGUASCALIENTES,450.83,454.19,-3.36,0
2020-11-25,5,AGUASCALIENTES,460.8,462.04,-3.56,2.32
2020-11-25,6,AGUASCALIENTES,463.08,466.6,-3.52,0
2020-11-25,7,AGUASCALIENTES,489.41,491.39,-1.98,0
2020-11-25,8,AGUASCALIENTES,518.97,517.54,1.43,0
2020-11-25,9,AGUASCALIENTES,515.73,520.67,-4.95,0
2020-11-25,10,AGUASCALIENTES,528.34,548.08,-10.84,-8.91
2020-11-25,11,AGUASCALIENTES,782.86,813.62,-16.74,-14.02
2020-11-25,12,AGUASCALIENTES,948.13,1075.86,-27.28,-100.45
2020-11-25,13,AGUASCALIENTES,917.73,1047.34,-26.08,-103.53
2020-11-25,14,AGUASCALIENTES,797.81,929.65,-27.74,-104.1
2020-11-25,15,AGUASCALIENTES,796.75,928.18,-26.45,-104.98
2020-11-25,16,AGUASCALIENTES,639.83,702.18,-17.99,-44.36
2020-11-25,17,AGUASCALIENTES,692.52,726.27,-14.6,-19.15
2020-11-25,18,AGUASCALIENTES,905.24,910.74,-5.54,.03
2020-11-25,19,AGUASCALIENTES,1472.11,1412.4,-5.45,65.17
2020-11-25,20,AGUASCALIENTES,1359.93,1240,-3.77,123.7
2020-11-25,21,AGUASCALIENTES,1303.1,1189.32,-4.53,118.32
2020-11-25,22,AGUASCALIENTES,1031.54,962.08,-4.07,73.53
2020-11-25,23,AGUASCALIENTES,866.17,835.91,-3.21,33.48
2020-11-25,24,AGUASCALIENTES,818.49,792.42,.28,25.79
2020-11-25,1,APATZINGAN,538.85,507.47,31.38,0
2020-11-25,2,APATZINGAN,497.64,471.78,25.86,0
2020-11-25,3,APATZINGAN,484.5,460.71,23.79,0
2020-11-25,4,APATZINGAN,475.34,454.19,21.15,0
2020-11-25,5,APATZINGAN,484.03,462.04,21.48,.51
2020-11-25,6,APATZINGAN,489.42,466.6,22.83,0
2020-11-25,7,APATZINGAN,519.01,491.39,27.62,0
2020-11-25,8,APATZINGAN,551.31,517.54,33.77,0
2020-11-25,9,APATZINGAN,558.04,520.67,37.37,0
2020-11-25,10,APATZINGAN,591.24,548.08,39.79,3.37
2020-11-25,11,APATZINGAN,886.94,813.62,57.83,15.49
2020-11-25,12,APATZINGAN,1161.86,1075.86,78.36,7.64
2020-11-25,13,APATZINGAN,1134.38,1047.34,81.9,5.15
2020-11-25,14,APATZINGAN,1003.19,929.65,72.44,1.09
2020-11-25,15,APATZINGAN,1002.73,928.18,73.34,1.22
2020-11-25,16,APATZINGAN,760.34,702.18,57.12,1.04
2020-11-25,17,APATZINGAN,784.46,726.27,60.08,-1.89
2020-11-25,18,APATZINGAN,978.83,910.74,67.54,.55
2020-11-25,19,APATZINGAN,1540.81,1412.4,114.79,13.63
2020-11-25,20,APATZINGAN,1370.93,1240,105.07,25.86
2020-11-25,21,APATZINGAN,1311.84,1189.32,97.79,24.74
2020-11-25,22,APATZINGAN,1053.34,962.08,75.76,15.5
2020-11-25,23,APATZINGAN,903.99,835.91,61.03,7.06
2020-11-25,24,APATZINGAN,852.04,792.42,54.14,5.48
2020-11-25,1,CABORCA,445.33,507.47,-62.15,0
2020-11-25,2,CABORCA,417.04,471.78,-54.74,0
2020-11-25,3,CABORCA,415.37,460.71,-45.34,0
2020-11-25,4,CABORCA,402.4,454.19,-51.79,0
2020-11-25,5,CABORCA,401.97,462.04,-54.28,-5.79
2020-11-25,6,CABORCA,409.62,466.6,-56.98,0
2020-11-25,7,CABORCA,427.29,491.39,-64.1,0
2020-11-25,8,CABORCA,457.92,517.54,-59.62,0
2020-11-25,9,CABORCA,438.49,520.67,-82.18,0
2020-11-25,10,CABORCA,361.69,548.08,-139.69,-46.7
2020-11-25,11,CABORCA,316.17,813.62,-225.37,-272.07
2020-11-25,12,CABORCA,337.88,1075.86,-331.12,-406.86
2020-11-25,13,CABORCA,350.15,1047.34,-288.7,-408.48
2020-11-25,14,CABORCA,358.89,929.65,-266.54,-304.22
2020-11-25,15,CABORCA,344.61,928.18,-275.14,-308.43
2020-11-25,16,CABORCA,354.21,702.18,-207.63,-140.35
2020-11-25,17,CABORCA,429.37,726.27,-225.25,-71.65
2020-11-25,18,CABORCA,614.15,910.74,-235.15,-61.44
2020-11-25,19,CABORCA,1015.66,1412.4,-237.62,-159.13
2020-11-25,20,CABORCA,757.13,1240,-173.51,-309.36
2020-11-25,21,CABORCA,728.89,1189.32,-164.37,-296.06
2020-11-25,22,CABORCA,653.8,962.08,-124.06,-184.22
2020-11-25,23,CABORCA,632.54,835.91,-119.53,-83.84
2020-11-25,24,CABORCA,613.42,792.42,-114.03,-64.97
2020-11-25,1,CAMARGO,466.6,507.47,-40.88,0
2020-11-25,2,CAMARGO,439.32,471.78,-32.46,0
2020-11-25,3,CAMARGO,429.53,460.71,-31.18,0
2020-11-25,4,CAMARGO,416.62,454.19,-37.56,0
2020-11-25,5,CAMARGO,413.82,462.04,-39.23,-8.99
2020-11-25,6,CAMARGO,424.3,466.6,-42.31,0
2020-11-25,7,CAMARGO,446.66,491.39,-44.73,0
2020-11-25,8,CAMARGO,481.74,517.54,-35.8,0
2020-11-25,9,CAMARGO,465.06,520.67,-55.61,0
2020-11-25,10,CAMARGO,438.18,548.08,-73.03,-36.87
2020-11-25,11,CAMARGO,513.83,813.62,-123.73,-176.05
2020-11-25,12,CAMARGO,558.62,1075.86,-182.61,-334.63
2020-11-25,13,CAMARGO,480.76,1047.34,-151.77,-414.81
2020-11-25,14,CAMARGO,512.22,929.65,-140.82,-276.61
2020-11-25,15,CAMARGO,493.17,928.18,-155.08,-279.92
2020-11-25,16,CAMARGO,463.17,702.18,-114.73,-124.29
2020-11-25,17,CAMARGO,548.98,726.27,-130.91,-46.38
2020-11-25,18,CAMARGO,751.01,910.74,-141.04,-18.69
2020-11-25,19,CAMARGO,987.15,1412.4,-174.09,-251.16
2020-11-25,20,CAMARGO,627.66,1240,-134.96,-477.38
2020-11-25,21,CAMARGO,606.03,1189.32,-126.43,-456.85
2020-11-25,22,CAMARGO,573.31,962.08,-104.5,-284.28
2020-11-25,23,CAMARGO,595.44,835.91,-111.07,-129.4
2020-11-25,24,CAMARGO,589.97,792.42,-102.15,-100.3
2020-11-25,1,CAMPECHE,559.37,507.47,51.89,0
2020-11-25,2,CAMPECHE,517.71,471.78,45.93,0
2020-11-25,3,CAMPECHE,502.91,460.71,42.19,0
2020-11-25,4,CAMPECHE,499.43,454.19,45.25,0
2020-11-25,5,CAMPECHE,506.32,462.04,44.88,-.59
2020-11-25,6,CAMPECHE,510.87,466.6,44.27,0
2020-11-25,7,CAMPECHE,542.95,491.39,51.56,0
2020-11-25,8,CAMPECHE,568.3,517.54,50.76,0
2020-11-25,9,CAMPECHE,592.95,520.67,72.28,0
2020-11-25,10,CAMPECHE,744.58,548.08,85.3,111.2
2020-11-25,11,CAMPECHE,1050.19,813.62,136.83,99.74
2020-11-25,12,CAMPECHE,1487.82,1075.86,190.23,221.73
2020-11-25,13,CAMPECHE,1504.5,1047.34,179.49,277.68
2020-11-25,14,CAMPECHE,1309.55,929.65,146.14,233.76
2020-11-25,15,CAMPECHE,1303.12,928.18,136.68,238.27
2020-11-25,16,CAMPECHE,902.47,702.18,100.32,99.97
2020-11-25,17,CAMPECHE,862.33,726.27,90.75,45.31
2020-11-25,18,CAMPECHE,991.9,910.74,81.29,-.13
2020-11-25,19,CAMPECHE,1534.02,1412.4,137.94,-16.33
2020-11-25,20,CAMPECHE,1320.21,1240,111.2,-30.99
2020-11-25,21,CAMPECHE,1296.99,1189.32,137.34,-29.66
2020-11-25,22,CAMPECHE,1049.93,962.08,106.27,-18.42
2020-11-25,23,CAMPECHE,923.39,835.91,95.98,-8.5
2020-11-25,24,CAMPECHE,864.99,792.42,79.16,-6.59
2020-11-25,1,CANCUN,544.75,507.47,37.28,0
2020-11-25,2,CANCUN,506.61,471.78,34.83,0
2020-11-25,3,CANCUN,491.82,460.71,31.11,0
2020-11-25,4,CANCUN,490.85,454.19,36.66,0
2020-11-25,5,CANCUN,497.33,462.04,35.88,-.59
2020-11-25,6,CANCUN,502.17,466.6,35.57,0
2020-11-25,7,CANCUN,526.29,491.39,34.9,0
2020-11-25,8,CANCUN,550.41,517.54,32.88,0
2020-11-25,9,CANCUN,579.37,520.67,58.7,0
2020-11-25,10,CANCUN,731.98,548.08,72.7,111.2
2020-11-25,11,CANCUN,1030.14,813.62,116.78,99.74
2020-11-25,12,CANCUN,1454.48,1075.86,156.88,221.73
2020-11-25,13,CANCUN,1465.16,1047.34,140.14,277.67
2020-11-25,14,CANCUN,1270.34,929.65,106.93,233.76
2020-11-25,15,CANCUN,1262.57,928.18,96.12,238.27
2020-11-25,16,CANCUN,871.3,702.18,69.15,99.97
2020-11-25,17,CANCUN,826.9,726.27,55.32,45.31
2020-11-25,18,CANCUN,964.74,910.74,54.13,-.13
2020-11-25,19,CANCUN,1488.66,1412.4,92.59,-16.33
2020-11-25,20,CANCUN,1278.38,1240,69.37,-30.99
2020-11-25,21,CANCUN,1254.64,1189.32,94.98,-29.66
2020-11-25,22,CANCUN,1014.81,962.08,71.14,-18.42
2020-11-25,23,CANCUN,893.66,835.91,66.25,-8.5
2020-11-25,24,CANCUN,834.1,792.42,48.27,-6.59
2020-11-25,1,CARMEN,587.08,507.47,79.6,0
2020-11-25,2,CARMEN,541.78,471.78,70.01,0
2020-11-25,3,CARMEN,525.51,460.71,64.79,0
2020-11-25,4,CARMEN,519.91,454.19,65.73,0
2020-11-25,5,CARMEN,526.39,462.04,64.94,-.59
2020-11-25,6,CARMEN,530.31,466.6,63.71,0
2020-11-25,7,CARMEN,559.74,491.39,68.35,0
2020-11-25,8,CARMEN,585.93,517.54,68.39,0
2020-11-25,9,CARMEN,610.68,520.67,90.01,0
2020-11-25,10,CARMEN,763.4,548.08,104.12,111.2
2020-11-25,11,CARMEN,1078.85,813.62,165.49,99.74
2020-11-25,12,CARMEN,1527.13,1075.86,229.53,221.74
2020-11-25,13,CARMEN,1545.07,1047.34,220.06,277.68
2020-11-25,14,CARMEN,1347.45,929.65,184.04,233.76
2020-11-25,15,CARMEN,1341.19,928.18,174.75,238.27
2020-11-25,16,CARMEN,931.67,702.18,129.52,99.97
2020-11-25,17,CARMEN,893.33,726.27,121.76,45.31
2020-11-25,18,CARMEN,1038.24,910.74,127.63,-.13
2020-11-25,19,CARMEN,1612.8,1412.4,216.73,-16.33
2020-11-25,20,CARMEN,1391.76,1240,182.75,-30.99
2020-11-25,21,CARMEN,1367.82,1189.32,208.16,-29.66
2020-11-25,22,CARMEN,1109.1,962.08,165.43,-18.42
2020-11-25,23,CARMEN,975.04,835.91,147.63,-8.5
2020-11-25,24,CARMEN,913.45,792.42,127.62,-6.59
2020-11-25,1,CASAS GRANDES,426.37,507.47,-81.1,0
2020-11-25,2,CASAS GRANDES,402.64,471.78,-69.14,0
2020-11-25,3,CASAS GRANDES,396.36,460.71,-64.36,0
2020-11-25,4,CASAS GRANDES,382.9,454.18,-71.28,0
2020-11-25,5,CASAS GRANDES,380.71,462.04,-73.34,-8
2020-11-25,6,CASAS GRANDES,389.69,466.6,-76.91,0
2020-11-25,7,CASAS GRANDES,407.38,491.39,-84.01,0
2020-11-25,8,CASAS GRANDES,439.24,517.54,-78.3,0
2020-11-25,9,CASAS GRANDES,421.49,520.67,-99.18,0
2020-11-25,10,CASAS GRANDES,386.05,548.08,-121.86,-40.18
2020-11-25,11,CASAS GRANDES,409.41,813.62,-197.48,-206.73
2020-11-25,12,CASAS GRANDES,427.39,1075.86,-289.8,-358.68
2020-11-25,13,CASAS GRANDES,388.07,1047.34,-244.79,-414.48
2020-11-25,14,CASAS GRANDES,418.5,929.65,-224.6,-286.55
2020-11-25,15,CASAS GRANDES,399.75,928.18,-238.29,-290.14
2020-11-25,16,CASAS GRANDES,392.66,702.18,-179.64,-129.88
2020-11-25,17,CASAS GRANDES,467.19,726.27,-202.42,-56.65
2020-11-25,18,CASAS GRANDES,639.49,910.74,-236.25,-35
2020-11-25,19,CASAS GRANDES,885.58,1412.4,-303.97,-222.85
2020-11-25,20,CASAS GRANDES,566.79,1240,-248.82,-424.39
2020-11-25,21,CASAS GRANDES,551.43,1189.32,-231.58,-406.3
2020-11-25,22,CASAS GRANDES,522.73,962.08,-186.49,-252.86
2020-11-25,23,CASAS GRANDES,535.97,835.91,-184.69,-115.25
2020-11-25,24,CASAS GRANDES,530.66,792.42,-172.43,-89.34
2020-11-25,1,CELAYA,514.55,507.47,7.07,0
2020-11-25,2,CELAYA,477.97,471.78,6.19,0
2020-11-25,3,CELAYA,466.18,460.71,5.47,0
2020-11-25,4,CELAYA,459.47,454.19,5.29,0
2020-11-25,5,CELAYA,467.79,462.04,5.37,.37
2020-11-25,6,CELAYA,471.8,466.6,5.2,0
2020-11-25,7,CELAYA,497.53,491.39,6.13,0
2020-11-25,8,CELAYA,525.27,517.54,7.73,0
2020-11-25,9,CELAYA,527.73,520.67,7.06,0
2020-11-25,10,CELAYA,553.75,548.08,6.1,-.43
2020-11-25,11,CELAYA,824.72,813.62,10.13,.97
2020-11-25,12,CELAYA,1076.72,1075.86,12.42,-11.56
2020-11-25,13,CELAYA,1046.98,1047.34,12.13,-12.49
2020-11-25,14,CELAYA,926.84,929.65,10.27,-13.08
2020-11-25,15,CELAYA,925.81,928.18,10.91,-13.27
2020-11-25,16,CELAYA,704.72,702.18,8.05,-5.51
2020-11-25,17,CELAYA,732.83,726.27,9.3,-2.74
2020-11-25,18,CELAYA,925.05,910.74,14.22,.09
2020-11-25,19,CELAYA,1443.72,1412.4,21.19,10.13
2020-11-25,20,CELAYA,1278.87,1240,19.62,19.26
2020-11-25,21,CELAYA,1224.89,1189.32,17.26,18.32
2020-11-25,22,CELAYA,985.79,962.08,12.53,11.18
2020-11-25,23,CELAYA,853.1,835.91,11.98,5.21
2020-11-25,24,CELAYA,807.94,792.42,11.45,4.06
2020-11-25,1,CENTRO ORIENTE,525.31,507.47,17.83,0
2020-11-25,2,CENTRO ORIENTE,487.55,471.78,15.77,0
2020-11-25,3,CENTRO ORIENTE,476.32,460.71,15.61,0
2020-11-25,4,CENTRO ORIENTE,470.16,454.19,15.97,0
2020-11-25,5,CENTRO ORIENTE,478.35,462.04,16.76,-.46
2020-11-25,6,CENTRO ORIENTE,484.04,466.6,17.44,0
2020-11-25,7,CENTRO ORIENTE,509.46,491.39,18.07,0
2020-11-25,8,CENTRO ORIENTE,535.34,517.54,17.81,0
2020-11-25,9,CENTRO ORIENTE,541.98,520.67,21.31,0
2020-11-25,10,CENTRO ORIENTE,586.76,548.08,25.48,13.2
2020-11-25,11,CENTRO ORIENTE,860.94,813.62,36.76,10.57
2020-11-25,12,CENTRO ORIENTE,1294.03,1075.86,49.82,168.34
2020-11-25,13,CENTRO ORIENTE,1312.97,1047.34,49.41,216.22
2020-11-25,14,CENTRO ORIENTE,1156.91,929.65,46.01,181.25
2020-11-25,15,CENTRO ORIENTE,1155.59,928.18,45.18,182.23
2020-11-25,16,CENTRO ORIENTE,813.04,702.18,34.41,76.45
2020-11-25,17,CENTRO ORIENTE,793.97,726.27,33.12,34.59
2020-11-25,18,CENTRO ORIENTE,946.18,910.74,35.54,-.1
2020-11-25,19,CENTRO ORIENTE,1460.3,1412.4,60.54,-12.64
2020-11-25,20,CENTRO ORIENTE,1270.38,1240,54.38,-24
2020-11-25,21,CENTRO ORIENTE,1220.73,1189.32,54.38,-22.96
2020-11-25,22,CENTRO ORIENTE,990.85,962.08,42.99,-14.23
2020-11-25,23,CENTRO ORIENTE,864.06,835.91,34.62,-6.46
2020-11-25,24,CENTRO ORIENTE,815.97,792.42,28.58,-5.03
2020-11-25,1,CENTRO SUR,537.32,507.47,29.85,0
2020-11-25,2,CENTRO SUR,497.27,471.78,25.49,0
2020-11-25,3,CENTRO SUR,485.67,460.71,24.96,0
2020-11-25,4,CENTRO SUR,478.53,454.19,24.35,0
2020-11-25,5,CENTRO SUR,487.19,462.04,25.46,-.31
2020-11-25,6,CENTRO SUR,493.27,466.6,26.67,0
2020-11-25,7,CENTRO SUR,519.99,491.39,28.6,0
2020-11-25,8,CENTRO SUR,547.27,517.54,29.74,0
2020-11-25,9,CENTRO SUR,554.08,520.67,33.41,0
2020-11-25,10,CENTRO SUR,606.6,548.08,37.82,20.7
2020-11-25,11,CENTRO SUR,888.63,813.62,55.15,19.86
2020-11-25,12,CENTRO SUR,1288.07,1075.86,73.5,138.71
2020-11-25,13,CENTRO SUR,1297.72,1047.34,73.26,177.12
2020-11-25,14,CENTRO SUR,1147.09,929.65,69.78,147.66
2020-11-25,15,CENTRO SUR,1146.04,928.18,68.96,148.9
2020-11-25,16,CENTRO SUR,816.77,702.18,51.98,62.61
2020-11-25,17,CENTRO SUR,806.18,726.27,51.21,28.69
2020-11-25,18,CENTRO SUR,965.02,910.74,54.26,.02
2020-11-25,19,CENTRO SUR,1487.47,1412.4,83.29,-8.23
2020-11-25,20,CENTRO SUR,1296.66,1240,72.31,-15.65
2020-11-25,21,CENTRO SUR,1245.24,1189.32,70.91,-14.98
2020-11-25,22,CENTRO SUR,1011.82,962.08,58.98,-9.25
2020-11-25,23,CENTRO SUR,882.24,835.91,50.55,-4.22
2020-11-25,24,CENTRO SUR,834.15,792.42,44.99,-3.26
2020-11-25,1,CHETUMAL,561.4,507.47,53.93,0
2020-11-25,2,CHETUMAL,519.32,471.78,47.54,0
2020-11-25,3,CHETUMAL,504.43,460.71,43.72,0
2020-11-25,4,CHETUMAL,500.95,454.18,46.77,0
2020-11-25,5,CHETUMAL,507.96,462.04,46.51,-.59
2020-11-25,6,CHETUMAL,512.76,466.6,46.16,0
2020-11-25,7,CHETUMAL,539.1,491.39,47.71,0
2020-11-25,8,CHETUMAL,563.95,517.54,46.42,0
2020-11-25,9,CHETUMAL,589.09,520.67,68.41,0
2020-11-25,10,CHETUMAL,740.94,548.08,81.66,111.2
2020-11-25,11,CHETUMAL,1046.91,813.62,133.55,99.74
2020-11-25,12,CHETUMAL,1483.12,1075.86,185.52,221.73
2020-11-25,13,CHETUMAL,1498.35,1047.34,173.34,277.68
2020-11-25,14,CHETUMAL,1300.64,929.65,137.23,233.76
2020-11-25,15,CHETUMAL,1289.09,928.18,122.64,238.27
2020-11-25,16,CHETUMAL,889.6,702.18,87.45,99.97
2020-11-25,17,CHETUMAL,849.03,726.27,77.46,45.31
2020-11-25,18,CHETUMAL,990.66,910.74,80.05,-.13
2020-11-25,19,CHETUMAL,1533.99,1412.4,137.91,-16.33
2020-11-25,20,CHETUMAL,1319.87,1240,110.86,-30.99
2020-11-25,21,CHETUMAL,1296.39,1189.32,136.73,-29.66
2020-11-25,22,CHETUMAL,1048.88,962.08,105.22,-18.42
2020-11-25,23,CHETUMAL,921.45,835.91,94.05,-8.5
2020-11-25,24,CHETUMAL,862.04,792.42,76.21,-6.59
2020-11-25,1,CHIHUAHUA,437.78,507.47,-69.69,0
2020-11-25,2,CHIHUAHUA,412.03,471.78,-59.75,0
2020-11-25,3,CHIHUAHUA,403.65,460.71,-57.07,0
2020-11-25,4,CHIHUAHUA,390.42,454.19,-63.76,0
2020-11-25,5,CHIHUAHUA,387.36,462.04,-65.72,-8.96
2020-11-25,6,CHIHUAHUA,397.74,466.6,-68.86,0
2020-11-25,7,CHIHUAHUA,418.27,491.39,-73.12,0
2020-11-25,8,CHIHUAHUA,451.96,517.54,-65.57,0
2020-11-25,9,CHIHUAHUA,436.03,520.67,-84.64,0
2020-11-25,10,CHIHUAHUA,407.95,548.08,-102.91,-37.23
2020-11-25,11,CHIHUAHUA,466.14,813.62,-169.06,-178.41
2020-11-25,12,CHIHUAHUA,492.09,1075.86,-246.15,-337.62
2020-11-25,13,CHIHUAHUA,421.15,1047.34,-209.41,-416.78
2020-11-25,14,CHIHUAHUA,460.09,929.65,-190.9,-278.67
2020-11-25,15,CHIHUAHUA,441.46,928.18,-204.72,-282
2020-11-25,16,CHIHUAHUA,422.43,702.18,-154.5,-125.26
2020-11-25,17,CHIHUAHUA,501.29,726.27,-175.23,-49.76
2020-11-25,18,CHIHUAHUA,685.38,910.74,-202.35,-23.01
2020-11-25,19,CHIHUAHUA,896.74,1412.4,-265.57,-250.1
2020-11-25,20,CHIHUAHUA,550.58,1240,-213.91,-475.52
2020-11-25,21,CHIHUAHUA,533.79,1189.32,-200.45,-455.08
2020-11-25,22,CHIHUAHUA,514.37,962.08,-164.55,-283.17
2020-11-25,23,CHIHUAHUA,541.57,835.91,-165.44,-128.89
2020-11-25,24,CHIHUAHUA,540.5,792.42,-152.02,-99.91
2020-11-25,1,CHILPANCINGO,567.69,507.47,60.21,0
2020-11-25,2,CHILPANCINGO,524.23,471.78,52.46,0
2020-11-25,3,CHILPANCINGO,511.1,460.71,50.39,0
2020-11-25,4,CHILPANCINGO,502.95,454.18,48.77,0
2020-11-25,5,CHILPANCINGO,512.14,462.04,50.43,-.33
2020-11-25,6,CHILPANCINGO,518.48,466.6,51.88,0
2020-11-25,7,CHILPANCINGO,547.19,491.39,55.8,0
2020-11-25,8,CHILPANCINGO,573.98,517.54,56.45,0
2020-11-25,9,CHILPANCINGO,582.12,520.67,61.45,0
2020-11-25,10,CHILPANCINGO,654,548.08,67.6,38.32
2020-11-25,11,CHILPANCINGO,940.91,813.62,90.41,36.88
2020-11-25,12,CHILPANCINGO,1328.8,1075.86,95.01,157.93
2020-11-25,13,CHILPANCINGO,1342.46,1047.34,95.09,200.03
2020-11-25,14,CHILPANCINGO,1189.75,929.65,90.54,169.56
2020-11-25,15,CHILPANCINGO,1189.23,928.18,89.79,171.26
2020-11-25,16,CHILPANCINGO,852.59,702.18,78.47,71.94
2020-11-25,17,CHILPANCINGO,834.98,726.27,77.17,31.54
2020-11-25,18,CHILPANCINGO,979.46,910.74,68.67,.05
2020-11-25,19,CHILPANCINGO,1506.13,1412.4,103.39,-9.66
2020-11-25,20,CHILPANCINGO,1327.04,1240,105.36,-18.31
2020-11-25,21,CHILPANCINGO,1281.87,1189.32,110.08,-17.53
2020-11-25,22,CHILPANCINGO,1035.17,962.08,83.93,-10.84
2020-11-25,23,CHILPANCINGO,918.61,835.91,87.66,-4.95
2020-11-25,24,CHILPANCINGO,873.4,792.42,84.82,-3.84
2020-11-25,1,CHONTALPA,534.3,507.47,26.82,0
2020-11-25,2,CHONTALPA,494.26,471.78,22.48,0
2020-11-25,3,CHONTALPA,481.81,460.71,21.1,0
2020-11-25,4,CHONTALPA,478.22,454.19,24.03,0
2020-11-25,5,CHONTALPA,485.91,462.04,24.46,-.59
2020-11-25,6,CHONTALPA,490.48,466.6,23.88,0
2020-11-25,7,CHONTALPA,514.31,491.39,22.92,0
2020-11-25,8,CHONTALPA,537.77,517.54,20.24,0
2020-11-25,9,CHONTALPA,554.2,520.67,33.53,0
2020-11-25,10,CHONTALPA,698.73,548.08,39.44,111.21
2020-11-25,11,CHONTALPA,977.74,813.62,64.37,99.75
2020-11-25,12,CHONTALPA,1390.69,1075.86,93.09,221.74
2020-11-25,13,CHONTALPA,1411.6,1047.34,86.59,277.68
2020-11-25,14,CHONTALPA,1229.92,929.65,66.51,233.76
2020-11-25,15,CHONTALPA,1226.83,928.18,60.39,238.27
2020-11-25,16,CHONTALPA,845.53,702.18,43.38,99.97
2020-11-25,17,CHONTALPA,808.11,726.27,36.54,45.31
2020-11-25,18,CHONTALPA,940.86,910.74,30.25,-.13
2020-11-25,19,CHONTALPA,1451.73,1412.4,55.65,-16.33
2020-11-25,20,CHONTALPA,1252.11,1240,43.1,-30.99
2020-11-25,21,CHONTALPA,1234.46,1189.32,74.8,-29.66
2020-11-25,22,CHONTALPA,1001.13,962.08,57.47,-18.42
2020-11-25,23,CHONTALPA,880.63,835.91,53.22,-8.5
2020-11-25,24,CHONTALPA,828.21,792.42,42.37,-6.59
2020-11-25,1,CIENEGA,518.99,507.47,11.52,0
2020-11-25,2,CIENEGA,480.6,471.78,8.82,0
2020-11-25,3,CIENEGA,468.3,460.71,7.59,0
2020-11-25,4,CIENEGA,459.26,454.19,5.07,0
2020-11-25,5,CIENEGA,467.43,462.04,4.83,.56
2020-11-25,6,CIENEGA,472.04,466.6,5.45,0
2020-11-25,7,CIENEGA,499.8,491.39,8.41,0
2020-11-25,8,CIENEGA,530.91,517.54,13.38,0
2020-11-25,9,CIENEGA,533.87,520.67,13.2,0
2020-11-25,10,CIENEGA,560.97,548.08,10.97,1.92
2020-11-25,11,CIENEGA,857.73,813.62,14.92,29.19
2020-11-25,12,CIENEGA,1079.79,1075.86,12.95,-9.01
2020-11-25,13,CIENEGA,1032.23,1047.34,14.92,-30.03
2020-11-25,14,CIENEGA,904.95,929.65,2.61,-27.31
2020-11-25,15,CIENEGA,904.81,928.18,3.92,-27.29
2020-11-25,16,CIENEGA,697.73,702.18,5.83,-10.29
2020-11-25,17,CIENEGA,726.97,726.27,9.19,-8.49
2020-11-25,18,CIENEGA,923.66,910.74,11.75,1.17
2020-11-25,19,CIENEGA,1444.99,1412.4,17.32,15.26
2020-11-25,20,CIENEGA,1285.42,1240,16.4,29.02
2020-11-25,21,CIENEGA,1232.86,1189.32,15.81,27.73
2020-11-25,22,CIENEGA,996.24,962.08,16.95,17.21
2020-11-25,23,CIENEGA,858.92,835.91,15.19,7.83
2020-11-25,24,CIENEGA,817.56,792.42,19.08,6.06
2020-11-25,1,COATZACOALCOS,534.42,507.47,26.95,0
2020-11-25,2,COATZACOALCOS,494.87,471.78,23.09,0
2020-11-25,3,COATZACOALCOS,483.19,460.71,22.48,0
2020-11-25,4,COATZACOALCOS,479.69,454.19,25.5,0
2020-11-25,5,COATZACOALCOS,488.01,462.04,26.56,-.59
2020-11-25,6,COATZACOALCOS,493.11,466.6,26.51,0
2020-11-25,7,COATZACOALCOS,517.78,491.39,26.39,0
2020-11-25,8,COATZACOALCOS,542.09,517.54,24.55,0
2020-11-25,9,COATZACOALCOS,553.75,520.67,33.08,0
2020-11-25,10,COATZACOALCOS,696.96,548.08,37.18,111.7
2020-11-25,11,COATZACOALCOS,973.23,813.62,59.4,100.21
2020-11-25,12,COATZACOALCOS,1383.41,1075.86,85.66,221.9
2020-11-25,13,COATZACOALCOS,1404.27,1047.34,79.04,277.89
2020-11-25,14,COATZACOALCOS,1224.47,929.65,60.88,233.93
2020-11-25,15,COATZACOALCOS,1222.84,928.18,56.23,238.44
2020-11-25,16,COATZACOALCOS,842.29,702.18,40.07,100.04
2020-11-25,17,COATZACOALCOS,810.59,726.27,38.98,45.34
2020-11-25,18,COATZACOALCOS,944.76,910.74,34.15,-.13
2020-11-25,19,COATZACOALCOS,1450.37,1412.4,54.31,-16.34
2020-11-25,20,COATZACOALCOS,1249.65,1240,40.67,-31.02
2020-11-25,21,COATZACOALCOS,1227.21,1189.32,67.58,-29.68
2020-11-25,22,COATZACOALCOS,995.27,962.08,51.61,-18.43
2020-11-25,23,COATZACOALCOS,875.06,835.91,47.66,-8.51
2020-11-25,24,COATZACOALCOS,825.02,792.42,39.18,-6.59
2020-11-25,1,COLIMA,516.88,507.47,9.4,0
2020-11-25,2,COLIMA,478.74,471.78,6.96,0
2020-11-25,3,COLIMA,466.56,460.71,5.85,0
2020-11-25,4,COLIMA,457.4,454.19,3.21,0
2020-11-25,5,COLIMA,465.45,462.04,2.91,.51
2020-11-25,6,COLIMA,470.11,466.6,3.51,0
2020-11-25,7,COLIMA,497.4,491.39,6,0
2020-11-25,8,COLIMA,529,517.54,11.47,0
2020-11-25,9,COLIMA,534.18,520.67,13.51,0
2020-11-25,10,COLIMA,561.65,548.08,10.34,3.23
2020-11-25,11,COLIMA,856.38,813.62,12.42,30.34
2020-11-25,12,COLIMA,1087.78,1075.86,10.28,1.64
2020-11-25,13,COLIMA,1042.66,1047.34,11.78,-16.46
2020-11-25,14,COLIMA,919.84,929.65,5.41,-15.22
2020-11-25,15,COLIMA,919.58,928.18,6.52,-15.11
2020-11-25,16,COLIMA,704.2,702.18,7.19,-5.17
2020-11-25,17,COLIMA,729.3,726.27,9.47,-6.44
2020-11-25,18,COLIMA,919.97,910.74,8.07,1.16
2020-11-25,19,COLIMA,1433.09,1412.4,8.45,12.23
2020-11-25,20,COLIMA,1264.77,1240,1.52,23.25
2020-11-25,21,COLIMA,1213.56,1189.32,1.99,22.25
2020-11-25,22,COLIMA,986.36,962.08,8.95,15.33
2020-11-25,23,COLIMA,854.12,835.91,11.24,6.98
2020-11-25,24,COLIMA,814.3,792.42,16.47,5.41
2020-11-25,1,CORDOBA,527.34,507.47,19.87,0
2020-11-25,2,CORDOBA,488.67,471.78,16.89,0
2020-11-25,3,CORDOBA,477.21,460.71,16.5,0
2020-11-25,4,CORDOBA,471.68,454.18,17.49,0
2020-11-25,5,CORDOBA,480,462.04,18.61,-.65
2020-11-25,6,CORDOBA,485.73,466.6,19.13,0
2020-11-25,7,CORDOBA,511.18,491.39,19.79,0
2020-11-25,8,CORDOBA,536.27,517.54,18.73,0
2020-11-25,9,CORDOBA,545.03,520.67,24.36,0
2020-11-25,10,CORDOBA,744.28,548.08,31.07,165.12
2020-11-25,11,CORDOBA,1009.66,813.62,47.39,148.65
2020-11-25,12,CORDOBA,1382.1,1075.86,69.61,236.64
2020-11-25,13,CORDOBA,1409.04,1047.34,64.38,297.33
2020-11-25,14,CORDOBA,1233.9,929.65,54.37,249.88
2020-11-25,15,CORDOBA,1230.99,928.18,52.75,250.06
2020-11-25,16,CORDOBA,844.44,702.18,37.1,105.17
2020-11-25,17,CORDOBA,809.38,726.27,35.46,47.65
2020-11-25,18,CORDOBA,944.66,910.74,34.07,-.15
2020-11-25,19,CORDOBA,1452.19,1412.4,57.36,-17.57
2020-11-25,20,CORDOBA,1252.37,1240,45.71,-33.34
2020-11-25,21,CORDOBA,1213.77,1189.32,56.37,-31.92
2020-11-25,22,CORDOBA,984.3,962.08,42.05,-19.83
2020-11-25,23,CORDOBA,862.74,835.91,35.81,-8.98
2020-11-25,24,CORDOBA,813.72,792.42,28.26,-6.97
2020-11-25,1,CUAUHTEMOC,453.36,507.47,-54.12,0
2020-11-25,2,CUAUHTEMOC,426.67,471.78,-45.11,0
2020-11-25,3,CUAUHTEMOC,418.85,460.71,-41.86,0
2020-11-25,4,CUAUHTEMOC,405.65,454.19,-48.53,0
2020-11-25,5,CUAUHTEMOC,402.97,462.04,-50.09,-8.99
2020-11-25,6,CUAUHTEMOC,413.62,466.6,-52.98,0
2020-11-25,7,CUAUHTEMOC,434.03,491.39,-57.37,0
2020-11-25,8,CUAUHTEMOC,467.57,517.54,-49.97,0
2020-11-25,9,CUAUHTEMOC,452.21,520.67,-68.46,0
2020-11-25,10,CUAUHTEMOC,425.34,548.08,-85.6,-37.15
2020-11-25,11,CUAUHTEMOC,493.61,813.62,-142.4,-177.62
2020-11-25,12,CUAUHTEMOC,527.82,1075.86,-210.97,-337.06
2020-11-25,13,CUAUHTEMOC,455.19,1047.34,-175.25,-416.9
2020-11-25,14,CUAUHTEMOC,490.04,929.65,-161.12,-278.48
2020-11-25,15,CUAUHTEMOC,470.59,928.18,-175.77,-281.81
2020-11-25,16,CUAUHTEMOC,445.51,702.18,-131.53,-125.14
2020-11-25,17,CUAUHTEMOC,526.33,726.27,-150.29,-49.64
2020-11-25,18,CUAUHTEMOC,716.89,910.74,-171.08,-22.77
2020-11-25,19,CUAUHTEMOC,940.9,1412.4,-220.6,-250.9
2020-11-25,20,CUAUHTEMOC,584.63,1240,-178.34,-477.03
2020-11-25,21,CUAUHTEMOC,566,1189.32,-166.8,-456.52
2020-11-25,22,CUAUHTEMOC,540.7,962.08,-137.32,-284.07
2020-11-25,23,CUAUHTEMOC,565.5,835.91,-141.1,-129.3
2020-11-25,24,CUAUHTEMOC,564.16,792.42,-128.03,-100.23
2020-11-25,1,CUAUTLA,541.31,507.47,33.83,0
2020-11-25,2,CUAUTLA,501.01,471.78,29.23,0
2020-11-25,3,CUAUTLA,489.13,460.71,28.42,0
2020-11-25,4,CUAUTLA,482.99,454.18,28.8,0
2020-11-25,5,CUAUTLA,491.49,462.04,29.94,-.49
2020-11-25,6,CUAUTLA,497.61,466.6,31.01,0
2020-11-25,7,CUAUTLA,524.64,491.39,33.25,0
2020-11-25,8,CUAUTLA,549.97,517.54,32.44,0
2020-11-25,9,CUAUTLA,557.8,520.67,37.12,0
2020-11-25,10,CUAUTLA,634.71,548.08,42.73,43.89
2020-11-25,11,CUAUTLA,915.6,813.62,62.74,39.25
2020-11-25,12,CUAUTLA,1342.9,1075.86,83.99,183.05
2020-11-25,13,CUAUTLA,1363.41,1047.34,82.75,233.32
2020-11-25,14,CUAUTLA,1205.88,929.65,76.23,200
2020-11-25,15,CUAUTLA,1204.81,928.18,74.76,201.88
2020-11-25,16,CUAUTLA,843.45,702.18,56.6,84.67
2020-11-25,17,CUAUTLA,820.79,726.27,56.18,38.34
2020-11-25,18,CUAUTLA,970.85,910.74,60.19,-.08
2020-11-25,19,CUAUTLA,1497.03,1412.4,98.09,-13.46
2020-11-25,20,CUAUTLA,1299.49,1240,85.03,-25.55
2020-11-25,21,CUAUTLA,1252.94,1189.32,88.07,-24.45
2020-11-25,22,CUAUTLA,1015.42,962.08,68.5,-15.17
2020-11-25,23,CUAUTLA,887.1,835.91,58.12,-6.92
2020-11-25,24,CUAUTLA,837.91,792.42,50.86,-5.37
2020-11-25,1,CUERNAVACA,540.21,507.47,32.74,0
2020-11-25,2,CUERNAVACA,499.92,471.78,28.14,0
2020-11-25,3,CUERNAVACA,487.86,460.71,27.15,0
2020-11-25,4,CUERNAVACA,481.48,454.19,27.29,0
2020-11-25,5,CUERNAVACA,490.08,462.04,28.5,-.46
2020-11-25,6,CUERNAVACA,496.22,466.6,29.62,0
2020-11-25,7,CUERNAVACA,522.79,491.39,31.4,0
2020-11-25,8,CUERNAVACA,548.12,517.54,30.59,0
2020-11-25,9,CUERNAVACA,555.91,520.67,35.24,0
2020-11-25,10,CUERNAVACA,631.41,548.08,40.47,42.85
2020-11-25,11,CUERNAVACA,910.65,813.62,58.34,38.69
2020-11-25,12,CUERNAVACA,1329.64,1075.86,75,178.78
2020-11-25,13,CUERNAVACA,1349.22,1047.34,74.23,227.66
2020-11-25,14,CUERNAVACA,1192.85,929.65,69.09,194.11
2020-11-25,15,CUERNAVACA,1192,928.18,67.9,195.92
2020-11-25,16,CUERNAVACA,837.44,702.18,53.07,82.19
2020-11-25,17,CUERNAVACA,815.58,726.27,52.21,37.1
2020-11-25,18,CUERNAVACA,963.53,910.74,52.85,-.06
2020-11-25,19,CUERNAVACA,1482.69,1412.4,83.09,-12.81
2020-11-25,20,CUERNAVACA,1288.91,1240,73.22,-24.31
2020-11-25,21,CUERNAVACA,1243.17,1189.32,77.11,-23.26
2020-11-25,22,CUERNAVACA,1007.32,962.08,59.66,-14.43
2020-11-25,23,CUERNAVACA,883.1,835.91,53.78,-6.58
2020-11-25,24,CUERNAVACA,835.03,792.42,47.71,-5.1
2020-11-25,1,CULIACAN,462.85,507.47,-44.62,0
2020-11-25,2,CULIACAN,428.93,471.78,-42.85,0
2020-11-25,3,CULIACAN,417.34,460.71,-43.37,0
2020-11-25,4,CULIACAN,405.85,454.19,-48.34,0
2020-11-25,5,CULIACAN,407.26,462.04,-51.02,-3.76
2020-11-25,6,CULIACAN,412.76,466.6,-53.84,0
2020-11-25,7,CULIACAN,433.82,491.39,-57.57,0
2020-11-25,8,CULIACAN,462.47,517.54,-55.06,0
2020-11-25,9,CULIACAN,454.67,520.67,-66.01,0
2020-11-25,10,CULIACAN,421.56,548.08,-73.63,-52.89
2020-11-25,11,CULIACAN,378.44,813.62,-107.84,-327.34
2020-11-25,12,CULIACAN,466.35,1075.86,-161.81,-447.7
2020-11-25,13,CULIACAN,497.15,1047.34,-146.89,-403.3
2020-11-25,14,CULIACAN,462.16,929.65,-148.31,-319.18
2020-11-25,15,CULIACAN,458.37,928.18,-145.9,-323.9
2020-11-25,16,CULIACAN,446.97,702.18,-106,-149.21
2020-11-25,17,CULIACAN,605.16,726.27,-109.43,-11.68
2020-11-25,18,CULIACAN,794.03,910.74,-128.99,12.27
2020-11-25,19,CULIACAN,1125.51,1412.4,-181.15,-105.74
2020-11-25,20,CULIACAN,891.25,1240,-148.51,-200.24
2020-11-25,21,CULIACAN,857.15,1189.32,-140.53,-191.63
2020-11-25,22,CULIACAN,739.53,962.08,-103.28,-119.27
2020-11-25,23,CULIACAN,689.63,835.91,-91.99,-54.29
2020-11-25,24,CULIACAN,666.92,792.42,-83.43,-42.08
2020-11-25,1,DURANGO,479.23,507.47,-28.24,0
2020-11-25,2,DURANGO,445.56,471.78,-26.22,0
2020-11-25,3,DURANGO,432.36,460.71,-28.35,0
2020-11-25,4,DURANGO,422.15,454.19,-32.04,0
2020-11-25,5,DURANGO,422.81,462.04,-34.04,-5.18
2020-11-25,6,DURANGO,431.29,466.6,-35.31,0
2020-11-25,7,DURANGO,457.45,491.39,-33.95,0
2020-11-25,8,DURANGO,487.68,517.54,-29.86,0
2020-11-25,9,DURANGO,477.32,520.67,-43.35,0
2020-11-25,10,DURANGO,452.24,548.08,-55.16,-40.68
2020-11-25,11,DURANGO,499.02,813.62,-88.65,-225.95
2020-11-25,12,DURANGO,589.21,1075.86,-130.19,-356.46
2020-11-25,13,DURANGO,551.23,1047.34,-127.04,-369.08
2020-11-25,14,DURANGO,534.31,929.65,-122.05,-273.29
2020-11-25,15,DURANGO,533.92,928.18,-117.33,-276.93
2020-11-25,16,DURANGO,491.27,702.18,-85.69,-125.22
2020-11-25,17,DURANGO,616.93,726.27,-85.37,-23.97
2020-11-25,18,DURANGO,823.96,910.74,-88.25,1.47
2020-11-25,19,DURANGO,1143.66,1412.4,-123.55,-145.19
2020-11-25,20,DURANGO,868.43,1240,-96.07,-275.5
2020-11-25,21,DURANGO,834.14,1189.32,-91.52,-263.66
2020-11-25,22,DURANGO,728.23,962.08,-69.76,-164.09
2020-11-25,23,DURANGO,697.98,835.91,-63.24,-74.69
2020-11-25,24,DURANGO,677.8,792.42,-56.73,-57.89
2020-11-25,1,FRESNILLO,490.44,507.47,-17.03,0
2020-11-25,2,FRESNILLO,455.67,471.78,-16.11,0
2020-11-25,3,FRESNILLO,442.54,460.71,-18.17,0
2020-11-25,4,FRESNILLO,433.86,454.19,-20.32,0
2020-11-25,5,FRESNILLO,448.39,462.04,-21.61,7.96
2020-11-25,6,FRESNILLO,444.85,466.6,-21.75,0
2020-11-25,7,FRESNILLO,472.6,491.39,-18.79,0
2020-11-25,8,FRESNILLO,504.72,517.54,-12.82,0
2020-11-25,9,FRESNILLO,500.06,520.67,-20.61,0
2020-11-25,10,FRESNILLO,501.63,548.08,-27.81,-18.64
2020-11-25,11,FRESNILLO,708.64,813.62,-43.29,-61.69
2020-11-25,12,FRESNILLO,825.17,1075.86,-64.87,-185.82
2020-11-25,13,FRESNILLO,692.25,1047.34,-64.27,-290.82
2020-11-25,14,FRESNILLO,697.66,929.65,-59.11,-172.89
2020-11-25,15,FRESNILLO,694.8,928.18,-58.17,-175.21
2020-11-25,16,FRESNILLO,584.08,702.18,-42.25,-75.86
2020-11-25,17,FRESNILLO,657.7,726.27,-41.07,-27.5
2020-11-25,18,FRESNILLO,872.53,910.74,-37.19,-1.02
2020-11-25,19,FRESNILLO,1559.69,1412.4,-52.5,199.79
2020-11-25,20,FRESNILLO,1576.81,1240,-40.35,377.16
2020-11-25,21,FRESNILLO,1511.91,1189.32,-41.11,363.7
2020-11-25,22,FRESNILLO,1154.61,962.08,-35.99,228.52
2020-11-25,23,FRESNILLO,909.44,835.91,-33.61,107.14
2020-11-25,24,FRESNILLO,849.13,792.42,-28.75,85.45
2020-11-25,1,GUADALAJARA,514.64,507.47,7.17,0
2020-11-25,2,GUADALAJARA,476.75,471.78,4.97,0
2020-11-25,3,GUADALAJARA,464.47,460.71,3.75,0
2020-11-25,4,GUADALAJARA,455.42,454.18,1.24,0
2020-11-25,5,GUADALAJARA,463.49,462.04,.94,.5
2020-11-25,6,GUADALAJARA,467.86,466.6,1.26,0
2020-11-25,7,GUADALAJARA,495.02,491.39,3.63,0
2020-11-25,8,GUADALAJARA,525.73,517.54,8.2,0
2020-11-25,9,GUADALAJARA,527.88,520.67,7.21,0
2020-11-25,10,GUADALAJARA,554.62,548.08,4.52,2.01
2020-11-25,11,GUADALAJARA,852.7,813.62,5.71,33.37
2020-11-25,12,GUADALAJARA,1066.1,1075.86,-.72,-9.04
2020-11-25,13,GUADALAJARA,1016.08,1047.34,1.11,-32.37
2020-11-25,14,GUADALAJARA,889.23,929.65,-12.1,-28.33
2020-11-25,15,GUADALAJARA,890.1,928.18,-9.78,-28.3
2020-11-25,16,GUADALAJARA,687.28,702.18,-4.46,-10.45
2020-11-25,17,GUADALAJARA,716.01,726.27,-.89,-9.37
2020-11-25,18,GUADALAJARA,912.19,910.74,.11,1.34
2020-11-25,19,GUADALAJARA,1424.07,1412.4,-1.93,13.59
2020-11-25,20,GUADALAJARA,1264.55,1240,-1.28,25.82
2020-11-25,21,GUADALAJARA,1213.75,1189.32,-.33,24.77
2020-11-25,22,GUADALAJARA,983.03,962.08,5.63,15.32
2020-11-25,23,GUADALAJARA,849.17,835.91,6.29,6.98
2020-11-25,24,GUADALAJARA,809.75,792.42,11.91,5.42
2020-11-25,1,GUASAVE,444.67,507.47,-62.81,0
2020-11-25,2,GUASAVE,412.25,471.78,-59.53,0
2020-11-25,3,GUASAVE,401.74,460.71,-58.98,0
2020-11-25,4,GUASAVE,390.08,454.18,-64.11,0
2020-11-25,5,GUASAVE,390.79,462.04,-67.22,-4.03
2020-11-25,6,GUASAVE,396.15,466.6,-70.45,0
2020-11-25,7,GUASAVE,415.03,491.39,-76.36,0
2020-11-25,8,GUASAVE,443.44,517.54,-74.09,0
2020-11-25,9,GUASAVE,434.37,520.67,-86.3,0
2020-11-25,10,GUASAVE,400.3,548.08,-95.7,-52.08
2020-11-25,11,GUASAVE,353.78,813.62,-140.27,-319.56
2020-11-25,12,GUASAVE,425.46,1075.86,-208.39,-442.01
2020-11-25,13,GUASAVE,454.17,1047.34,-189.12,-404.06
2020-11-25,14,GUASAVE,427.23,929.65,-185.32,-317.1
2020-11-25,15,GUASAVE,422.35,928.18,-184.08,-321.75
2020-11-25,16,GUASAVE,419.64,702.18,-134.57,-147.98
2020-11-25,17,GUASAVE,575.7,726.27,-140.71,-9.87
2020-11-25,18,GUASAVE,758.62,910.74,-167.58,15.46
2020-11-25,19,GUASAVE,1067.52,1412.4,-231.55,-113.33
2020-11-25,20,GUASAVE,833.68,1240,-191.82,-214.51
2020-11-25,21,GUASAVE,801.8,1189.32,-182.23,-205.29
2020-11-25,22,GUASAVE,696.34,962.08,-137.98,-127.77
2020-11-25,23,GUASAVE,653.03,835.91,-124.72,-58.15
2020-11-25,24,GUASAVE,631.43,792.42,-115.92,-45.08
2020-11-25,1,GUAYMAS,423.91,507.47,-83.57,0
2020-11-25,2,GUAYMAS,395.81,471.78,-75.97,0
2020-11-25,3,GUAYMAS,387.66,460.71,-73.05,0
2020-11-25,4,GUAYMAS,375.81,454.19,-78.37,0
2020-11-25,5,GUAYMAS,375.94,462.04,-81.11,-4.99
2020-11-25,6,GUAYMAS,381.44,466.6,-85.16,0
2020-11-25,7,GUAYMAS,397.23,491.39,-94.17,0
2020-11-25,8,GUAYMAS,425.56,517.54,-91.97,0
2020-11-25,9,GUAYMAS,412.45,520.67,-108.22,0
2020-11-25,10,GUAYMAS,369.77,548.08,-129.11,-49.2
2020-11-25,11,GUAYMAS,328.22,813.62,-193.71,-291.69
2020-11-25,12,GUAYMAS,370.46,1075.86,-284.1,-421.3
2020-11-25,13,GUAYMAS,390.32,1047.34,-250.33,-406.69
2020-11-25,14,GUAYMAS,384.74,929.65,-235.4,-309.51
2020-11-25,15,GUAYMAS,377.81,928.18,-236.47,-313.9
2020-11-25,16,GUAYMAS,382.56,702.18,-176.14,-143.48
2020-11-25,17,GUAYMAS,462.46,726.27,-187.67,-76.14
2020-11-25,18,GUAYMAS,621.07,910.74,-220.32,-69.35
2020-11-25,19,GUAYMAS,982.81,1412.4,-289.14,-140.45
2020-11-25,20,GUAYMAS,730.52,1240,-243.91,-265.58
2020-11-25,21,GUAYMAS,703.59,1189.32,-231.56,-254.17
2020-11-25,22,GUAYMAS,624.54,962.08,-179.35,-158.19
2020-11-25,23,GUAYMAS,597.95,835.91,-165.95,-72.01
2020-11-25,24,GUAYMAS,580.78,792.42,-155.82,-55.82
2020-11-25,1,HERMOSILLO,417.56,507.47,-89.91,0
2020-11-25,2,HERMOSILLO,391.12,471.78,-80.66,0
2020-11-25,3,HERMOSILLO,383.33,460.71,-77.38,0
2020-11-25,4,HERMOSILLO,372.22,454.19,-81.97,0
2020-11-25,5,HERMOSILLO,372.81,462.04,-83.91,-5.32
2020-11-25,6,HERMOSILLO,378.59,466.6,-88.01,0
2020-11-25,7,HERMOSILLO,394,491.39,-97.39,0
2020-11-25,8,HERMOSILLO,420.2,517.54,-97.34,0
2020-11-25,9,HERMOSILLO,406.63,520.67,-114.05,0
2020-11-25,10,HERMOSILLO,363.42,548.08,-136.49,-48.18
2020-11-25,11,HERMOSILLO,322.87,813.62,-208.88,-281.87
2020-11-25,12,HERMOSILLO,355.98,1075.86,-305.79,-414.09
2020-11-25,13,HERMOSILLO,372.72,1047.34,-267.04,-407.58
2020-11-25,14,HERMOSILLO,375.75,929.65,-247.03,-306.87
2020-11-25,15,HERMOSILLO,364.23,928.18,-252.77,-311.17
2020-11-25,16,HERMOSILLO,373.53,702.18,-186.74,-141.92
2020-11-25,17,HERMOSILLO,450.61,726.27,-201.76,-73.9
2020-11-25,18,HERMOSILLO,600.37,910.74,-244.96,-65.41
2020-11-25,19,HERMOSILLO,947.14,1412.4,-315.36,-149.91
2020-11-25,20,HERMOSILLO,690,1240,-266.62,-283.38
2020-11-25,21,HERMOSILLO,665.04,1189.32,-253.08,-271.2
2020-11-25,22,HERMOSILLO,597.01,962.08,-196.3,-168.77
2020-11-25,23,HERMOSILLO,577.16,835.91,-181.93,-76.82
2020-11-25,24,HERMOSILLO,562.8,792.42,-170.07,-59.55
2020-11-25,1,HUAJUAPAN,562.53,507.47,55.05,0
2020-11-25,2,HUAJUAPAN,519.9,471.78,48.12,0
2020-11-25,3,HUAJUAPAN,507.33,460.71,46.62,0
2020-11-25,4,HUAJUAPAN,502.36,454.19,48.17,0
2020-11-25,5,HUAJUAPAN,511.63,462.04,50.18,-.59
2020-11-25,6,HUAJUAPAN,518.76,466.6,52.16,0
2020-11-25,7,HUAJUAPAN,547.54,491.39,56.14,0
2020-11-25,8,HUAJUAPAN,574.58,517.54,57.05,0
2020-11-25,9,HUAJUAPAN,584.24,520.67,63.56,0
2020-11-25,10,HUAJUAPAN,722.86,548.08,69.95,104.83
2020-11-25,11,HUAJUAPAN,1012.27,813.62,104.77,93.89
2020-11-25,12,HUAJUAPAN,1442.37,1075.86,145.87,220.63
2020-11-25,13,HUAJUAPAN,1462.66,1047.34,139.47,275.85
2020-11-25,14,HUAJUAPAN,1282.73,929.65,120.97,232.11
2020-11-25,15,HUAJUAPAN,1283.23,928.18,118.41,236.64
2020-11-25,16,HUAJUAPAN,889.83,702.18,88.37,99.28
2020-11-25,17,HUAJUAPAN,859.64,726.27,88.39,44.98
2020-11-25,18,HUAJUAPAN,1012.64,910.74,102.03,-.13
2020-11-25,19,HUAJUAPAN,1579.74,1412.4,183.52,-16.18
2020-11-25,20,HUAJUAPAN,1372.11,1240,162.82,-30.71
2020-11-25,21,HUAJUAPAN,1326.91,1189.32,166.98,-29.39
2020-11-25,22,HUAJUAPAN,1069.58,962.08,125.75,-18.25
2020-11-25,23,HUAJUAPAN,928.88,835.91,101.4,-8.43
2020-11-25,24,HUAJUAPAN,870.67,792.42,84.77,-6.53
2020-11-25,1,HUASTECA,485.63,507.47,-21.84,0
2020-11-25,2,HUASTECA,453.08,471.78,-18.7,0
2020-11-25,3,HUASTECA,444.49,460.71,-16.23,0
2020-11-25,4,HUASTECA,437.86,454.18,-16.32,0
2020-11-25,5,HUASTECA,443.43,462.04,-16.91,-1.7
2020-11-25,6,HUASTECA,448.63,466.6,-17.97,0
2020-11-25,7,HUASTECA,470.3,491.39,-21.09,0
2020-11-25,8,HUASTECA,494.88,517.54,-22.65,0
2020-11-25,9,HUASTECA,495.84,520.67,-24.83,0
2020-11-25,10,HUASTECA,488.05,548.08,-25.78,-34.25
2020-11-25,11,HUASTECA,733.06,813.62,-36.25,-44.31
2020-11-25,12,HUASTECA,676.56,1075.86,-46.92,-352.38
2020-11-25,13,HUASTECA,532.94,1047.34,-47.76,-466.64
2020-11-25,14,HUASTECA,519.15,929.65,-41.19,-369.31
2020-11-25,15,HUASTECA,515.49,928.18,-40.18,-372.51
2020-11-25,16,HUASTECA,515.77,702.18,-30.85,-155.57
2020-11-25,17,HUASTECA,625.55,726.27,-32.92,-67.8
2020-11-25,18,HUASTECA,875.57,910.74,-34.5,-.67
2020-11-25,19,HUASTECA,1324.91,1412.4,-40.35,-47.15
2020-11-25,20,HUASTECA,1119.88,1240,-30.64,-89.48
2020-11-25,21,HUASTECA,1072.73,1189.32,-30.86,-85.72
2020-11-25,22,HUASTECA,877.07,962.08,-31.62,-53.4
2020-11-25,23,HUASTECA,780.99,835.91,-30.59,-24.33
2020-11-25,24,HUASTECA,743.17,792.42,-30.38,-18.88
2020-11-25,1,HUATULCO,606.76,507.47,99.29,0
2020-11-25,2,HUATULCO,559.02,471.78,87.24,0
2020-11-25,3,HUATULCO,544.36,460.71,83.65,0
2020-11-25,4,HUATULCO,538.48,454.18,84.29,0
2020-11-25,5,HUATULCO,548.48,462.04,86.92,-.48
2020-11-25,6,HUATULCO,556.19,466.6,89.59,0
2020-11-25,7,HUATULCO,585.49,491.39,94.1,0
2020-11-25,8,HUATULCO,611.52,517.54,93.98,0
2020-11-25,9,HUATULCO,623.48,520.67,102.81,0
2020-11-25,10,HUATULCO,745.49,548.08,112.77,84.64
2020-11-25,11,HUATULCO,1060.89,813.62,169.93,77.34
2020-11-25,12,HUATULCO,1499.46,1075.86,227.24,196.37
2020-11-25,13,HUATULCO,1513.92,1047.34,220.21,246.37
2020-11-25,14,HUATULCO,1330.24,929.65,193.11,207.48
2020-11-25,15,HUATULCO,1330.54,928.18,190.41,211.95
2020-11-25,16,HUATULCO,934.24,702.18,143.08,88.98
2020-11-25,17,HUATULCO,909.88,726.27,143.8,39.82
2020-11-25,18,HUATULCO,1072.76,910.74,162.07,-.05
2020-11-25,19,HUATULCO,1691.27,1412.4,292.35,-13.48
2020-11-25,20,HUATULCO,1480.59,1240,266.12,-25.53
2020-11-25,21,HUATULCO,1437.16,1189.32,272.29,-24.44
2020-11-25,22,HUATULCO,1155.41,962.08,208.5,-15.17
2020-11-25,23,HUATULCO,1003.35,835.91,174.48,-7.04
2020-11-25,24,HUATULCO,941.05,792.42,154.08,-5.45
2020-11-25,1,HUEJUTLA,485.09,507.47,-22.39,0
2020-11-25,2,HUEJUTLA,452.38,471.78,-19.4,0
2020-11-25,3,HUEJUTLA,444.35,460.71,-16.37,0
2020-11-25,4,HUEJUTLA,438.34,454.18,-15.84,0
2020-11-25,5,HUEJUTLA,443.95,462.04,-16.11,-1.99
2020-11-25,6,HUEJUTLA,449.41,466.6,-17.19,0
2020-11-25,7,HUEJUTLA,470.28,491.39,-21.12,0
2020-11-25,8,HUEJUTLA,493.55,517.54,-23.99,0
2020-11-25,9,HUEJUTLA,497.13,520.67,-23.54,0
2020-11-25,10,HUEJUTLA,484.15,548.08,-22.79,-41.15
2020-11-25,11,HUEJUTLA,732.82,813.62,-30.46,-50.34
2020-11-25,12,HUEJUTLA,620.48,1075.86,-36.52,-418.86
2020-11-25,13,HUEJUTLA,453.35,1047.34,-36.72,-557.27
2020-11-25,14,HUEJUTLA,456.7,929.65,-31.83,-441.12
2020-11-25,15,HUEJUTLA,452.4,928.18,-31.06,-444.72
2020-11-25,16,HUEJUTLA,500.91,702.18,-25.12,-176.15
2020-11-25,17,HUEJUTLA,622,726.27,-27.42,-76.85
2020-11-25,18,HUEJUTLA,879.48,910.74,-30.57,-.69
2020-11-25,19,HUEJUTLA,1314.69,1412.4,-42.82,-54.89
2020-11-25,20,HUEJUTLA,1097.71,1240,-37.54,-104.75
2020-11-25,21,HUEJUTLA,1051.22,1189.32,-37.52,-100.57
2020-11-25,22,HUEJUTLA,863.63,962.08,-35.88,-62.58
2020-11-25,23,HUEJUTLA,774.63,835.91,-32.8,-28.47
2020-11-25,24,HUEJUTLA,738.09,792.42,-32.26,-22.07
2020-11-25,1,IGUALA,564.75,507.47,57.28,0
2020-11-25,2,IGUALA,521.67,471.78,49.89,0
2020-11-25,3,IGUALA,508.67,460.71,47.96,0
2020-11-25,4,IGUALA,500.67,454.18,46.49,0
2020-11-25,5,IGUALA,509.79,462.04,48.1,-.35
2020-11-25,6,IGUALA,516.02,466.6,49.43,0
2020-11-25,7,IGUALA,543.45,491.39,52.06,0
2020-11-25,8,IGUALA,570.67,517.54,53.14,0
2020-11-25,9,IGUALA,578.77,520.67,58.1,0
2020-11-25,10,IGUALA,650.12,548.08,64.42,37.62
2020-11-25,11,IGUALA,934.33,813.62,84.74,35.98
2020-11-25,12,IGUALA,1319.66,1075.86,83.88,159.92
2020-11-25,13,IGUALA,1334.68,1047.34,84.53,202.82
2020-11-25,14,IGUALA,1182.7,929.65,80.88,172.17
2020-11-25,15,IGUALA,1182.39,928.18,80.41,173.81
2020-11-25,16,IGUALA,847.69,702.18,72.51,73
2020-11-25,17,IGUALA,830.23,726.27,71.82,32.15
2020-11-25,18,IGUALA,971.17,910.74,60.4,.04
2020-11-25,19,IGUALA,1484.19,1412.4,81.82,-10.03
2020-11-25,20,IGUALA,1305.77,1240,84.81,-19.04
2020-11-25,21,IGUALA,1262.7,1189.32,91.61,-18.22
2020-11-25,22,IGUALA,1021.36,962.08,70.55,-11.27
2020-11-25,23,IGUALA,909.79,835.91,79.03,-5.15
2020-11-25,24,IGUALA,865.86,792.42,77.43,-3.99
2020-11-25,1,IRAPUATO,520.55,507.47,13.07,0
2020-11-25,2,IRAPUATO,482.96,471.78,11.18,0
2020-11-25,3,IRAPUATO,470.94,460.71,10.23,0
2020-11-25,4,IRAPUATO,463.22,454.19,9.03,0
2020-11-25,5,IRAPUATO,471.97,462.04,9.09,.84
2020-11-25,6,IRAPUATO,476.05,466.6,9.45,0
2020-11-25,7,IRAPUATO,502.65,491.39,11.26,0
2020-11-25,8,IRAPUATO,531.94,517.54,14.41,0
2020-11-25,9,IRAPUATO,534.34,520.67,13.67,0
2020-11-25,10,IRAPUATO,559.28,548.08,12.68,-1.48
2020-11-25,11,IRAPUATO,835.13,813.62,19.1,2.42
2020-11-25,12,IRAPUATO,1071.75,1075.86,22.76,-26.87
2020-11-25,13,IRAPUATO,1041.37,1047.34,23.9,-29.87
2020-11-25,14,IRAPUATO,917.29,929.65,18.61,-30.97
2020-11-25,15,IRAPUATO,915.9,928.18,18.92,-31.2
2020-11-25,16,IRAPUATO,704.61,702.18,15.38,-12.96
2020-11-25,17,IRAPUATO,737.16,726.27,17.47,-6.57
2020-11-25,18,IRAPUATO,934.72,910.74,23.75,.23
2020-11-25,19,IRAPUATO,1473.74,1412.4,38.06,23.27
2020-11-25,20,IRAPUATO,1317.68,1240,33.51,44.17
2020-11-25,21,IRAPUATO,1262.51,1189.32,30.97,42.22
2020-11-25,22,IRAPUATO,1012.67,962.08,24.35,26.24
2020-11-25,23,IRAPUATO,868.65,835.91,20.83,11.92
2020-11-25,24,IRAPUATO,822.89,792.42,21.21,9.26
2020-11-25,1,IXMIQUILPAN,533.64,507.47,26.16,0
2020-11-25,2,IXMIQUILPAN,496.15,471.78,24.37,0
2020-11-25,3,IXMIQUILPAN,484.32,460.71,23.61,0
2020-11-25,4,IXMIQUILPAN,477.9,454.19,23.72,0
2020-11-25,5,IXMIQUILPAN,486.63,462.04,24.75,-.15
2020-11-25,6,IXMIQUILPAN,492.41,466.6,25.81,0
2020-11-25,7,IXMIQUILPAN,519.32,491.39,27.93,0
2020-11-25,8,IXMIQUILPAN,547.2,517.54,29.67,0
2020-11-25,9,IXMIQUILPAN,550.79,520.67,30.12,0
2020-11-25,10,IXMIQUILPAN,590.02,548.08,33.18,8.76
2020-11-25,11,IXMIQUILPAN,869.46,813.62,48.52,7.32
2020-11-25,12,IXMIQUILPAN,1224.79,1075.86,65.11,83.82
2020-11-25,13,IXMIQUILPAN,1201.79,1047.34,45.68,108.77
2020-11-25,14,IXMIQUILPAN,1078.3,929.65,57.91,90.74
2020-11-25,15,IXMIQUILPAN,1075.6,928.18,55.9,91.52
2020-11-25,16,IXMIQUILPAN,783.43,702.18,42.9,38.36
2020-11-25,17,IXMIQUILPAN,783.53,726.27,39.67,17.6
2020-11-25,18,IXMIQUILPAN,960.52,910.74,49.82,-.04
2020-11-25,19,IXMIQUILPAN,1447.7,1412.4,39.23,-3.94
2020-11-25,20,IXMIQUILPAN,1275.35,1240,42.56,-7.21
2020-11-25,21,IXMIQUILPAN,1219.35,1189.32,36.91,-6.88
2020-11-25,22,IXMIQUILPAN,1016.13,962.08,58.4,-4.35
2020-11-25,23,IXMIQUILPAN,880.56,835.91,46.66,-2
2020-11-25,24,IXMIQUILPAN,831.57,792.42,40.79,-1.64
2020-11-25,1,IZUCAR,546.36,507.47,38.88,0
2020-11-25,2,IZUCAR,505.84,471.78,34.06,0
2020-11-25,3,IZUCAR,493.77,460.71,33.06,0
2020-11-25,4,IZUCAR,488.41,454.18,34.22,0
2020-11-25,5,IZUCAR,497.2,462.04,35.74,-.58
2020-11-25,6,IZUCAR,503.65,466.6,37.05,0
2020-11-25,7,IZUCAR,530.39,491.39,38.99,0
2020-11-25,8,IZUCAR,556.82,517.54,39.28,0
2020-11-25,9,IZUCAR,564.97,520.67,44.3,0
2020-11-25,10,IZUCAR,688.25,548.08,49.12,91.04
2020-11-25,11,IZUCAR,967.99,813.62,73.09,81.28
2020-11-25,12,IZUCAR,1399.93,1075.86,104.65,219.42
2020-11-25,13,IZUCAR,1419.4,1047.34,98.64,273.42
2020-11-25,14,IZUCAR,1246.09,929.65,86.51,229.93
2020-11-25,15,IZUCAR,1245.33,928.18,84.61,232.55
2020-11-25,16,IZUCAR,862.71,702.18,63.07,97.45
2020-11-25,17,IZUCAR,832.77,726.27,62.32,44.18
2020-11-25,18,IZUCAR,979.86,910.74,69.25,-.13
2020-11-25,19,IZUCAR,1515.78,1412.4,119.46,-16.08
2020-11-25,20,IZUCAR,1313.06,1240,103.57,-30.51
2020-11-25,21,IZUCAR,1268.27,1189.32,108.15,-29.2
2020-11-25,22,IZUCAR,1027.45,962.08,83.5,-18.13
2020-11-25,23,IZUCAR,895.68,835.91,68.07,-8.29
2020-11-25,24,IZUCAR,843.73,792.42,57.73,-6.43
2020-11-25,1,JIQUILPAN,518.97,507.47,11.5,0
2020-11-25,2,JIQUILPAN,480.36,471.78,8.58,0
2020-11-25,3,JIQUILPAN,468.33,460.71,7.62,0
2020-11-25,4,JIQUILPAN,459.52,454.19,5.33,0
2020-11-25,5,JIQUILPAN,468.11,462.04,5.51,.56
2020-11-25,6,JIQUILPAN,472.95,466.6,6.35,0
2020-11-25,7,JIQUILPAN,500.47,491.39,9.08,0
2020-11-25,8,JIQUILPAN,530.72,517.54,13.18,0
2020-11-25,9,JIQUILPAN,535.17,520.67,14.49,0
2020-11-25,10,JIQUILPAN,564.41,548.08,13.34,2.99
2020-11-25,11,JIQUILPAN,851.82,813.62,18,20.21
2020-11-25,12,JIQUILPAN,1098.99,1075.86,20.89,2.25
2020-11-25,13,JIQUILPAN,1065.51,1047.34,23.66,-5.49
2020-11-25,14,JIQUILPAN,938.18,929.65,16.14,-7.61
2020-11-25,15,JIQUILPAN,937.33,928.18,16.68,-7.53
2020-11-25,16,JIQUILPAN,714.05,702.18,14.26,-2.4
2020-11-25,17,JIQUILPAN,737.57,726.27,15.46,-4.15
2020-11-25,18,JIQUILPAN,924.87,910.74,13.36,.77
2020-11-25,19,JIQUILPAN,1449.23,1412.4,21.89,14.94
2020-11-25,20,JIQUILPAN,1286.08,1240,17.69,28.39
2020-11-25,21,JIQUILPAN,1233.94,1189.32,17.46,27.16
2020-11-25,22,JIQUILPAN,996.27,962.08,17.15,17.03
2020-11-25,23,JIQUILPAN,859.69,835.91,16.03,7.75
2020-11-25,24,JIQUILPAN,816.95,792.42,18.52,6.01
2020-11-25,1,JUAREZ,415.65,507.47,-91.82,0
2020-11-25,2,JUAREZ,396.31,471.78,-75.47,0
2020-11-25,3,JUAREZ,390.89,460.71,-69.82,0
2020-11-25,4,JUAREZ,375.73,454.19,-78.46,0
2020-11-25,5,JUAREZ,373.87,462.04,-79.7,-8.47
2020-11-25,6,JUAREZ,382.47,466.6,-84.13,0
2020-11-25,7,JUAREZ,398.11,491.39,-93.28,0
2020-11-25,8,JUAREZ,430.4,517.54,-87.13,0
2020-11-25,9,JUAREZ,413.9,520.67,-106.77,0
2020-11-25,10,JUAREZ,388.11,548.08,-121.24,-38.73
2020-11-25,11,JUAREZ,416.36,813.62,-204.47,-192.79
2020-11-25,12,JUAREZ,419.25,1075.86,-308.21,-348.4
2020-11-25,13,JUAREZ,385.29,1047.34,-246.29,-415.76
2020-11-25,14,JUAREZ,420.87,929.65,-226.03,-282.76
2020-11-25,15,JUAREZ,396.01,928.18,-245.94,-286.23
2020-11-25,16,JUAREZ,387.94,702.18,-186.6,-127.64
2020-11-25,17,JUAREZ,449.3,726.27,-223.51,-53.45
2020-11-25,18,JUAREZ,603.36,910.74,-278.07,-29.31
2020-11-25,19,JUAREZ,809.11,1412.4,-366.95,-236.34
2020-11-25,20,JUAREZ,490.33,1240,-300.03,-449.64
2020-11-25,21,JUAREZ,489.58,1189.32,-269.43,-430.32
2020-11-25,22,JUAREZ,473.77,962.08,-220.54,-267.77
2020-11-25,23,JUAREZ,489.89,835.91,-224.13,-121.88
2020-11-25,24,JUAREZ,486.15,792.42,-211.8,-94.48
2020-11-25,1,LAGUNA,476.6,507.47,-30.87,0
2020-11-25,2,LAGUNA,444.95,471.78,-26.83,0
2020-11-25,3,LAGUNA,430.46,460.71,-30.25,0
2020-11-25,4,LAGUNA,420,454.19,-34.19,0
2020-11-25,5,LAGUNA,416.77,462.04,-36.25,-9.02
2020-11-25,6,LAGUNA,429.69,466.6,-36.91,0
2020-11-25,7,LAGUNA,457.2,491.39,-34.19,0
2020-11-25,8,LAGUNA,488.55,517.54,-28.99,0
2020-11-25,9,LAGUNA,472.3,520.67,-48.37,0
2020-11-25,10,LAGUNA,450.53,548.08,-61.65,-35.9
2020-11-25,11,LAGUNA,542.24,813.62,-100.73,-170.65
2020-11-25,12,LAGUNA,611.53,1075.86,-138.14,-326.18
2020-11-25,13,LAGUNA,505.17,1047.34,-134.54,-407.63
2020-11-25,14,LAGUNA,538.74,929.65,-120.82,-270.1
2020-11-25,15,LAGUNA,529.11,928.18,-125.76,-273.3
2020-11-25,16,LAGUNA,485.72,702.18,-95.17,-121.3
2020-11-25,17,LAGUNA,591.47,726.27,-99.97,-34.84
2020-11-25,18,LAGUNA,808.98,910.74,-97.59,-4.18
2020-11-25,19,LAGUNA,1024.51,1412.4,-135.52,-252.37
2020-11-25,20,LAGUNA,652.72,1240,-108.15,-479.13
2020-11-25,21,LAGUNA,625.63,1189.32,-105.17,-458.52
2020-11-25,22,LAGUNA,590.95,962.08,-85.83,-285.3
2020-11-25,23,LAGUNA,628.81,835.91,-77.23,-129.87
2020-11-25,24,LAGUNA,623.05,792.42,-68.72,-100.66
2020-11-25,1,LAZARO CARDENAS,533.45,507.47,25.98,0
2020-11-25,2,LAZARO CARDENAS,491.89,471.78,20.11,0
2020-11-25,3,LAZARO CARDENAS,480.69,460.71,19.98,0
2020-11-25,4,LAZARO CARDENAS,470.4,454.18,16.21,0
2020-11-25,5,LAZARO CARDENAS,480.19,462.04,18.11,.04
2020-11-25,6,LAZARO CARDENAS,486.19,466.6,19.59,0
2020-11-25,7,LAZARO CARDENAS,513.66,491.39,22.27,0
2020-11-25,8,LAZARO CARDENAS,541.2,517.54,23.66,0
2020-11-25,9,LAZARO CARDENAS,546.65,520.67,25.98,0
2020-11-25,10,LAZARO CARDENAS,590.39,548.08,26.83,15.48
2020-11-25,11,LAZARO CARDENAS,875.25,813.62,39.01,22.62
2020-11-25,12,LAZARO CARDENAS,1232.15,1075.86,61.37,94.91
2020-11-25,13,LAZARO CARDENAS,1229.3,1047.34,64.29,117.67
2020-11-25,14,LAZARO CARDENAS,1092.61,929.65,65.66,97.3
2020-11-25,15,LAZARO CARDENAS,1090.22,928.18,63.82,98.22
2020-11-25,16,LAZARO CARDENAS,790.13,702.18,46.38,41.57
2020-11-25,17,LAZARO CARDENAS,784.39,726.27,42.85,15.28
2020-11-25,18,LAZARO CARDENAS,942.53,910.74,31.44,.35
2020-11-25,19,LAZARO CARDENAS,1461.02,1412.4,49.32,-.7
2020-11-25,20,LAZARO CARDENAS,1274.53,1240,35.86,-1.34
2020-11-25,21,LAZARO CARDENAS,1224.68,1189.32,36.65,-1.28
2020-11-25,22,LAZARO CARDENAS,992.17,962.08,30.75,-.66
2020-11-25,23,LAZARO CARDENAS,868.53,835.91,32.92,-.3
2020-11-25,24,LAZARO CARDENAS,829.66,792.42,37.47,-.23
2020-11-25,1,LEON,520.16,507.47,12.69,0
2020-11-25,2,LEON,482.34,471.78,10.56,0
2020-11-25,3,LEON,470.16,460.71,9.44,0
2020-11-25,4,LEON,462.41,454.19,8.22,0
2020-11-25,5,LEON,471.59,462.04,8.34,1.21
2020-11-25,6,LEON,475.23,466.6,8.63,0
2020-11-25,7,LEON,502.48,491.39,11.09,0
2020-11-25,8,LEON,532.66,517.54,15.12,0
2020-11-25,9,LEON,535.2,520.67,14.53,0
2020-11-25,10,LEON,557.73,548.08,13.2,-3.55
2020-11-25,11,LEON,830.98,813.62,19.37,-2.01
2020-11-25,12,LEON,1051.82,1075.86,22.93,-46.97
2020-11-25,13,LEON,1021.25,1047.34,24.17,-50.26
2020-11-25,14,LEON,897.19,929.65,18.45,-50.91
2020-11-25,15,LEON,895.64,928.18,18.74,-51.28
2020-11-25,16,LEON,696.65,702.18,15.95,-21.48
2020-11-25,17,LEON,734.93,726.27,18.65,-9.99
2020-11-25,18,LEON,938.93,910.74,28.02,.17
2020-11-25,19,LEON,1489.46,1412.4,43.3,33.76
2020-11-25,20,LEON,1341.44,1240,37.38,64.07
2020-11-25,21,LEON,1284.82,1189.32,34.23,61.28
2020-11-25,22,LEON,1026.84,962.08,26.66,38.1
2020-11-25,23,LEON,876,835.91,22.76,17.33
2020-11-25,24,LEON,828.17,792.42,22.31,13.44
2020-11-25,1,LOS ALTOS,520.71,507.47,13.24,0
2020-11-25,2,LOS ALTOS,482.91,471.78,11.13,0
2020-11-25,3,LOS ALTOS,470.8,460.71,10.08,0
2020-11-25,4,LOS ALTOS,462.71,454.19,8.53,0
2020-11-25,5,LOS ALTOS,472.43,462.04,8.76,1.63
2020-11-25,6,LOS ALTOS,475.88,466.6,9.28,0
2020-11-25,7,LOS ALTOS,504.28,491.39,12.89,0
2020-11-25,8,LOS ALTOS,535.76,517.54,18.22,0
2020-11-25,9,LOS ALTOS,536.4,520.67,15.72,0
2020-11-25,10,LOS ALTOS,556.59,548.08,12.82,-4.31
2020-11-25,11,LOS ALTOS,831.01,813.62,17.35,.04
2020-11-25,12,LOS ALTOS,1033.12,1075.86,18.17,-60.91
2020-11-25,13,LOS ALTOS,1000.57,1047.34,20.33,-67.1
2020-11-25,14,LOS ALTOS,874.25,929.65,12.17,-67.58
2020-11-25,15,LOS ALTOS,871.23,928.18,11.56,-68.51
2020-11-25,16,LOS ALTOS,685.31,702.18,11.54,-28.41
2020-11-25,17,LOS ALTOS,728.23,726.27,15.6,-13.64
2020-11-25,18,LOS ALTOS,937.06,910.74,25.99,.34
2020-11-25,19,LOS ALTOS,1497.71,1412.4,41.05,44.26
2020-11-25,20,LOS ALTOS,1360.69,1240,37.18,83.51
2020-11-25,21,LOS ALTOS,1301.96,1189.32,32.78,79.86
2020-11-25,22,LOS ALTOS,1037.44,962.08,25.9,49.46
2020-11-25,23,LOS ALTOS,879.81,835.91,21.33,22.58
2020-11-25,24,LOS ALTOS,832.9,792.42,22.74,17.73
2020-11-25,1,LOS MOCHIS,431.95,507.47,-75.53,0
2020-11-25,2,LOS MOCHIS,400.84,471.78,-70.94,0
2020-11-25,3,LOS MOCHIS,391.11,460.71,-69.6,0
2020-11-25,4,LOS MOCHIS,379.73,454.19,-74.46,0
2020-11-25,5,LOS MOCHIS,380.26,462.04,-77.62,-4.16
2020-11-25,6,LOS MOCHIS,385.59,466.6,-81.01,0
2020-11-25,7,LOS MOCHIS,403.45,491.39,-87.94,0
2020-11-25,8,LOS MOCHIS,431.39,517.54,-86.14,0
2020-11-25,9,LOS MOCHIS,421.87,520.67,-98.81,0
2020-11-25,10,LOS MOCHIS,387.18,548.08,-109.22,-51.68
2020-11-25,11,LOS MOCHIS,337.54,813.62,-160.4,-315.68
2020-11-25,12,LOS MOCHIS,395.19,1075.86,-241.95,-438.72
2020-11-25,13,LOS MOCHIS,421.59,1047.34,-221.25,-404.5
2020-11-25,14,LOS MOCHIS,402.12,929.65,-211.61,-315.92
2020-11-25,15,LOS MOCHIS,397.29,928.18,-210.37,-320.52
2020-11-25,16,LOS MOCHIS,399.95,702.18,-154.96,-147.27
2020-11-25,17,LOS MOCHIS,479.89,726.27,-164.8,-81.58
2020-11-25,18,LOS MOCHIS,633.98,910.74,-197.78,-78.99
2020-11-25,19,LOS MOCHIS,1027.95,1412.4,-267.34,-117.12
2020-11-25,20,LOS MOCHIS,794.49,1240,-223.83,-221.67
2020-11-25,21,LOS MOCHIS,764.63,1189.32,-212.53,-212.16
2020-11-25,22,LOS MOCHIS,667.82,962.08,-162.23,-132.03
2020-11-25,23,LOS MOCHIS,629.51,835.91,-146.3,-60.09
2020-11-25,24,LOS MOCHIS,609.58,792.42,-136.27,-46.58
2020-11-25,1,LOS RIOS,543.02,507.47,35.54,0
2020-11-25,2,LOS RIOS,502.24,471.78,30.46,0
2020-11-25,3,LOS RIOS,489.24,460.71,28.52,0
2020-11-25,4,LOS RIOS,485.69,454.18,31.51,0
2020-11-25,5,LOS RIOS,493.37,462.04,31.92,-.59
2020-11-25,6,LOS RIOS,498.32,466.6,31.72,0
2020-11-25,7,LOS RIOS,523.29,491.39,31.9,0
2020-11-25,8,LOS RIOS,546.9,517.54,29.36,0
2020-11-25,9,LOS RIOS,566.75,520.67,46.08,0
2020-11-25,10,LOS RIOS,713.36,548.08,54.07,111.2
2020-11-25,11,LOS RIOS,1000.64,813.62,87.28,99.74
2020-11-25,12,LOS RIOS,1421.04,1075.86,123.45,221.74
2020-11-25,13,LOS RIOS,1440.12,1047.34,115.1,277.68
2020-11-25,14,LOS RIOS,1254.38,929.65,90.96,233.76
2020-11-25,15,LOS RIOS,1251.02,928.18,84.57,238.27
2020-11-25,16,LOS RIOS,863.55,702.18,61.4,99.97
2020-11-25,17,LOS RIOS,822.97,726.27,51.39,45.31
2020-11-25,18,LOS RIOS,958.39,910.74,47.78,-.13
2020-11-25,19,LOS RIOS,1480.4,1412.4,84.33,-16.33
2020-11-25,20,LOS RIOS,1275.86,1240,66.85,-30.99
2020-11-25,21,LOS RIOS,1256.55,1189.32,96.89,-29.66
2020-11-25,22,LOS RIOS,1017.82,962.08,74.16,-18.42
2020-11-25,23,LOS RIOS,895.1,835.91,67.69,-8.5
2020-11-25,24,LOS RIOS,840.96,792.42,55.12,-6.59
2020-11-25,1,LOS TUXTLAS,534.2,507.47,26.73,0
2020-11-25,2,LOS TUXTLAS,494.65,471.78,22.87,0
2020-11-25,3,LOS TUXTLAS,482.18,460.71,21.47,0
2020-11-25,4,LOS TUXTLAS,477.34,454.19,23.16,0
2020-11-25,5,LOS TUXTLAS,485.38,462.04,23.94,-.6
2020-11-25,6,LOS TUXTLAS,491.12,466.6,24.52,0
2020-11-25,7,LOS TUXTLAS,516.44,491.39,25.05,0
2020-11-25,8,LOS TUXTLAS,542.52,517.54,24.99,0
2020-11-25,9,LOS TUXTLAS,554.74,520.67,34.07,0
2020-11-25,10,LOS TUXTLAS,710.96,548.08,40.03,122.84
2020-11-25,11,LOS TUXTLAS,987.59,813.62,63.55,110.42
2020-11-25,12,LOS TUXTLAS,1390.64,1075.86,89.87,224.91
2020-11-25,13,LOS TUXTLAS,1416.05,1047.34,86.71,282
2020-11-25,14,LOS TUXTLAS,1238.78,929.65,71.79,237.34
2020-11-25,15,LOS TUXTLAS,1234.26,928.18,64.93,241.15
2020-11-25,16,LOS TUXTLAS,860.29,702.18,56.89,101.22
2020-11-25,17,LOS TUXTLAS,820.83,726.27,48.69,45.87
2020-11-25,18,LOS TUXTLAS,955.56,910.74,44.96,-.14
2020-11-25,19,LOS TUXTLAS,1482.66,1412.4,86.86,-16.6
2020-11-25,20,LOS TUXTLAS,1281.04,1240,72.55,-31.51
2020-11-25,21,LOS TUXTLAS,1249.45,1189.32,90.29,-30.16
2020-11-25,22,LOS TUXTLAS,1011.07,962.08,67.71,-18.73
2020-11-25,23,LOS TUXTLAS,885.19,835.91,57.9,-8.61
2020-11-25,24,LOS TUXTLAS,831.08,792.42,45.33,-6.68
2020-11-25,1,MANZANILLO,509,507.47,1.53,0
2020-11-25,2,MANZANILLO,471.11,471.78,-.67,0
2020-11-25,3,MANZANILLO,459.16,460.71,-1.55,0
2020-11-25,4,MANZANILLO,450.13,454.19,-4.06,0
2020-11-25,5,MANZANILLO,458.35,462.04,-4.2,.51
2020-11-25,6,MANZANILLO,462.65,466.6,-3.95,0
2020-11-25,7,MANZANILLO,489.41,491.39,-1.98,0
2020-11-25,8,MANZANILLO,519.2,517.54,1.66,0
2020-11-25,9,MANZANILLO,523.97,520.67,3.3,0
2020-11-25,10,MANZANILLO,550.4,548.08,-.98,3.3
2020-11-25,11,MANZANILLO,838.64,813.62,-5.2,30.22
2020-11-25,12,MANZANILLO,1065.75,1075.86,-12.4,2.29
2020-11-25,13,MANZANILLO,1022.1,1047.34,-9.18,-16.06
2020-11-25,14,MANZANILLO,903.16,929.65,-11.54,-14.95
2020-11-25,15,MANZANILLO,902.55,928.18,-10.79,-14.83
2020-11-25,16,MANZANILLO,691.11,702.18,-5.99,-5.08
2020-11-25,17,MANZANILLO,716.09,726.27,-3.89,-6.29
2020-11-25,18,MANZANILLO,904.39,910.74,-7.51,1.15
2020-11-25,19,MANZANILLO,1410.92,1412.4,-13.6,12.11
2020-11-25,20,MANZANILLO,1245.68,1240,-17.35,23.02
2020-11-25,21,MANZANILLO,1195.97,1189.32,-15.37,22.03
2020-11-25,22,MANZANILLO,973.04,962.08,-4.33,15.29
2020-11-25,23,MANZANILLO,840.9,835.91,-1.97,6.96
2020-11-25,24,MANZANILLO,800.58,792.42,2.75,5.4
2020-11-25,1,MATAMOROS,422,507.47,-85.47,0
2020-11-25,2,MATAMOROS,392.34,471.78,-79.44,0
2020-11-25,3,MATAMOROS,375.26,460.71,-85.45,0
2020-11-25,4,MATAMOROS,366.5,454.19,-87.68,0
2020-11-25,5,MATAMOROS,359.99,462.04,-90.11,-11.94
2020-11-25,6,MATAMOROS,377.08,466.6,-89.52,0
2020-11-25,7,MATAMOROS,408.43,491.39,-82.96,0
2020-11-25,8,MATAMOROS,447.18,517.54,-70.35,0
2020-11-25,9,MATAMOROS,446.17,520.67,-74.51,0
2020-11-25,10,MATAMOROS,433.04,548.08,-86.18,-28.86
2020-11-25,11,MATAMOROS,588.76,813.62,-134.95,-89.91
2020-11-25,12,MATAMOROS,603.72,1075.86,-191.11,-281.03
2020-11-25,13,MATAMOROS,421.84,1047.34,-189.26,-436.24
2020-11-25,14,MATAMOROS,499.11,929.65,-166.1,-264.44
2020-11-25,15,MATAMOROS,497.61,928.18,-163.54,-267.03
2020-11-25,16,MATAMOROS,467.32,702.18,-119.71,-115.16
2020-11-25,17,MATAMOROS,553.43,726.27,-129.02,-43.81
2020-11-25,18,MATAMOROS,757.02,910.74,-150.12,-3.59
2020-11-25,19,MATAMOROS,841.6,1412.4,-236.89,-333.91
2020-11-25,20,MATAMOROS,403.47,1240,-202.68,-633.86
2020-11-25,21,MATAMOROS,388.06,1189.32,-194.65,-606.61
2020-11-25,22,MATAMOROS,421.66,962.08,-162.98,-377.44
2020-11-25,23,MATAMOROS,523.42,835.91,-140.68,-171.81
2020-11-25,24,MATAMOROS,536.91,792.42,-122.34,-133.17
2020-11-25,1,MATEHUALA,514.07,507.47,6.6,0
2020-11-25,2,MATEHUALA,474.61,471.78,2.83,0
2020-11-25,3,MATEHUALA,459.46,460.71,-1.26,0
2020-11-25,4,MATEHUALA,457.31,454.18,3.13,0
2020-11-25,5,MATEHUALA,470.94,462.04,7.94,.96
2020-11-25,6,MATEHUALA,475.5,466.6,8.9,0
2020-11-25,7,MATEHUALA,502.6,491.39,11.21,0
2020-11-25,8,MATEHUALA,537.53,517.54,20,0
2020-11-25,9,MATEHUALA,533.79,520.67,13.12,0
2020-11-25,10,MATEHUALA,538.05,548.08,4.17,-14.2
2020-11-25,11,MATEHUALA,798.48,813.62,3.92,-19.06
2020-11-25,12,MATEHUALA,936.3,1075.86,12.99,-152.55
2020-11-25,13,MATEHUALA,877.71,1047.34,15.4,-185.03
2020-11-25,14,MATEHUALA,772.55,929.65,2.69,-159.79
2020-11-25,15,MATEHUALA,770.73,928.18,3.66,-161.1
2020-11-25,16,MATEHUALA,634.45,702.18,.17,-67.91
2020-11-25,17,MATEHUALA,699.78,726.27,3.15,-29.64
2020-11-25,18,MATEHUALA,931.12,910.74,20.57,-.19
2020-11-25,19,MATEHUALA,1458.8,1412.4,19.55,26.85
2020-11-25,20,MATEHUALA,1314.08,1240,23.13,50.96
2020-11-25,21,MATEHUALA,1256.95,1189.32,18.87,48.77
2020-11-25,22,MATEHUALA,1000.66,962.08,8.28,30.3
2020-11-25,23,MATEHUALA,867.52,835.91,17.82,13.8
2020-11-25,24,MATEHUALA,825.65,792.42,22.53,10.7
2020-11-25,1,MAZATLAN,484.12,507.47,-23.35,0
2020-11-25,2,MAZATLAN,448.55,471.78,-23.23,0
2020-11-25,3,MAZATLAN,436,460.71,-24.71,0
2020-11-25,4,MAZATLAN,425.08,454.19,-29.1,0
2020-11-25,5,MAZATLAN,427.45,462.04,-31.22,-3.37
2020-11-25,6,MAZATLAN,433.76,466.6,-32.84,0
2020-11-25,7,MAZATLAN,457.62,491.39,-33.78,0
2020-11-25,8,MAZATLAN,486.96,517.54,-30.57,0
2020-11-25,9,MAZATLAN,480.68,520.67,-39.99,0
2020-11-25,10,MAZATLAN,447.43,548.08,-46.78,-53.88
2020-11-25,11,MAZATLAN,406.81,813.62,-69.52,-337.28
2020-11-25,12,MAZATLAN,513.22,1075.86,-108.02,-454.62
2020-11-25,13,MAZATLAN,545.77,1047.34,-100.22,-401.34
2020-11-25,14,MAZATLAN,500.28,929.65,-107.95,-321.42
2020-11-25,15,MAZATLAN,496.61,928.18,-105.33,-326.23
2020-11-25,16,MAZATLAN,475.86,702.18,-75.71,-150.61
2020-11-25,17,MAZATLAN,635.68,726.27,-75.76,-14.83
2020-11-25,18,MAZATLAN,831.39,910.74,-86.33,6.98
2020-11-25,19,MAZATLAN,1194.15,1412.4,-123.56,-94.69
2020-11-25,20,MAZATLAN,962.48,1240,-98.07,-179.45
2020-11-25,21,MAZATLAN,926,1189.32,-91.58,-171.73
2020-11-25,22,MAZATLAN,793.02,962.08,-62.18,-106.88
2020-11-25,23,MAZATLAN,733.74,835.91,-53.52,-48.64
2020-11-25,24,MAZATLAN,709.24,792.42,-45.48,-37.7
2020-11-25,1,MERIDA,535.92,507.47,28.45,0
2020-11-25,2,MERIDA,497.83,471.78,26.05,0
2020-11-25,3,MERIDA,483.51,460.71,22.79,0
2020-11-25,4,MERIDA,482.04,454.18,27.86,0
2020-11-25,5,MERIDA,488.55,462.04,27.1,-.59
2020-11-25,6,MERIDA,493.24,466.6,26.64,0
2020-11-25,7,MERIDA,516.7,491.39,25.31,0
2020-11-25,8,MERIDA,539.38,517.54,21.84,0
2020-11-25,9,MERIDA,567.99,520.67,47.32,0
2020-11-25,10,MERIDA,720.01,548.08,60.73,111.2
2020-11-25,11,MERIDA,1012.11,813.62,98.75,99.74
2020-11-25,12,MERIDA,1436.61,1075.86,139.01,221.73
2020-11-25,13,MERIDA,1452.73,1047.34,127.72,277.67
2020-11-25,14,MERIDA,1262.21,929.65,98.8,233.76
2020-11-25,15,MERIDA,1255.09,928.18,88.64,238.27
2020-11-25,16,MERIDA,866.95,702.18,64.8,99.97
2020-11-25,17,MERIDA,823.88,726.27,52.3,45.31
2020-11-25,18,MERIDA,959.38,910.74,48.77,-.13
2020-11-25,19,MERIDA,1478.98,1412.4,82.9,-16.33
2020-11-25,20,MERIDA,1268.64,1240,59.64,-30.99
2020-11-25,21,MERIDA,1245.55,1189.32,85.9,-29.66
2020-11-25,22,MERIDA,1006.81,962.08,63.14,-18.42
2020-11-25,23,MERIDA,887.36,835.91,59.95,-8.5
2020-11-25,24,MERIDA,829.96,792.42,44.12,-6.59
2020-11-25,1,MINAS,547.53,507.47,40.06,0
2020-11-25,2,MINAS,506.27,471.78,34.49,0
2020-11-25,3,MINAS,491.85,460.71,31.13,0
2020-11-25,4,MINAS,481.91,454.19,27.73,0
2020-11-25,5,MINAS,488.97,462.04,26.58,.35
2020-11-25,6,MINAS,491.87,466.6,25.27,0
2020-11-25,7,MINAS,523.45,491.39,32.06,0
2020-11-25,8,MINAS,558.15,517.54,40.62,0
2020-11-25,9,MINAS,561.99,520.67,41.32,0
2020-11-25,10,MINAS,589.22,548.08,38,3.14
2020-11-25,11,MINAS,909.63,813.62,56.52,39.5
2020-11-25,12,MINAS,1137.76,1075.86,62.36,-.47
2020-11-25,13,MINAS,1047.09,1047.34,65.32,-65.57
2020-11-25,14,MINAS,923.37,929.65,51.48,-57.76
2020-11-25,15,MINAS,916.77,928.18,46.65,-58.06
2020-11-25,16,MINAS,706.51,702.18,29.39,-25.06
2020-11-25,17,MINAS,757.11,726.27,39.61,-8.76
2020-11-25,18,MINAS,968.16,910.74,55.9,1.52
2020-11-25,19,MINAS,1519.06,1412.4,98.06,8.6
2020-11-25,20,MINAS,1350.63,1240,94.26,16.37
2020-11-25,21,MINAS,1293.01,1189.32,88.05,15.65
2020-11-25,22,MINAS,1050.36,962.08,78.17,10.11
2020-11-25,23,MINAS,896.33,835.91,55.8,4.62
2020-11-25,24,MINAS,844.36,792.42,48.41,3.53
2020-11-25,1,MONCLOVA,445.31,507.47,-62.17,0
2020-11-25,2,MONCLOVA,414.76,471.78,-57.02,0
2020-11-25,3,MONCLOVA,400.42,460.71,-60.29,0
2020-11-25,4,MONCLOVA,390.8,454.18,-63.38,0
2020-11-25,5,MONCLOVA,383.8,462.04,-66.2,-12.04
2020-11-25,6,MONCLOVA,399.97,466.6,-66.63,0
2020-11-25,7,MONCLOVA,426.74,491.39,-64.65,0
2020-11-25,8,MONCLOVA,462.1,517.54,-55.43,0
2020-11-25,9,MONCLOVA,455.19,520.67,-65.49,0
2020-11-25,10,MONCLOVA,439.94,548.08,-78.93,-29.21
2020-11-25,11,MONCLOVA,595.11,813.62,-121.66,-96.85
2020-11-25,12,MONCLOVA,623.81,1075.86,-169.76,-282.29
2020-11-25,13,MONCLOVA,448.71,1047.34,-164.98,-433.66
2020-11-25,14,MONCLOVA,523.89,929.65,-143.75,-262.02
2020-11-25,15,MONCLOVA,519.57,928.18,-143.97,-264.64
2020-11-25,16,MONCLOVA,481.46,702.18,-106.26,-114.47
2020-11-25,17,MONCLOVA,567.37,726.27,-115.46,-43.44
2020-11-25,18,MONCLOVA,771.63,910.74,-134.18,-4.94
2020-11-25,19,MONCLOVA,862.4,1412.4,-213.31,-336.7
2020-11-25,20,MONCLOVA,421.94,1240,-178.85,-639.21
2020-11-25,21,MONCLOVA,402.76,1189.32,-174.83,-611.73
2020-11-25,22,MONCLOVA,435.75,962.08,-145.69,-380.64
2020-11-25,23,MONCLOVA,535.66,835.91,-126.97,-173.28
2020-11-25,24,MONCLOVA,547.5,792.42,-110.59,-134.33
2020-11-25,1,MONTEMORELOS,454.32,507.47,-53.15,0
2020-11-25,2,MONTEMORELOS,424.35,471.78,-47.43,0
2020-11-25,3,MONTEMORELOS,410.2,460.71,-50.52,0
2020-11-25,4,MONTEMORELOS,400.9,454.19,-53.28,0
2020-11-25,5,MONTEMORELOS,395.8,462.04,-55.69,-10.55
2020-11-25,6,MONTEMORELOS,410.63,466.6,-55.97,0
2020-11-25,7,MONTEMORELOS,437.82,491.39,-53.57,0
2020-11-25,8,MONTEMORELOS,471.64,517.54,-45.9,0
2020-11-25,9,MONTEMORELOS,466.86,520.67,-53.82,0
2020-11-25,10,MONTEMORELOS,454.6,548.08,-63.74,-29.74
2020-11-25,11,MONTEMORELOS,634.06,813.62,-96.4,-83.16
2020-11-25,12,MONTEMORELOS,647.24,1075.86,-136.09,-292.53
2020-11-25,13,MONTEMORELOS,466.52,1047.34,-137.64,-443.18
2020-11-25,14,MONTEMORELOS,529.27,929.65,-119.07,-281.31
2020-11-25,15,MONTEMORELOS,527.31,928.18,-117.21,-283.66
2020-11-25,16,MONTEMORELOS,494.52,702.18,-85.95,-121.71
2020-11-25,17,MONTEMORELOS,584.97,726.27,-93.8,-47.5
2020-11-25,18,MONTEMORELOS,798.99,910.74,-108.65,-3.11
2020-11-25,19,MONTEMORELOS,942.22,1412.4,-171.63,-298.55
2020-11-25,20,MONTEMORELOS,529.79,1240,-143.21,-567.01
2020-11-25,21,MONTEMORELOS,508.12,1189.32,-138.76,-542.43
2020-11-25,22,MONTEMORELOS,507.31,962.08,-117.53,-337.23
2020-11-25,23,MONTEMORELOS,581.11,835.91,-101.84,-152.96
2020-11-25,24,MONTEMORELOS,585.19,792.42,-88.81,-118.42
2020-11-25,1,MONTERREY,447.54,507.47,-59.93,0
2020-11-25,2,MONTERREY,417.86,471.78,-53.92,0
2020-11-25,3,MONTERREY,403.09,460.71,-57.62,0
2020-11-25,4,MONTERREY,393.65,454.19,-60.53,0
2020-11-25,5,MONTERREY,386.82,462.04,-63.29,-11.94
2020-11-25,6,MONTERREY,403.17,466.6,-63.43,0
2020-11-25,7,MONTERREY,430.8,491.39,-60.6,0
2020-11-25,8,MONTERREY,465.31,517.54,-52.23,0
2020-11-25,9,MONTERREY,459.1,520.67,-61.58,0
2020-11-25,10,MONTERREY,445.95,548.08,-73.3,-28.84
2020-11-25,11,MONTERREY,611.99,813.62,-112.2,-89.43
2020-11-25,12,MONTERREY,636.93,1075.86,-157.99,-280.94
2020-11-25,13,MONTERREY,453.28,1047.34,-157.62,-436.44
2020-11-25,14,MONTERREY,528.38,929.65,-136.63,-264.65
2020-11-25,15,MONTERREY,525.45,928.18,-135.49,-267.24
2020-11-25,16,MONTERREY,487.21,702.18,-99.75,-115.22
2020-11-25,17,MONTERREY,574.13,726.27,-108.3,-43.84
2020-11-25,18,MONTERREY,781.29,910.74,-125.96,-3.49
2020-11-25,19,MONTERREY,876.48,1412.4,-202.13,-333.8
2020-11-25,20,MONTERREY,437.51,1240,-168.83,-633.66
2020-11-25,21,MONTERREY,420.04,1189.32,-162.82,-606.46
2020-11-25,22,MONTERREY,448.76,962.08,-136.02,-377.31
2020-11-25,23,MONTERREY,547.37,835.91,-116.77,-171.76
2020-11-25,24,MONTERREY,557.56,792.42,-101.73,-133.14
2020-11-25,1,MORELIA,527.75,507.47,20.28,0
2020-11-25,2,MORELIA,488.08,471.78,16.3,0
2020-11-25,3,MORELIA,475.88,460.71,15.17,0
2020-11-25,4,MORELIA,468.09,454.19,13.91,0
2020-11-25,5,MORELIA,476.94,462.04,14.55,.35
2020-11-25,6,MORELIA,482.31,466.6,15.71,0
2020-11-25,7,MORELIA,510.74,491.39,19.34,0
2020-11-25,8,MORELIA,541.46,517.54,23.93,0
2020-11-25,9,MORELIA,547.01,520.67,26.34,0
2020-11-25,10,MORELIA,582.04,548.08,27.76,6.2
2020-11-25,11,MORELIA,868.04,813.62,40.6,13.83
2020-11-25,12,MORELIA,1158.32,1075.86,53.55,28.92
2020-11-25,13,MORELIA,1138.24,1047.34,56.15,34.75
2020-11-25,14,MORELIA,1005.31,929.65,48.89,26.77
2020-11-25,15,MORELIA,1004.46,928.18,49.59,26.69
2020-11-25,16,MORELIA,752.03,702.18,38.37,11.48
2020-11-25,17,MORELIA,769.52,726.27,39.6,3.65
2020-11-25,18,MORELIA,954.24,910.74,43.13,.37
2020-11-25,19,MORELIA,1496.04,1412.4,74.15,9.49
2020-11-25,20,MORELIA,1324.32,1240,66.44,17.88
2020-11-25,21,MORELIA,1269.28,1189.32,62.81,17.15
2020-11-25,22,MORELIA,1022.03,962.08,49.02,10.93
2020-11-25,23,MORELIA,881.28,835.91,40.35,5.02
2020-11-25,24,MORELIA,832.88,792.42,36.51,3.95
2020-11-25,1,MORELOS,539.52,507.47,32.04,0
2020-11-25,2,MORELOS,499.31,471.78,27.53,0
2020-11-25,3,MORELOS,487.28,460.71,26.57,0
2020-11-25,4,MORELOS,480.93,454.19,26.74,0
2020-11-25,5,MORELOS,489.52,462.04,27.95,-.47
2020-11-25,6,MORELOS,495.66,466.6,29.06,0
2020-11-25,7,MORELOS,522.2,491.39,30.8,0
2020-11-25,8,MORELOS,547.46,517.54,29.92,0
2020-11-25,9,MORELOS,555.19,520.67,34.52,0
2020-11-25,10,MORELOS,631.55,548.08,39.66,43.81
2020-11-25,11,MORELOS,911.54,813.62,58.5,39.42
2020-11-25,12,MORELOS,1331.86,1075.86,75.7,180.3
2020-11-25,13,MORELOS,1351.72,1047.34,74.8,229.59
2020-11-25,14,MORELOS,1195.19,929.65,69.56,195.98
2020-11-25,15,MORELOS,1192.82,928.18,66.85,197.8
2020-11-25,16,MORELOS,837.19,702.18,52.03,82.98
2020-11-25,17,MORELOS,814.87,726.27,51.12,37.49
2020-11-25,18,MORELOS,962.43,910.74,51.75,-.07
2020-11-25,19,MORELOS,1481.43,1412.4,82.02,-12.99
2020-11-25,20,MORELOS,1287.6,1240,72.25,-24.65
2020-11-25,21,MORELOS,1241.96,1189.32,76.24,-23.6
2020-11-25,22,MORELOS,1006.49,962.08,59.04,-14.63
2020-11-25,23,MORELOS,882.23,835.91,53.01,-6.68
2020-11-25,24,MORELOS,834,792.42,46.76,-5.18
2020-11-25,1,MOTUL TIZIMIN,514.01,507.47,6.53,0
2020-11-25,2,MOTUL TIZIMIN,480.7,471.78,8.92,0
2020-11-25,3,MOTUL TIZIMIN,468.59,460.71,7.87,0
2020-11-25,4,MOTUL TIZIMIN,471.29,454.19,17.11,0
2020-11-25,5,MOTUL TIZIMIN,478.43,462.04,16.98,-.59
2020-11-25,6,MOTUL TIZIMIN,483.76,466.6,17.16,0
2020-11-25,7,MOTUL TIZIMIN,507.72,491.39,16.33,0
2020-11-25,8,MOTUL TIZIMIN,528.76,517.54,11.23,0
2020-11-25,9,MOTUL TIZIMIN,560.05,520.67,39.38,0
2020-11-25,10,MOTUL TIZIMIN,712.58,548.08,53.3,111.2
2020-11-25,11,MOTUL TIZIMIN,1000.89,813.62,87.53,99.74
2020-11-25,12,MOTUL TIZIMIN,1421.2,1075.86,123.61,221.73
2020-11-25,13,MOTUL TIZIMIN,1435.58,1047.34,110.57,277.67
2020-11-25,14,MOTUL TIZIMIN,1243.99,929.65,80.58,233.76
2020-11-25,15,MOTUL TIZIMIN,1233.24,928.18,66.79,238.27
2020-11-25,16,MOTUL TIZIMIN,847.1,702.18,44.95,99.97
2020-11-25,17,MOTUL TIZIMIN,799.24,726.27,27.67,45.31
2020-11-25,18,MOTUL TIZIMIN,924.95,910.74,14.34,-.13
2020-11-25,19,MOTUL TIZIMIN,1427.33,1412.4,31.25,-16.33
2020-11-25,20,MOTUL TIZIMIN,1221.27,1240,12.26,-30.99
2020-11-25,21,MOTUL TIZIMIN,1196.66,1189.32,37,-29.66
2020-11-25,22,MOTUL TIZIMIN,966.55,962.08,22.88,-18.42
2020-11-25,23,MOTUL TIZIMIN,856.19,835.91,28.78,-8.5
2020-11-25,24,MOTUL TIZIMIN,795.09,792.42,9.25,-6.59
2020-11-25,1,NAVOJOA,419.6,507.47,-87.88,0
2020-11-25,2,NAVOJOA,389.3,471.78,-82.48,0
2020-11-25,3,NAVOJOA,380.93,460.71,-79.78,0
2020-11-25,4,NAVOJOA,369.52,454.19,-84.66,0
2020-11-25,5,NAVOJOA,369.76,462.04,-87.81,-4.47
2020-11-25,6,NAVOJOA,375.66,466.6,-90.95,0
2020-11-25,7,NAVOJOA,391.29,491.39,-100.1,0
2020-11-25,8,NAVOJOA,419.73,517.54,-97.81,0
2020-11-25,9,NAVOJOA,407.8,520.67,-112.88,0
2020-11-25,10,NAVOJOA,368.13,548.08,-129.2,-50.76
2020-11-25,11,NAVOJOA,316.32,813.62,-190.5,-306.8
2020-11-25,12,NAVOJOA,366.35,1075.86,-277.33,-432.18
2020-11-25,13,NAVOJOA,390.75,1047.34,-251.27,-405.32
2020-11-25,14,NAVOJOA,378.34,929.65,-237.8,-313.51
2020-11-25,15,NAVOJOA,372.98,928.18,-237.16,-318.04
2020-11-25,16,NAVOJOA,382.46,702.18,-173.87,-145.85
2020-11-25,17,NAVOJOA,463.73,726.27,-183.01,-79.53
2020-11-25,18,NAVOJOA,616.35,910.74,-219.04,-75.35
2020-11-25,19,NAVOJOA,984.17,1412.4,-302.45,-125.78
2020-11-25,20,NAVOJOA,747.28,1240,-254.75,-237.97
2020-11-25,21,NAVOJOA,720.13,1189.32,-241.45,-227.74
2020-11-25,22,NAVOJOA,634.78,962.08,-185.58,-141.72
2020-11-25,23,NAVOJOA,602.92,835.91,-168.48,-64.51
2020-11-25,24,NAVOJOA,584.72,792.42,-157.71,-49.99
2020-11-25,1,NOGALES,425.98,507.47,-81.5,0
2020-11-25,2,NOGALES,400.4,471.78,-71.38,0
2020-11-25,3,NOGALES,398.36,460.71,-62.35,0
2020-11-25,4,NOGALES,385.51,454.19,-68.67,0
2020-11-25,5,NOGALES,384.33,462.04,-71.6,-6.12
2020-11-25,6,NOGALES,392.45,466.6,-74.15,0
2020-11-25,7,NOGALES,408.93,491.39,-82.46,0
2020-11-25,8,NOGALES,438.29,517.54,-79.25,0
2020-11-25,9,NOGALES,419.91,520.67,-100.76,0
2020-11-25,10,NOGALES,368.08,548.08,-134.08,-45.92
2020-11-25,11,NOGALES,336.7,813.62,-213.04,-263.88
2020-11-25,12,NOGALES,361.05,1075.86,-313.98,-400.84
2020-11-25,13,NOGALES,366.41,1047.34,-271.7,-409.23
2020-11-25,14,NOGALES,376.48,929.65,-251.17,-302
2020-11-25,15,NOGALES,361.84,928.18,-260.21,-306.13
2020-11-25,16,NOGALES,367.8,702.18,-195.34,-139.04
2020-11-25,17,NOGALES,442.21,726.27,-214.28,-69.78
2020-11-25,18,NOGALES,603.48,910.74,-249.14,-58.12
2020-11-25,19,NOGALES,942.33,1412.4,-302.59,-167.48
2020-11-25,20,NOGALES,676.83,1240,-240.25,-322.92
2020-11-25,21,NOGALES,653.29,1189.32,-227.03,-309
2020-11-25,22,NOGALES,593.91,962.08,-175.82,-192.35
2020-11-25,23,NOGALES,579.62,835.91,-168.73,-87.56
2020-11-25,24,NOGALES,565.68,792.42,-158.86,-67.88
2020-11-25,1,NUEVO LAREDO,444.59,507.47,-62.89,0
2020-11-25,2,NUEVO LAREDO,412.95,471.78,-58.83,0
2020-11-25,3,NUEVO LAREDO,398.88,460.71,-61.83,0
2020-11-25,4,NUEVO LAREDO,388.59,454.19,-65.59,0
2020-11-25,5,NUEVO LAREDO,382.12,462.04,-68.15,-11.77
2020-11-25,6,NUEVO LAREDO,397.92,466.6,-68.68,0
2020-11-25,7,NUEVO LAREDO,424.53,491.39,-66.86,0
2020-11-25,8,NUEVO LAREDO,459.91,517.54,-57.62,0
2020-11-25,9,NUEVO LAREDO,452.47,520.67,-68.2,0
2020-11-25,10,NUEVO LAREDO,436.73,548.08,-81.65,-29.7
2020-11-25,11,NUEVO LAREDO,587.06,813.62,-125.95,-100.61
2020-11-25,12,NUEVO LAREDO,614.82,1075.86,-174.89,-286.15
2020-11-25,13,NUEVO LAREDO,447.41,1047.34,-166.67,-433.26
2020-11-25,14,NUEVO LAREDO,520.82,929.65,-144.67,-264.17
2020-11-25,15,NUEVO LAREDO,516.25,928.18,-145.1,-266.83
2020-11-25,16,NUEVO LAREDO,479.59,702.18,-107.05,-115.55
2020-11-25,17,NUEVO LAREDO,564.72,726.27,-117.47,-44.08
2020-11-25,18,NUEVO LAREDO,769.07,910.74,-135.8,-5.88
2020-11-25,19,NUEVO LAREDO,871.68,1412.4,-211.6,-329.12
2020-11-25,20,NUEVO LAREDO,435.08,1240,-180.05,-624.87
2020-11-25,21,NUEVO LAREDO,412.36,1189.32,-178.93,-598.02
2020-11-25,22,NUEVO LAREDO,441.04,962.08,-148.94,-372.1
2020-11-25,23,NUEVO LAREDO,534.14,835.91,-132.38,-169.38
2020-11-25,24,NUEVO LAREDO,544.01,792.42,-117.12,-131.29
2020-11-25,1,OAXACA,547.52,507.47,40.04,0
2020-11-25,2,OAXACA,506.21,471.78,34.43,0
2020-11-25,3,OAXACA,494.15,460.71,33.44,0
2020-11-25,4,OAXACA,490.27,454.19,36.09,0
2020-11-25,5,OAXACA,499.4,462.04,37.94,-.58
2020-11-25,6,OAXACA,506.23,466.6,39.63,0
2020-11-25,7,OAXACA,533.16,491.39,41.77,0
2020-11-25,8,OAXACA,559.5,517.54,41.97,0
2020-11-25,9,OAXACA,570.36,520.67,49.69,0
2020-11-25,10,OAXACA,713.38,548.08,55.98,109.32
2020-11-25,11,OAXACA,997.84,813.62,86.03,98.2
2020-11-25,12,OAXACA,1417.76,1075.86,121.96,219.94
2020-11-25,13,OAXACA,1437.98,1047.34,115.2,275.43
2020-11-25,14,OAXACA,1258.71,929.65,97.19,231.87
2020-11-25,15,OAXACA,1259.76,928.18,92.82,238.76
2020-11-25,16,OAXACA,870.07,702.18,67.66,100.23
2020-11-25,17,OAXACA,838.81,726.27,67.15,45.38
2020-11-25,18,OAXACA,984.47,910.74,73.85,-.13
2020-11-25,19,OAXACA,1526.24,1412.4,129.96,-16.12
2020-11-25,20,OAXACA,1318.51,1240,109.11,-30.6
2020-11-25,21,OAXACA,1281.67,1189.32,121.64,-29.28
2020-11-25,22,OAXACA,1034.65,962.08,90.75,-18.18
2020-11-25,23,OAXACA,901.29,835.91,73.87,-8.49
2020-11-25,24,OAXACA,846.28,792.42,60.43,-6.58
2020-11-25,1,OBREGON,417.06,507.47,-90.41,0
2020-11-25,2,OBREGON,388.77,471.78,-83.01,0
2020-11-25,3,OBREGON,381,460.71,-79.71,0
2020-11-25,4,OBREGON,369.43,454.18,-84.76,0
2020-11-25,5,OBREGON,369.65,462.04,-87.79,-4.6
2020-11-25,6,OBREGON,374.71,466.6,-91.89,0
2020-11-25,7,OBREGON,390.12,491.39,-101.27,0
2020-11-25,8,OBREGON,417.74,517.54,-99.79,0
2020-11-25,9,OBREGON,406.15,520.67,-114.53,0
2020-11-25,10,OBREGON,368.31,548.08,-129.42,-50.36
2020-11-25,11,OBREGON,320.1,813.62,-190.6,-302.92
2020-11-25,12,OBREGON,365.25,1075.86,-281.04,-429.56
2020-11-25,13,OBREGON,389.25,1047.34,-252.44,-405.66
2020-11-25,14,OBREGON,378.38,929.65,-238.73,-312.55
2020-11-25,15,OBREGON,372.25,928.18,-238.89,-317.04
2020-11-25,16,OBREGON,380.17,702.18,-176.73,-145.28
2020-11-25,17,OBREGON,459,726.27,-188.56,-78.71
2020-11-25,18,OBREGON,609.79,910.74,-227.05,-73.91
2020-11-25,19,OBREGON,972.51,1412.4,-310.36,-129.53
2020-11-25,20,OBREGON,732.97,1240,-262.02,-245.01
2020-11-25,21,OBREGON,706.02,1189.32,-248.82,-234.48
2020-11-25,22,OBREGON,624.04,962.08,-192.11,-145.93
2020-11-25,23,OBREGON,594.84,835.91,-174.65,-66.42
2020-11-25,24,OBREGON,577.59,792.42,-163.35,-51.48
2020-11-25,1,ORIZABA,530.3,507.47,22.82,0
2020-11-25,2,ORIZABA,491.19,471.78,19.41,0
2020-11-25,3,ORIZABA,479.69,460.71,18.98,0
2020-11-25,4,ORIZABA,475.01,454.18,20.83,0
2020-11-25,5,ORIZABA,483.45,462.04,22.04,-.63
2020-11-25,6,ORIZABA,489.21,466.6,22.62,0
2020-11-25,7,ORIZABA,514.67,491.39,23.28,0
2020-11-25,8,ORIZABA,540.05,517.54,22.52,0
2020-11-25,9,ORIZABA,549.21,520.67,28.54,0
2020-11-25,10,ORIZABA,728.47,548.08,33.51,146.87
2020-11-25,11,ORIZABA,996.71,813.62,50.93,132.16
2020-11-25,12,ORIZABA,1380.92,1075.86,73.57,231.5
2020-11-25,13,ORIZABA,1403.62,1047.34,67.16,289.12
2020-11-25,14,ORIZABA,1228.89,929.65,56,243.24
2020-11-25,15,ORIZABA,1225.02,928.18,52.98,243.86
2020-11-25,16,ORIZABA,842.71,702.18,37.98,102.55
2020-11-25,17,ORIZABA,809.1,726.27,36.42,46.41
2020-11-25,18,ORIZABA,945.73,910.74,35.13,-.14
2020-11-25,19,ORIZABA,1452.04,1412.4,56.76,-17.11
2020-11-25,20,ORIZABA,1252.33,1240,44.85,-32.52
2020-11-25,21,ORIZABA,1215.48,1189.32,57.29,-31.12
2020-11-25,22,ORIZABA,985.75,962.08,42.99,-19.33
2020-11-25,23,ORIZABA,864.55,835.91,37.44,-8.8
2020-11-25,24,ORIZABA,816.11,792.42,30.5,-6.82
2020-11-25,1,PIEDRAS NEGRAS,438.74,507.47,-68.73,0
2020-11-25,2,PIEDRAS NEGRAS,407.24,471.78,-64.54,0
2020-11-25,3,PIEDRAS NEGRAS,394.46,460.71,-66.25,0
2020-11-25,4,PIEDRAS NEGRAS,384.44,454.19,-69.74,0
2020-11-25,5,PIEDRAS NEGRAS,378.7,462.04,-71.59,-11.75
2020-11-25,6,PIEDRAS NEGRAS,395.01,466.6,-71.59,0
2020-11-25,7,PIEDRAS NEGRAS,421.73,491.39,-69.66,0
2020-11-25,8,PIEDRAS NEGRAS,457.32,517.54,-60.22,0
2020-11-25,9,PIEDRAS NEGRAS,449.2,520.67,-71.48,0
2020-11-25,10,PIEDRAS NEGRAS,433.01,548.08,-85.21,-29.86
2020-11-25,11,PIEDRAS NEGRAS,579.34,813.62,-131.48,-102.8
2020-11-25,12,PIEDRAS NEGRAS,606.97,1075.86,-181.87,-287.02
2020-11-25,13,PIEDRAS NEGRAS,440.73,1047.34,-173.93,-432.67
2020-11-25,14,PIEDRAS NEGRAS,515.49,929.65,-150.16,-264.01
2020-11-25,15,PIEDRAS NEGRAS,510.15,928.18,-151.34,-266.68
2020-11-25,16,PIEDRAS NEGRAS,474.75,702.18,-111.86,-115.58
2020-11-25,17,PIEDRAS NEGRAS,559.53,726.27,-122.63,-44.11
2020-11-25,18,PIEDRAS NEGRAS,760.71,910.74,-143.7,-6.33
2020-11-25,19,PIEDRAS NEGRAS,857.34,1412.4,-226.63,-328.43
2020-11-25,20,PIEDRAS NEGRAS,419.99,1240,-196.46,-623.55
2020-11-25,21,PIEDRAS NEGRAS,392.62,1189.32,-199.95,-596.74
2020-11-25,22,PIEDRAS NEGRAS,425.28,962.08,-165.49,-371.31
2020-11-25,23,PIEDRAS NEGRAS,519.9,835.91,-146.99,-169.01
2020-11-25,24,PIEDRAS NEGRAS,529.93,792.42,-131.49,-131.01
2020-11-25,1,POZA RICA,505.91,507.47,-1.57,0
2020-11-25,2,POZA RICA,470.7,471.78,-1.08,0
2020-11-25,3,POZA RICA,460.59,460.71,-.12,0
2020-11-25,4,POZA RICA,454.39,454.18,.21,0
2020-11-25,5,POZA RICA,461.49,462.04,.52,-1.07
2020-11-25,6,POZA RICA,466.6,466.6,0,0
2020-11-25,7,POZA RICA,489.94,491.39,-1.45,0
2020-11-25,8,POZA RICA,513.5,517.54,-4.03,0
2020-11-25,9,POZA RICA,518.48,520.67,-2.2,0
2020-11-25,10,POZA RICA,480.65,548.08,1.42,-68.85
2020-11-25,11,POZA RICA,743.95,813.62,-.48,-69.19
2020-11-25,12,POZA RICA,1447.9,1075.86,5.48,366.56
2020-11-25,13,POZA RICA,1524.19,1047.34,5.06,471.79
2020-11-25,14,POZA RICA,1330.89,929.65,6.08,395.15
2020-11-25,15,POZA RICA,1332.04,928.18,5.76,398.1
2020-11-25,16,POZA RICA,859.79,702.18,5.98,151.63
2020-11-25,17,POZA RICA,798.61,726.27,3.56,68.78
2020-11-25,18,POZA RICA,910.11,910.74,-.31,-.32
2020-11-25,19,POZA RICA,1386.83,1412.4,3.84,-29.41
2020-11-25,20,POZA RICA,1185.93,1240,1.85,-55.92
2020-11-25,21,POZA RICA,1140.59,1189.32,4.74,-53.47
2020-11-25,22,POZA RICA,930.09,962.08,1.17,-33.15
2020-11-25,23,POZA RICA,821.34,835.91,.52,-15.08
2020-11-25,24,POZA RICA,779.85,792.42,-.96,-11.62
2020-11-25,1,PUEBLA,530.47,507.47,23,0
2020-11-25,2,PUEBLA,491.31,471.78,19.54,0
2020-11-25,3,PUEBLA,479.55,460.71,18.84,0
2020-11-25,4,PUEBLA,474.56,454.19,20.37,0
2020-11-25,5,PUEBLA,482.95,462.04,21.49,-.58
2020-11-25,6,PUEBLA,488.78,466.6,22.18,0
2020-11-25,7,PUEBLA,514.18,491.39,22.78,0
2020-11-25,8,PUEBLA,539.8,517.54,22.26,0
2020-11-25,9,PUEBLA,548.17,520.67,27.49,0
2020-11-25,10,PUEBLA,668.32,548.08,30.75,89.5
2020-11-25,11,PUEBLA,939.45,813.62,46.24,79.6
2020-11-25,12,PUEBLA,1365.43,1075.86,69.31,220.27
2020-11-25,13,PUEBLA,1385.16,1047.34,63.18,274.64
2020-11-25,14,PUEBLA,1215.34,929.65,54.81,230.88
2020-11-25,15,PUEBLA,1214.08,928.18,52.92,232.98
2020-11-25,16,PUEBLA,838.9,702.18,39.14,97.57
2020-11-25,17,PUEBLA,807.82,726.27,37.35,44.21
2020-11-25,18,PUEBLA,948.39,910.74,37.78,-.13
2020-11-25,19,PUEBLA,1458.49,1412.4,62.21,-16.12
2020-11-25,20,PUEBLA,1260.5,1240,51.09,-30.59
2020-11-25,21,PUEBLA,1218.32,1189.32,58.28,-29.28
2020-11-25,22,PUEBLA,988.25,962.08,44.35,-18.18
2020-11-25,23,PUEBLA,865.09,835.91,37.48,-8.3
2020-11-25,24,PUEBLA,816.95,792.42,30.96,-6.44
2020-11-25,1,QUERETARO,514.05,507.47,6.58,0
2020-11-25,2,QUERETARO,477.59,471.78,5.81,0
2020-11-25,3,QUERETARO,466.1,460.71,5.39,0
2020-11-25,4,QUERETARO,459.44,454.19,5.26,0
2020-11-25,5,QUERETARO,467.7,462.04,5.45,.21
2020-11-25,6,QUERETARO,472.18,466.6,5.58,0
2020-11-25,7,QUERETARO,497.7,491.39,6.31,0
2020-11-25,8,QUERETARO,524.49,517.54,6.96,0
2020-11-25,9,QUERETARO,526.21,520.67,5.53,0
2020-11-25,10,QUERETARO,554.35,548.08,5.85,.42
2020-11-25,11,QUERETARO,822.51,813.62,9.02,-.14
2020-11-25,12,QUERETARO,1086.31,1075.86,12.4,-1.94
2020-11-25,13,QUERETARO,1058.53,1047.34,11.22,-.02
2020-11-25,14,QUERETARO,939.99,929.65,12.02,-1.69
2020-11-25,15,QUERETARO,938.21,928.18,11.7,-1.67
2020-11-25,16,QUERETARO,710.52,702.18,9.01,-.67
2020-11-25,17,QUERETARO,735.9,726.27,9.87,-.23
2020-11-25,18,QUERETARO,927.13,910.74,16.39,-.01
2020-11-25,19,QUERETARO,1443.44,1412.4,25.3,5.74
2020-11-25,20,QUERETARO,1272.94,1240,22.03,10.91
2020-11-25,21,QUERETARO,1219.82,1189.32,20.1,10.41
2020-11-25,22,QUERETARO,985.52,962.08,16.96,6.48
2020-11-25,23,QUERETARO,852.14,835.91,13.27,2.96
2020-11-25,24,QUERETARO,806.31,792.42,11.58,2.31
2020-11-25,1,REYNOSA,426.05,507.47,-81.42,0
2020-11-25,2,REYNOSA,395.57,471.78,-76.21,0
2020-11-25,3,REYNOSA,377.54,460.71,-83.18,0
2020-11-25,4,REYNOSA,368.28,454.19,-85.91,0
2020-11-25,5,REYNOSA,361.88,462.04,-88.23,-11.94
2020-11-25,6,REYNOSA,380.04,466.6,-86.56,0
2020-11-25,7,REYNOSA,411.5,491.39,-79.89,0
2020-11-25,8,REYNOSA,450.4,517.54,-67.14,0
2020-11-25,9,REYNOSA,449.13,520.67,-71.55,0
2020-11-25,10,REYNOSA,435.83,548.08,-83.37,-28.88
2020-11-25,11,REYNOSA,592.42,813.62,-131.03,-90.17
2020-11-25,12,REYNOSA,610.58,1075.86,-184.06,-281.22
2020-11-25,13,REYNOSA,428.03,1047.34,-183.17,-436.14
2020-11-25,14,REYNOSA,505.13,929.65,-160.08,-264.45
2020-11-25,15,REYNOSA,505.95,928.18,-155.19,-267.04
2020-11-25,16,REYNOSA,470.78,702.18,-116.23,-115.17
2020-11-25,17,REYNOSA,556.73,726.27,-125.72,-43.82
2020-11-25,18,REYNOSA,762.51,910.74,-144.58,-3.65
2020-11-25,19,REYNOSA,849.11,1412.4,-229.55,-333.75
2020-11-25,20,REYNOSA,410.3,1240,-196.15,-633.55
2020-11-25,21,REYNOSA,394.17,1189.32,-188.82,-606.32
2020-11-25,22,REYNOSA,426.71,962.08,-158.11,-377.26
2020-11-25,23,REYNOSA,527.96,835.91,-136.22,-171.73
2020-11-25,24,REYNOSA,541.47,792.42,-117.84,-133.11
2020-11-25,1,RIVIERA MAYA,548.24,507.47,40.76,0
2020-11-25,2,RIVIERA MAYA,509.51,471.78,37.73,0
2020-11-25,3,RIVIERA MAYA,494.72,460.71,34,0
2020-11-25,4,RIVIERA MAYA,493.19,454.19,39,0
2020-11-25,5,RIVIERA MAYA,499.83,462.04,38.38,-.59
2020-11-25,6,RIVIERA MAYA,504.73,466.6,38.13,0
2020-11-25,7,RIVIERA MAYA,528.97,491.39,37.58,0
2020-11-25,8,RIVIERA MAYA,553.25,517.54,35.71,0
2020-11-25,9,RIVIERA MAYA,581.01,520.67,60.34,0
2020-11-25,10,RIVIERA MAYA,733.16,548.08,73.88,111.2
2020-11-25,11,RIVIERA MAYA,1031.47,813.62,118.11,99.74
2020-11-25,12,RIVIERA MAYA,1458.57,1075.86,160.98,221.73
2020-11-25,13,RIVIERA MAYA,1470.7,1047.34,145.69,277.67
2020-11-25,14,RIVIERA MAYA,1276.84,929.65,113.43,233.76
2020-11-25,15,RIVIERA MAYA,1270.31,928.18,103.87,238.27
2020-11-25,16,RIVIERA MAYA,877.59,702.18,75.44,99.97
2020-11-25,17,RIVIERA MAYA,833.83,726.27,62.25,45.31
2020-11-25,18,RIVIERA MAYA,973.58,910.74,62.97,-.13
2020-11-25,19,RIVIERA MAYA,1502.04,1412.4,105.97,-16.33
2020-11-25,20,RIVIERA MAYA,1290.1,1240,81.09,-30.99
2020-11-25,21,RIVIERA MAYA,1266.21,1189.32,106.55,-29.66
2020-11-25,22,RIVIERA MAYA,1024.41,962.08,80.75,-18.42
2020-11-25,23,RIVIERA MAYA,901.43,835.91,74.02,-8.5
2020-11-25,24,RIVIERA MAYA,842.14,792.42,56.31,-6.59
2020-11-25,1,SABINAS,441.65,507.47,-65.82,0
2020-11-25,2,SABINAS,410.84,471.78,-60.94,0
2020-11-25,3,SABINAS,397.18,460.71,-63.53,0
2020-11-25,4,SABINAS,387.17,454.18,-67.01,0
2020-11-25,5,SABINAS,380.67,462.04,-69.54,-11.83
2020-11-25,6,SABINAS,396.57,466.6,-70.03,0
2020-11-25,7,SABINAS,422.98,491.39,-68.41,0
2020-11-25,8,SABINAS,458.29,517.54,-59.25,0
2020-11-25,9,SABINAS,450.7,520.67,-69.98,0
2020-11-25,10,SABINAS,434.72,548.08,-83.68,-29.68
2020-11-25,11,SABINAS,583.55,813.62,-128.99,-101.08
2020-11-25,12,SABINAS,610.9,1075.86,-179.28,-285.68
2020-11-25,13,SABINAS,442.4,1047.34,-171.98,-432.96
2020-11-25,14,SABINAS,516.32,929.65,-149.87,-263.46
2020-11-25,15,SABINAS,511.06,928.18,-150.99,-266.13
2020-11-25,16,SABINAS,475.29,702.18,-111.62,-115.27
2020-11-25,17,SABINAS,560.47,726.27,-121.88,-43.92
2020-11-25,18,SABINAS,762.93,910.74,-141.88,-5.93
2020-11-25,19,SABINAS,859.09,1412.4,-222.57,-330.74
2020-11-25,20,SABINAS,423.42,1240,-188.67,-627.92
2020-11-25,21,SABINAS,401.39,1189.32,-187,-600.93
2020-11-25,22,SABINAS,432.94,962.08,-155.24,-373.91
2020-11-25,23,SABINAS,528.39,835.91,-137.32,-170.2
2020-11-25,24,SABINAS,539.24,792.42,-121.26,-131.93
2020-11-25,1,SALTILLO,453.76,507.47,-53.71,0
2020-11-25,2,SALTILLO,423.29,471.78,-48.49,0
2020-11-25,3,SALTILLO,408.76,460.71,-51.95,0
2020-11-25,4,SALTILLO,399.64,454.18,-54.55,0
2020-11-25,5,SALTILLO,392.2,462.04,-56.76,-13.08
2020-11-25,6,SALTILLO,409.5,466.6,-57.1,0
2020-11-25,7,SALTILLO,436.96,491.39,-54.43,0
2020-11-25,8,SALTILLO,470.84,517.54,-46.69,0
2020-11-25,9,SALTILLO,463.89,520.67,-56.78,0
2020-11-25,10,SALTILLO,451.44,548.08,-68.71,-27.94
2020-11-25,11,SALTILLO,615.33,813.62,-106.21,-92.08
2020-11-25,12,SALTILLO,656.59,1075.86,-148.63,-270.64
2020-11-25,13,SALTILLO,468.94,1047.34,-146.77,-431.64
2020-11-25,14,SALTILLO,549.6,929.65,-128.62,-251.43
2020-11-25,15,SALTILLO,546.24,928.18,-127.99,-253.95
2020-11-25,16,SALTILLO,498.3,702.18,-94.05,-109.83
2020-11-25,17,SALTILLO,584.3,726.27,-101.26,-40.7
2020-11-25,18,SALTILLO,792.99,910.74,-114.45,-3.3
2020-11-25,19,SALTILLO,864.13,1412.4,-181.5,-366.78
2020-11-25,20,SALTILLO,392.12,1240,-151.66,-696.23
2020-11-25,21,SALTILLO,376.08,1189.32,-146.58,-666.66
2020-11-25,22,SALTILLO,424.85,962.08,-122.74,-414.49
2020-11-25,23,SALTILLO,541.26,835.91,-106.02,-188.63
2020-11-25,24,SALTILLO,553.49,792.42,-92.79,-146.15
2020-11-25,1,SALVATIERRA,521.24,507.47,13.77,0
2020-11-25,2,SALVATIERRA,482.84,471.78,11.06,0
2020-11-25,3,SALVATIERRA,470.86,460.71,10.15,0
2020-11-25,4,SALVATIERRA,463.36,454.19,9.17,0
2020-11-25,5,SALVATIERRA,471.98,462.04,9.5,.44
2020-11-25,6,SALVATIERRA,477.12,466.6,10.52,0
2020-11-25,7,SALVATIERRA,505.22,491.39,13.83,0
2020-11-25,8,SALVATIERRA,535.31,517.54,17.77,0
2020-11-25,9,SALVATIERRA,540.36,520.67,19.69,0
2020-11-25,10,SALVATIERRA,570.46,548.08,20.27,2.11
2020-11-25,11,SALVATIERRA,849.7,813.62,29.46,6.63
2020-11-25,12,SALVATIERRA,1113.89,1075.86,34.64,3.39
2020-11-25,13,SALVATIERRA,1087.82,1047.34,35.79,4.69
2020-11-25,14,SALVATIERRA,961.38,929.65,30.72,1
2020-11-25,15,SALVATIERRA,963.31,928.18,33.78,1.35
2020-11-25,16,SALVATIERRA,728.5,702.18,25.7,.61
2020-11-25,17,SALVATIERRA,753.49,726.27,27.75,-.54
2020-11-25,18,SALVATIERRA,944.54,910.74,33.56,.23
2020-11-25,19,SALVATIERRA,1480.66,1412.4,56.02,12.24
2020-11-25,20,SALVATIERRA,1314.61,1240,51.37,23.25
2020-11-25,21,SALVATIERRA,1259.6,1189.32,48.12,22.17
2020-11-25,22,SALVATIERRA,1012.61,962.08,36.78,13.75
2020-11-25,23,SALVATIERRA,871.64,835.91,29.44,6.3
2020-11-25,24,SALVATIERRA,823.53,792.42,26.26,4.85
2020-11-25,1,SAN CRISTOBAL,557.8,507.47,50.33,0
2020-11-25,2,SAN CRISTOBAL,516.4,471.78,44.62,0
2020-11-25,3,SAN CRISTOBAL,504.05,460.71,43.34,0
2020-11-25,4,SAN CRISTOBAL,500.72,454.19,46.54,0
2020-11-25,5,SAN CRISTOBAL,510.07,462.04,48.62,-.59
2020-11-25,6,SAN CRISTOBAL,517.07,466.6,50.47,0
2020-11-25,7,SAN CRISTOBAL,542.19,491.39,50.8,0
2020-11-25,8,SAN CRISTOBAL,564.39,517.54,46.86,0
2020-11-25,9,SAN CRISTOBAL,576.07,520.67,55.4,0
2020-11-25,10,SAN CRISTOBAL,720.23,548.08,60.98,111.18
2020-11-25,11,SAN CRISTOBAL,1008,813.62,94.66,99.72
2020-11-25,12,SAN CRISTOBAL,1429.9,1075.86,132.33,221.72
2020-11-25,13,SAN CRISTOBAL,1448.94,1047.34,123.95,277.65
2020-11-25,14,SAN CRISTOBAL,1261.58,929.65,98.18,233.74
2020-11-25,15,SAN CRISTOBAL,1261,928.18,94.58,238.25
2020-11-25,16,SAN CRISTOBAL,871.54,702.18,69.4,99.96
2020-11-25,17,SAN CRISTOBAL,841.4,726.27,69.83,45.3
2020-11-25,18,SAN CRISTOBAL,991.89,910.74,81.28,-.13
2020-11-25,19,SAN CRISTOBAL,1556.5,1412.4,160.42,-16.33
2020-11-25,20,SAN CRISTOBAL,1342.34,1240,133.32,-30.99
2020-11-25,21,SAN CRISTOBAL,1318.86,1189.32,159.2,-29.66
2020-11-25,22,SAN CRISTOBAL,1060.61,962.08,116.94,-18.41
2020-11-25,23,SAN CRISTOBAL,926.06,835.91,98.65,-8.5
2020-11-25,24,SAN CRISTOBAL,865.75,792.42,79.91,-6.59
2020-11-25,1,SAN JUAN DEL RIO,523.74,507.47,16.26,0
2020-11-25,2,SAN JUAN DEL RIO,486.88,471.78,15.1,0
2020-11-25,3,SAN JUAN DEL RIO,475.23,460.71,14.51,0
2020-11-25,4,SAN JUAN DEL RIO,468.71,454.19,14.53,0
2020-11-25,5,SAN JUAN DEL RIO,477.3,462.04,15.26,0
2020-11-25,6,SAN JUAN DEL RIO,482.54,466.6,15.94,0
2020-11-25,7,SAN JUAN DEL RIO,508.58,491.39,17.19,0
2020-11-25,8,SAN JUAN DEL RIO,534.65,517.54,17.11,0
2020-11-25,9,SAN JUAN DEL RIO,538.9,520.67,18.23,0
2020-11-25,10,SAN JUAN DEL RIO,574.24,548.08,20.71,5.45
2020-11-25,11,SAN JUAN DEL RIO,848.53,813.62,30.46,4.46
2020-11-25,12,SAN JUAN DEL RIO,1164.36,1075.86,41.6,46.91
2020-11-25,13,SAN JUAN DEL RIO,1143.99,1047.34,34.57,62.07
2020-11-25,14,SAN JUAN DEL RIO,1018.85,929.65,38.38,50.82
2020-11-25,15,SAN JUAN DEL RIO,1016.85,928.18,37.51,51.16
2020-11-25,16,SAN JUAN DEL RIO,752.32,702.18,28.62,21.52
2020-11-25,17,SAN JUAN DEL RIO,763.65,726.27,27.61,9.78
2020-11-25,18,SAN JUAN DEL RIO,944.47,910.74,33.75,-.02
2020-11-25,19,SAN JUAN DEL RIO,1450.42,1412.4,38.06,-.05
2020-11-25,20,SAN JUAN DEL RIO,1275.04,1240,35.13,-.1
2020-11-25,21,SAN JUAN DEL RIO,1221.05,1189.32,31.8,-.07
2020-11-25,22,SAN JUAN DEL RIO,997.19,962.08,35.16,-.05
2020-11-25,23,SAN JUAN DEL RIO,864.03,835.91,28.15,-.03
2020-11-25,24,SAN JUAN DEL RIO,817.33,792.42,24.92,-.02
2020-11-25,1,SAN LUIS POTOSI,497.42,507.47,-10.06,0
2020-11-25,2,SAN LUIS POTOSI,463.1,471.78,-8.68,0
2020-11-25,3,SAN LUIS POTOSI,452.51,460.71,-8.2,0
2020-11-25,4,SAN LUIS POTOSI,445.39,454.19,-8.79,0
2020-11-25,5,SAN LUIS POTOSI,454.03,462.04,-8.95,.94
2020-11-25,6,SAN LUIS POTOSI,457,466.6,-9.6,0
2020-11-25,7,SAN LUIS POTOSI,480.97,491.39,-10.42,0
2020-11-25,8,SAN LUIS POTOSI,508.7,517.54,-8.84,0
2020-11-25,9,SAN LUIS POTOSI,506.14,520.67,-14.53,0
2020-11-25,10,SAN LUIS POTOSI,517.58,548.08,-18.16,-12.35
2020-11-25,11,SAN LUIS POTOSI,769.08,813.62,-27.87,-16.67
2020-11-25,12,SAN LUIS POTOSI,902.13,1075.86,-40.19,-133.54
2020-11-25,13,SAN LUIS POTOSI,846.01,1047.34,-40.19,-161.14
2020-11-25,14,SAN LUIS POTOSI,753.73,929.65,-36.08,-139.84
2020-11-25,15,SAN LUIS POTOSI,751.65,928.18,-35.4,-141.13
2020-11-25,16,SAN LUIS POTOSI,616.54,702.18,-26.12,-59.52
2020-11-25,17,SAN LUIS POTOSI,675.04,726.27,-25.22,-26.01
2020-11-25,18,SAN LUIS POTOSI,891.06,910.74,-19.52,-.16
2020-11-25,19,SAN LUIS POTOSI,1404.17,1412.4,-34.43,26.2
2020-11-25,20,SAN LUIS POTOSI,1258.46,1240,-31.28,49.74
2020-11-25,21,SAN LUIS POTOSI,1206.36,1189.32,-30.55,47.59
2020-11-25,22,SAN LUIS POTOSI,966.25,962.08,-25.39,29.57
2020-11-25,23,SAN LUIS POTOSI,829.12,835.91,-20.24,13.45
2020-11-25,24,SAN LUIS POTOSI,788.62,792.42,-14.23,10.42
2020-11-25,1,SAN MARTIN,529.36,507.47,21.88,0
2020-11-25,2,SAN MARTIN,490.39,471.78,18.61,0
2020-11-25,3,SAN MARTIN,478.71,460.71,18,0
2020-11-25,4,SAN MARTIN,473.24,454.18,19.06,0
2020-11-25,5,SAN MARTIN,481.77,462.04,20.3,-.57
2020-11-25,6,SAN MARTIN,487.53,466.6,20.93,0
2020-11-25,7,SAN MARTIN,512.97,491.39,21.58,0
2020-11-25,8,SAN MARTIN,538.69,517.54,21.16,0
2020-11-25,9,SAN MARTIN,546.76,520.67,26.09,0
2020-11-25,10,SAN MARTIN,650.61,548.08,29.73,72.8
2020-11-25,11,SAN MARTIN,922.49,813.62,44.17,64.7
2020-11-25,12,SAN MARTIN,1364.96,1075.86,69.4,219.7
2020-11-25,13,SAN MARTIN,1377.74,1047.34,59.96,270.44
2020-11-25,14,SAN MARTIN,1209.59,929.65,52.9,227.03
2020-11-25,15,SAN MARTIN,1208.56,928.18,51.27,229.12
2020-11-25,16,SAN MARTIN,836.26,702.18,38.11,95.97
2020-11-25,17,SAN MARTIN,806.43,726.27,36.63,43.53
2020-11-25,18,SAN MARTIN,948,910.74,37.39,-.13
2020-11-25,19,SAN MARTIN,1457.39,1412.4,60.9,-15.91
2020-11-25,20,SAN MARTIN,1260.3,1240,50.5,-30.2
2020-11-25,21,SAN MARTIN,1216.63,1189.32,56.22,-28.9
2020-11-25,22,SAN MARTIN,987.39,962.08,43.26,-17.95
2020-11-25,23,SAN MARTIN,864.4,835.91,36.68,-8.19
2020-11-25,24,SAN MARTIN,816.8,792.42,30.72,-6.35
2020-11-25,1,TAMPICO,472.52,507.47,-34.95,0
2020-11-25,2,TAMPICO,441.92,471.78,-29.86,0
2020-11-25,3,TAMPICO,434.64,460.71,-26.07,0
2020-11-25,4,TAMPICO,428.56,454.19,-25.63,0
2020-11-25,5,TAMPICO,433.54,462.04,-26.43,-2.07
2020-11-25,6,TAMPICO,438.36,466.6,-28.24,0
2020-11-25,7,TAMPICO,457.83,491.39,-33.56,0
2020-11-25,8,TAMPICO,480.94,517.54,-36.59,0
2020-11-25,9,TAMPICO,482.72,520.67,-37.95,0
2020-11-25,10,TAMPICO,469.68,548.08,-38.47,-39.93
2020-11-25,11,TAMPICO,709.86,813.62,-53.91,-49.85
2020-11-25,12,TAMPICO,614.08,1075.86,-67.74,-394.04
2020-11-25,13,TAMPICO,452.93,1047.34,-69.83,-524.58
2020-11-25,14,TAMPICO,455.24,929.65,-60.78,-413.64
2020-11-25,15,TAMPICO,450.72,928.18,-60.42,-417.04
2020-11-25,16,TAMPICO,479.48,702.18,-47.17,-175.54
2020-11-25,17,TAMPICO,597.83,726.27,-51.72,-76.72
2020-11-25,18,TAMPICO,847.41,910.74,-62.63,-.71
2020-11-25,19,TAMPICO,1258.13,1412.4,-97.76,-56.51
2020-11-25,20,TAMPICO,1046.78,1240,-86.23,-106.99
2020-11-25,21,TAMPICO,1004.09,1189.32,-82.74,-102.49
2020-11-25,22,TAMPICO,826.75,962.08,-71.53,-63.81
2020-11-25,23,TAMPICO,746.16,835.91,-60.81,-28.94
2020-11-25,24,TAMPICO,716.01,792.42,-54.13,-22.28
2020-11-25,1,TAPACHULA,541.27,507.47,33.79,0
2020-11-25,2,TAPACHULA,502.07,471.78,30.29,0
2020-11-25,3,TAPACHULA,490.23,460.71,29.52,0
2020-11-25,4,TAPACHULA,487.42,454.19,33.24,0
2020-11-25,5,TAPACHULA,495.92,462.04,34.47,-.59
2020-11-25,6,TAPACHULA,501.25,466.6,34.65,0
2020-11-25,7,TAPACHULA,525.82,491.39,34.43,0
2020-11-25,8,TAPACHULA,549.84,517.54,32.3,0
2020-11-25,9,TAPACHULA,563.66,520.67,42.98,0
2020-11-25,10,TAPACHULA,707.62,548.08,48.39,111.14
2020-11-25,11,TAPACHULA,990.14,813.62,76.84,99.69
2020-11-25,12,TAPACHULA,1407.09,1075.86,109.56,221.67
2020-11-25,13,TAPACHULA,1425.83,1047.34,100.89,277.6
2020-11-25,14,TAPACHULA,1240.35,929.65,77.01,233.69
2020-11-25,15,TAPACHULA,1240.58,928.18,74.19,238.22
2020-11-25,16,TAPACHULA,855.81,702.18,53.68,99.95
2020-11-25,17,TAPACHULA,823.54,726.27,51.97,45.3
2020-11-25,18,TAPACHULA,960.28,910.74,49.67,-.13
2020-11-25,19,TAPACHULA,1478.47,1412.4,82.39,-16.32
2020-11-25,20,TAPACHULA,1273.22,1240,64.19,-30.98
2020-11-25,21,TAPACHULA,1254.95,1189.32,95.28,-29.65
2020-11-25,22,TAPACHULA,1014.61,962.08,70.93,-18.41
2020-11-25,23,TAPACHULA,891.53,835.91,64.12,-8.5
2020-11-25,24,TAPACHULA,838.89,792.42,53.05,-6.59
2020-11-25,1,TECAMACHALCO,530.94,507.47,23.46,0
2020-11-25,2,TECAMACHALCO,491.92,471.78,20.14,0
2020-11-25,3,TECAMACHALCO,480.3,460.71,19.59,0
2020-11-25,4,TECAMACHALCO,474.92,454.19,20.73,0
2020-11-25,5,TECAMACHALCO,483.36,462.04,21.93,-.6
2020-11-25,6,TECAMACHALCO,489.41,466.6,22.81,0
2020-11-25,7,TECAMACHALCO,515.46,491.39,24.07,0
2020-11-25,8,TECAMACHALCO,541.39,517.54,23.85,0
2020-11-25,9,TECAMACHALCO,549.78,520.67,29.11,0
2020-11-25,10,TECAMACHALCO,662.52,548.08,33.22,81.22
2020-11-25,11,TECAMACHALCO,935.58,813.62,49.84,72.13
2020-11-25,12,TECAMACHALCO,1378.75,1075.86,73.95,228.94
2020-11-25,13,TECAMACHALCO,1403.33,1047.34,68.45,287.55
2020-11-25,14,TECAMACHALCO,1229.72,929.65,58.1,241.97
2020-11-25,15,TECAMACHALCO,1228.29,928.18,56.29,243.83
2020-11-25,16,TECAMACHALCO,845.27,702.18,41.16,101.93
2020-11-25,17,TECAMACHALCO,812.38,726.27,39.98,46.14
2020-11-25,18,TECAMACHALCO,952.69,910.74,42.09,-.14
2020-11-25,19,TECAMACHALCO,1465.84,1412.4,70.41,-16.97
2020-11-25,20,TECAMACHALCO,1265.66,1240,57.86,-32.2
2020-11-25,21,TECAMACHALCO,1223.1,1189.32,64.59,-30.81
2020-11-25,22,TECAMACHALCO,990.37,962.08,47.4,-19.12
2020-11-25,23,TECAMACHALCO,867.02,835.91,39.81,-8.7
2020-11-25,24,TECAMACHALCO,817.86,792.42,32.15,-6.71
2020-11-25,1,TEHUACAN,544.8,507.47,37.33,0
2020-11-25,2,TEHUACAN,504.19,471.78,32.41,0
2020-11-25,3,TEHUACAN,492.22,460.71,31.5,0
2020-11-25,4,TEHUACAN,487.13,454.18,32.94,0
2020-11-25,5,TEHUACAN,495.74,462.04,34.3,-.6
2020-11-25,6,TEHUACAN,501.87,466.6,35.28,0
2020-11-25,7,TEHUACAN,528.79,491.39,37.4,0
2020-11-25,8,TEHUACAN,555.64,517.54,38.11,0
2020-11-25,9,TEHUACAN,565.42,520.67,44.75,0
2020-11-25,10,TEHUACAN,717.22,548.08,50.74,118.39
2020-11-25,11,TEHUACAN,995.44,813.62,75.64,106.18
2020-11-25,12,TEHUACAN,1406.17,1075.86,105.25,225.06
2020-11-25,13,TEHUACAN,1426.55,1047.34,97.61,281.6
2020-11-25,14,TEHUACAN,1248.26,929.65,81.73,236.87
2020-11-25,15,TEHUACAN,1246.84,928.18,79.93,238.73
2020-11-25,16,TEHUACAN,860.86,702.18,58.5,100.18
2020-11-25,17,TEHUACAN,829.3,726.27,57.62,45.41
2020-11-25,18,TEHUACAN,972.68,910.74,62.07,-.14
2020-11-25,19,TEHUACAN,1497.07,1412.4,101.27,-16.6
2020-11-25,20,TEHUACAN,1293.01,1240,84.53,-31.51
2020-11-25,21,TEHUACAN,1251.78,1189.32,92.62,-30.15
2020-11-25,22,TEHUACAN,1012.71,962.08,69.35,-18.72
2020-11-25,23,TEHUACAN,885.76,835.91,58.38,-8.53
2020-11-25,24,TEHUACAN,835.02,792.42,49.21,-6.61
2020-11-25,1,TEHUANTEPEC,537.04,507.47,29.57,0
2020-11-25,2,TEHUANTEPEC,497,471.78,25.22,0
2020-11-25,3,TEHUANTEPEC,486.46,460.71,25.75,0
2020-11-25,4,TEHUANTEPEC,485.99,454.19,31.8,0
2020-11-25,5,TEHUANTEPEC,496.43,462.04,34.97,-.59
2020-11-25,6,TEHUANTEPEC,502.93,466.6,36.33,0
2020-11-25,7,TEHUANTEPEC,527.66,491.39,36.27,0
2020-11-25,8,TEHUANTEPEC,552.85,517.54,35.32,0
2020-11-25,9,TEHUANTEPEC,564.15,520.67,43.48,0
2020-11-25,10,TEHUANTEPEC,707.32,548.08,48.53,110.71
2020-11-25,11,TEHUANTEPEC,988.56,813.62,75.61,99.33
2020-11-25,12,TEHUANTEPEC,1402.53,1075.86,105.72,220.96
2020-11-25,13,TEHUANTEPEC,1420.05,1047.34,95.97,276.74
2020-11-25,14,TEHUANTEPEC,1237.89,929.65,75.23,233.01
2020-11-25,15,TEHUANTEPEC,1233.89,928.18,68.18,237.53
2020-11-25,16,TEHUANTEPEC,846.39,702.18,44.54,99.66
2020-11-25,17,TEHUANTEPEC,815.31,726.27,43.9,45.15
2020-11-25,18,TEHUANTEPEC,949.69,910.74,39.07,-.13
2020-11-25,19,TEHUANTEPEC,1443.81,1412.4,47.65,-16.24
2020-11-25,20,TEHUANTEPEC,1236.71,1240,27.53,-30.83
2020-11-25,21,TEHUANTEPEC,1221.69,1189.32,61.88,-29.5
2020-11-25,22,TEHUANTEPEC,994.46,962.08,50.69,-18.32
2020-11-25,23,TEHUANTEPEC,869.76,835.91,42.3,-8.46
2020-11-25,24,TEHUANTEPEC,824.8,792.42,38.93,-6.55
2020-11-25,1,TEPIC VALLARTA,516.28,507.47,8.81,0
2020-11-25,2,TEPIC VALLARTA,477.88,471.78,6.1,0
2020-11-25,3,TEPIC VALLARTA,464.84,460.71,4.13,0
2020-11-25,4,TEPIC VALLARTA,454.27,454.19,.08,0
2020-11-25,5,TEPIC VALLARTA,460.22,462.04,-.96,-.86
2020-11-25,6,TEPIC VALLARTA,465.41,466.6,-1.19,0
2020-11-25,7,TEPIC VALLARTA,491.65,491.39,.26,0
2020-11-25,8,TEPIC VALLARTA,522.35,517.54,4.82,0
2020-11-25,9,TEPIC VALLARTA,520.93,520.67,.26,0
2020-11-25,10,TEPIC VALLARTA,553.16,548.08,-2.91,8
2020-11-25,11,TEPIC VALLARTA,898.4,813.62,-4.15,88.93
2020-11-25,12,TEPIC VALLARTA,1087.33,1075.86,-22.32,33.79
2020-11-25,13,TEPIC VALLARTA,628.14,1047.34,-21.78,-397.42
2020-11-25,14,TEPIC VALLARTA,540.81,929.65,-45.55,-343.29
2020-11-25,15,TEPIC VALLARTA,536.17,928.18,-43.64,-348.37
2020-11-25,16,TEPIC VALLARTA,509.71,702.18,-29.17,-163.3
2020-11-25,17,TEPIC VALLARTA,692.3,726.27,-22.27,-11.71
2020-11-25,18,TEPIC VALLARTA,890.67,910.74,-23.36,3.29
2020-11-25,19,TEPIC VALLARTA,1349.44,1412.4,-38.78,-24.18
2020-11-25,20,TEPIC VALLARTA,1168.86,1240,-25.37,-45.77
2020-11-25,21,TEPIC VALLARTA,1124.21,1189.32,-21.28,-43.83
2020-11-25,22,TEPIC VALLARTA,933.33,962.08,-1.38,-27.37
2020-11-25,23,TEPIC VALLARTA,824.58,835.91,1.14,-12.47
2020-11-25,24,TEPIC VALLARTA,790.3,792.42,7.58,-9.7
2020-11-25,1,TEZIUTLAN,517,507.47,9.53,0
2020-11-25,2,TEZIUTLAN,480.74,471.78,8.96,0
2020-11-25,3,TEZIUTLAN,470.46,460.71,9.75,0
2020-11-25,4,TEZIUTLAN,463.65,454.19,9.47,0
2020-11-25,5,TEZIUTLAN,471.04,462.04,9.85,-.85
2020-11-25,6,TEZIUTLAN,476.29,466.6,9.69,0
2020-11-25,7,TEZIUTLAN,500.73,491.39,9.34,0
2020-11-25,8,TEZIUTLAN,523.36,517.54,5.83,0
2020-11-25,9,TEZIUTLAN,528.24,520.67,7.57,0
2020-11-25,10,TEZIUTLAN,528.03,548.08,10.16,-30.21
2020-11-25,11,TEZIUTLAN,795.88,813.62,14,-31.73
2020-11-25,12,TEZIUTLAN,1409.9,1075.86,31.13,302.92
2020-11-25,13,TEZIUTLAN,1463.5,1047.34,28.28,387.88
2020-11-25,14,TEZIUTLAN,1280.13,929.65,25.19,325.29
2020-11-25,15,TEZIUTLAN,1280.53,928.18,25.08,327.27
2020-11-25,16,TEZIUTLAN,857.42,702.18,20,135.24
2020-11-25,17,TEZIUTLAN,807.39,726.27,19.87,61.26
2020-11-25,18,TEZIUTLAN,933.94,910.74,23.43,-.24
2020-11-25,19,TEZIUTLAN,1432.02,1412.4,42.97,-23.36
2020-11-25,20,TEZIUTLAN,1231.7,1240,36.05,-44.35
2020-11-25,21,TEZIUTLAN,1184.03,1189.32,37.18,-42.47
2020-11-25,22,TEZIUTLAN,962.37,962.08,26.71,-26.43
2020-11-25,23,TEZIUTLAN,846.26,835.91,22.32,-11.97
2020-11-25,24,TEZIUTLAN,800.54,792.42,17.4,-9.28
2020-11-25,1,TICUL,546.14,507.47,38.67,0
2020-11-25,2,TICUL,506.55,471.78,34.77,0
2020-11-25,3,TICUL,492.23,460.71,31.52,0
2020-11-25,4,TICUL,489.96,454.18,35.77,0
2020-11-25,5,TICUL,496.84,462.04,35.39,-.59
2020-11-25,6,TICUL,501.62,466.6,35.02,0
2020-11-25,7,TICUL,525.52,491.39,34.13,0
2020-11-25,8,TICUL,547.99,517.54,30.45,0
2020-11-25,9,TICUL,572.97,520.67,52.3,0
2020-11-25,10,TICUL,722.41,548.08,63.13,111.2
2020-11-25,11,TICUL,1010.8,813.62,97.44,99.74
2020-11-25,12,TICUL,1437.27,1075.86,139.68,221.73
2020-11-25,13,TICUL,1445.4,1047.34,120.38,277.67
2020-11-25,14,TICUL,1258.48,929.65,95.07,233.76
2020-11-25,15,TICUL,1254.65,928.18,88.21,238.27
2020-11-25,16,TICUL,872.37,702.18,70.22,99.97
2020-11-25,17,TICUL,832.23,726.27,60.65,45.31
2020-11-25,18,TICUL,973.16,910.74,62.55,-.13
2020-11-25,19,TICUL,1501.45,1412.4,105.37,-16.33
2020-11-25,20,TICUL,1289.83,1240,80.82,-30.99
2020-11-25,21,TICUL,1266.26,1189.32,106.6,-29.66
2020-11-25,22,TICUL,1023.93,962.08,80.26,-18.42
2020-11-25,23,TICUL,900.68,835.91,73.27,-8.5
2020-11-25,24,TICUL,842.67,792.42,56.83,-6.59
2020-11-25,1,TLAXCALA,528.35,507.47,20.88,0
2020-11-25,2,TLAXCALA,489.87,471.78,18.09,0
2020-11-25,3,TLAXCALA,478.09,460.71,17.38,0
2020-11-25,4,TLAXCALA,472.42,454.18,18.23,0
2020-11-25,5,TLAXCALA,480.67,462.04,19.24,-.61
2020-11-25,6,TLAXCALA,486.39,466.6,19.8,0
2020-11-25,7,TLAXCALA,511.92,491.39,20.53,0
2020-11-25,8,TLAXCALA,536.56,517.54,19.02,0
2020-11-25,9,TLAXCALA,542.56,520.67,21.89,0
2020-11-25,10,TLAXCALA,626.35,548.08,24.88,53.38
2020-11-25,11,TLAXCALA,896.48,813.62,36.11,46.76
2020-11-25,12,TLAXCALA,1361.68,1075.86,56.97,228.85
2020-11-25,13,TLAXCALA,1387.61,1047.34,52.79,287.48
2020-11-25,14,TLAXCALA,1217.24,929.65,46.69,240.9
2020-11-25,15,TLAXCALA,1216.53,928.18,45.54,242.82
2020-11-25,16,TLAXCALA,837.08,702.18,33.63,101.27
2020-11-25,17,TLAXCALA,805.84,726.27,33.68,45.89
2020-11-25,18,TLAXCALA,948.2,910.74,37.6,-.14
2020-11-25,19,TLAXCALA,1459.05,1412.4,63.57,-16.92
2020-11-25,20,TLAXCALA,1261.25,1240,53.35,-32.1
2020-11-25,21,TLAXCALA,1215.85,1189.32,57.25,-30.72
2020-11-25,22,TLAXCALA,986.6,962.08,43.59,-19.07
2020-11-25,23,TLAXCALA,863.59,835.91,36.38,-8.69
2020-11-25,24,TLAXCALA,816.52,792.42,30.85,-6.76
2020-11-25,1,TUXTLA,535.95,507.47,28.48,0
2020-11-25,2,TUXTLA,496.26,471.78,24.48,0
2020-11-25,3,TUXTLA,484.62,460.71,23.91,0
2020-11-25,4,TUXTLA,481.48,454.19,27.3,0
2020-11-25,5,TUXTLA,489.97,462.04,28.52,-.59
2020-11-25,6,TUXTLA,495.31,466.6,28.71,0
2020-11-25,7,TUXTLA,519.92,491.39,28.53,0
2020-11-25,8,TUXTLA,543.99,517.54,26.45,0
2020-11-25,9,TUXTLA,557.13,520.67,36.45,0
2020-11-25,10,TUXTLA,700.69,548.08,41.45,111.16
2020-11-25,11,TUXTLA,979.73,813.62,66.41,99.7
2020-11-25,12,TUXTLA,1392.99,1075.86,95.44,221.69
2020-11-25,13,TUXTLA,1412.9,1047.34,87.94,277.63
2020-11-25,14,TUXTLA,1229.44,929.65,66.08,233.72
2020-11-25,15,TUXTLA,1227.89,928.18,61.48,238.23
2020-11-25,16,TUXTLA,846.01,702.18,43.88,99.95
2020-11-25,17,TUXTLA,813.6,726.27,42.03,45.3
2020-11-25,18,TUXTLA,946.16,910.74,35.55,-.13
2020-11-25,19,TUXTLA,1453.25,1412.4,57.17,-16.32
2020-11-25,20,TUXTLA,1250.96,1240,41.95,-30.98
2020-11-25,21,TUXTLA,1235.08,1189.32,75.41,-29.65
2020-11-25,22,TUXTLA,1000.82,962.08,57.15,-18.41
2020-11-25,23,TUXTLA,880.61,835.91,53.2,-8.5
2020-11-25,24,TUXTLA,828.87,792.42,43.03,-6.59
2020-11-25,1,URUAPAN,527.36,507.47,19.89,0
2020-11-25,2,URUAPAN,487.55,471.78,15.77,0
2020-11-25,3,URUAPAN,475.08,460.71,14.37,0
2020-11-25,4,URUAPAN,466.4,454.18,12.22,0
2020-11-25,5,URUAPAN,475.15,462.04,12.6,.51
2020-11-25,6,URUAPAN,480.2,466.6,13.6,0
2020-11-25,7,URUAPAN,508.51,491.39,17.12,0
2020-11-25,8,URUAPAN,539.62,517.54,22.08,0
2020-11-25,9,URUAPAN,545.18,520.67,24.51,0
2020-11-25,10,URUAPAN,576.94,548.08,25.54,3.32
2020-11-25,11,URUAPAN,866.68,813.62,37.59,15.47
2020-11-25,12,URUAPAN,1133.86,1075.86,50.75,7.25
2020-11-25,13,URUAPAN,1106.16,1047.34,54.18,4.64
2020-11-25,14,URUAPAN,977.18,929.65,46.86,.67
2020-11-25,15,URUAPAN,976.08,928.18,47.09,.81
2020-11-25,16,URUAPAN,739.43,702.18,36.37,.88
2020-11-25,17,URUAPAN,761.98,726.27,37.66,-1.95
2020-11-25,18,URUAPAN,951.18,910.74,39.89,.55
2020-11-25,19,URUAPAN,1493.93,1412.4,67.84,13.69
2020-11-25,20,URUAPAN,1326.5,1240,60.49,26.01
2020-11-25,21,URUAPAN,1271.01,1189.32,56.8,24.89
2020-11-25,22,URUAPAN,1023.08,962.08,45.41,15.59
2020-11-25,23,URUAPAN,880.53,835.91,37.53,7.1
2020-11-25,24,URUAPAN,832.74,792.42,34.81,5.5
2020-11-25,1,VDM CENTRO,531.6,507.47,24.13,0
2020-11-25,2,VDM CENTRO,492.08,471.78,20.3,0
2020-11-25,3,VDM CENTRO,480.36,460.71,19.64,0
2020-11-25,4,VDM CENTRO,473.88,454.19,19.69,0
2020-11-25,5,VDM CENTRO,482.42,462.04,20.85,-.48
2020-11-25,6,VDM CENTRO,488.65,466.6,22.05,0
2020-11-25,7,VDM CENTRO,514.72,491.39,23.33,0
2020-11-25,8,VDM CENTRO,541.51,517.54,23.98,0
2020-11-25,9,VDM CENTRO,548.97,520.67,28.3,0
2020-11-25,10,VDM CENTRO,606.5,548.08,33.78,24.63
2020-11-25,11,VDM CENTRO,884.75,813.62,49.73,21.4
2020-11-25,12,VDM CENTRO,1320.75,1075.86,67.76,177.13
2020-11-25,13,VDM CENTRO,1343.2,1047.34,68.26,227.61
2020-11-25,14,VDM CENTRO,1181.74,929.65,62.03,190.05
2020-11-25,15,VDM CENTRO,1180.94,928.18,61.2,191.57
2020-11-25,16,VDM CENTRO,827.83,702.18,45.21,80.44
2020-11-25,17,VDM CENTRO,807.13,726.27,44.29,36.57
2020-11-25,18,VDM CENTRO,958.62,910.74,47.97,-.08
2020-11-25,19,VDM CENTRO,1478.68,1412.4,79.27,-12.99
2020-11-25,20,VDM CENTRO,1282.97,1240,67.66,-24.69
2020-11-25,21,VDM CENTRO,1233.23,1189.32,67.55,-23.64
2020-11-25,22,VDM CENTRO,1001.11,962.08,53.7,-14.67
2020-11-25,23,VDM CENTRO,874.07,835.91,44.85,-6.68
2020-11-25,24,VDM CENTRO,825.48,792.42,38.23,-5.18
2020-11-25,1,VDM NORTE,530.52,507.47,23.05,0
2020-11-25,2,VDM NORTE,491.28,471.78,19.5,0
2020-11-25,3,VDM NORTE,479.7,460.71,18.99,0
2020-11-25,4,VDM NORTE,473.26,454.19,19.08,0
2020-11-25,5,VDM NORTE,481.77,462.04,20.19,-.46
2020-11-25,6,VDM NORTE,487.89,466.6,21.29,0
2020-11-25,7,VDM NORTE,513.64,491.39,22.24,0
2020-11-25,8,VDM NORTE,540.24,517.54,22.71,0
2020-11-25,9,VDM NORTE,547.31,520.67,26.64,0
2020-11-25,10,VDM NORTE,602.67,548.08,31.75,22.84
2020-11-25,11,VDM NORTE,879.66,813.62,46.24,19.8
2020-11-25,12,VDM NORTE,1311.43,1075.86,62.69,172.88
2020-11-25,13,VDM NORTE,1332.7,1047.34,63.25,222.11
2020-11-25,14,VDM NORTE,1172.95,929.65,57.83,185.47
2020-11-25,15,VDM NORTE,1172.14,928.18,57.02,186.95
2020-11-25,16,VDM NORTE,822.74,702.18,42.08,78.47
2020-11-25,17,VDM NORTE,802.89,726.27,40.94,35.68
2020-11-25,18,VDM NORTE,954.39,910.74,43.73,-.08
2020-11-25,19,VDM NORTE,1470.91,1412.4,71.16,-12.65
2020-11-25,20,VDM NORTE,1276.57,1240,60.59,-24.02
2020-11-25,21,VDM NORTE,1226.76,1189.32,60.43,-22.99
2020-11-25,22,VDM NORTE,996.27,962.08,48.45,-14.27
2020-11-25,23,VDM NORTE,870.26,835.91,40.85,-6.5
2020-11-25,24,VDM NORTE,822.64,792.42,35.25,-5.04
2020-11-25,1,VDM SUR,535.42,507.47,27.95,0
2020-11-25,2,VDM SUR,495.73,471.78,23.95,0
2020-11-25,3,VDM SUR,483.91,460.71,23.2,0
2020-11-25,4,VDM SUR,477.34,454.19,23.16,0
2020-11-25,5,VDM SUR,485.93,462.04,24.34,-.46
2020-11-25,6,VDM SUR,492.1,466.6,25.5,0
2020-11-25,7,VDM SUR,518.44,491.39,27.05,0
2020-11-25,8,VDM SUR,545.54,517.54,28,0
2020-11-25,9,VDM SUR,553.04,520.67,32.37,0
2020-11-25,10,VDM SUR,612.16,548.08,37.7,26.38
2020-11-25,11,VDM SUR,892.23,813.62,55.33,23.29
2020-11-25,12,VDM SUR,1324.08,1075.86,74.74,173.48
2020-11-25,13,VDM SUR,1344.84,1047.34,74.98,222.52
2020-11-25,14,VDM SUR,1183.72,929.65,68.1,185.97
2020-11-25,15,VDM SUR,1182.81,928.18,67.1,187.54
2020-11-25,16,VDM SUR,831.07,702.18,50.16,78.73
2020-11-25,17,VDM SUR,811.69,726.27,49.63,35.8
2020-11-25,18,VDM SUR,964.56,910.74,53.89,-.07
2020-11-25,19,VDM SUR,1487.77,1412.4,87.89,-12.52
2020-11-25,20,VDM SUR,1291.66,1240,75.44,-23.78
2020-11-25,21,VDM SUR,1241.88,1189.32,75.32,-22.76
2020-11-25,22,VDM SUR,1007.31,962.08,59.35,-14.12
2020-11-25,23,VDM SUR,879.51,835.91,50.03,-6.42
2020-11-25,24,VDM SUR,830.75,792.42,43.29,-4.97
2020-11-25,1,VERACRUZ,524.57,507.47,17.1,0
2020-11-25,2,VERACRUZ,486.27,471.78,14.49,0
2020-11-25,3,VERACRUZ,474.77,460.71,14.06,0
2020-11-25,4,VERACRUZ,468.47,454.19,14.28,0
2020-11-25,5,VERACRUZ,476.38,462.04,15.04,-.7
2020-11-25,6,VERACRUZ,481.66,466.6,15.06,0
2020-11-25,7,VERACRUZ,506.24,491.39,14.85,0
2020-11-25,8,VERACRUZ,530.66,517.54,13.13,0
2020-11-25,9,VERACRUZ,539.28,520.67,18.61,0
2020-11-25,10,VERACRUZ,777.81,548.08,27.43,202.3
2020-11-25,11,VERACRUZ,1038.24,813.62,42.32,182.31
2020-11-25,12,VERACRUZ,1388.67,1075.86,63.87,248.94
2020-11-25,13,VERACRUZ,1421.27,1047.34,59.75,314.18
2020-11-25,14,VERACRUZ,1244.71,929.65,51.18,263.88
2020-11-25,15,VERACRUZ,1241.19,928.18,50.25,262.77
2020-11-25,16,VERACRUZ,848.08,702.18,35.36,110.54
2020-11-25,17,VERACRUZ,809.78,726.27,33.45,50.07
2020-11-25,18,VERACRUZ,941.92,910.74,31.34,-.17
2020-11-25,19,VERACRUZ,1446.4,1412.4,52.59,-18.59
2020-11-25,20,VERACRUZ,1245.68,1240,40.97,-35.29
2020-11-25,21,VERACRUZ,1207.01,1189.32,51.51,-33.81
2020-11-25,22,VERACRUZ,979.34,962.08,38.28,-21.02
2020-11-25,23,VERACRUZ,860.42,835.91,33.98,-9.47
2020-11-25,24,VERACRUZ,812.89,792.42,27.8,-7.34
2020-11-25,1,VICTORIA,456.96,507.47,-50.51,0
2020-11-25,2,VICTORIA,427.66,471.78,-44.12,0
2020-11-25,3,VICTORIA,417.56,460.71,-43.15,0
2020-11-25,4,VICTORIA,409.92,454.19,-44.27,0
2020-11-25,5,VICTORIA,409.92,462.04,-45.72,-6.4
2020-11-25,6,VICTORIA,419.39,466.6,-47.21,0
2020-11-25,7,VICTORIA,441.69,491.39,-49.7,0
2020-11-25,8,VICTORIA,469.12,517.54,-48.41,0
2020-11-25,9,VICTORIA,469.11,520.67,-51.56,0
2020-11-25,10,VICTORIA,461.69,548.08,-53.96,-32.43
2020-11-25,11,VICTORIA,672.07,813.62,-76.51,-65.04
2020-11-25,12,VICTORIA,645.42,1075.86,-103.92,-326.52
2020-11-25,13,VICTORIA,475.88,1047.34,-108.74,-462.72
2020-11-25,14,VICTORIA,506.87,929.65,-93.33,-329.46
2020-11-25,15,VICTORIA,503.88,928.18,-91.95,-332.35
2020-11-25,16,VICTORIA,492.49,702.18,-68.42,-141.28
2020-11-25,17,VICTORIA,592.96,726.27,-74.6,-58.71
2020-11-25,18,VICTORIA,820.6,910.74,-88.2,-1.94
2020-11-25,19,VICTORIA,1097.78,1412.4,-135.89,-178.74
2020-11-25,20,VICTORIA,785.97,1240,-114.73,-339.3
2020-11-25,21,VICTORIA,753.5,1189.32,-111.12,-324.7
2020-11-25,22,VICTORIA,666.88,962.08,-93.2,-202
2020-11-25,23,VICTORIA,664.38,835.91,-79.6,-91.93
2020-11-25,24,VICTORIA,650.04,792.42,-71.13,-71.26
2020-11-25,1,VILLAHERMOSA,530.86,507.47,23.39,0
2020-11-25,2,VILLAHERMOSA,491.08,471.78,19.3,0
2020-11-25,3,VILLAHERMOSA,478.59,460.71,17.88,0
2020-11-25,4,VILLAHERMOSA,475.13,454.19,20.95,0
2020-11-25,5,VILLAHERMOSA,482.74,462.04,21.29,-.59
2020-11-25,6,VILLAHERMOSA,487.37,466.6,20.77,0
2020-11-25,7,VILLAHERMOSA,510.98,491.39,19.58,0
2020-11-25,8,VILLAHERMOSA,534.2,517.54,16.67,0
2020-11-25,9,VILLAHERMOSA,552.62,520.67,31.94,0
2020-11-25,10,VILLAHERMOSA,697.9,548.08,38.62,111.2
2020-11-25,11,VILLAHERMOSA,977.4,813.62,64.04,99.75
2020-11-25,12,VILLAHERMOSA,1390.63,1075.86,93.03,221.74
2020-11-25,13,VILLAHERMOSA,1411.04,1047.34,86.03,277.68
2020-11-25,14,VILLAHERMOSA,1228.84,929.65,65.43,233.76
2020-11-25,15,VILLAHERMOSA,1226.11,928.18,59.66,238.27
2020-11-25,16,VILLAHERMOSA,844.95,702.18,42.8,99.97
2020-11-25,17,VILLAHERMOSA,805.07,726.27,33.49,45.31
2020-11-25,18,VILLAHERMOSA,936.82,910.74,26.21,-.13
2020-11-25,19,VILLAHERMOSA,1444.4,1412.4,48.32,-16.33
2020-11-25,20,VILLAHERMOSA,1244.98,1240,35.97,-30.99
2020-11-25,21,VILLAHERMOSA,1227.85,1189.32,68.19,-29.66
2020-11-25,22,VILLAHERMOSA,995.34,962.08,51.68,-18.42
2020-11-25,23,VILLAHERMOSA,875.62,835.91,48.21,-8.5
2020-11-25,24,VILLAHERMOSA,823.25,792.42,37.42,-6.59
2020-11-25,1,XALAPA,522.98,507.47,15.51,0
2020-11-25,2,XALAPA,486.45,471.78,14.67,0
2020-11-25,3,XALAPA,475.21,460.71,14.5,0
2020-11-25,4,XALAPA,468.53,454.19,14.34,0
2020-11-25,5,XALAPA,476.32,462.04,15.1,-.81
2020-11-25,6,XALAPA,481.9,466.6,15.3,0
2020-11-25,7,XALAPA,507.04,491.39,15.65,0
2020-11-25,8,XALAPA,529.85,517.54,12.32,0
2020-11-25,9,XALAPA,533.88,520.67,13.21,0
2020-11-25,10,XALAPA,603.4,548.08,16.11,39.22
2020-11-25,11,XALAPA,870.1,813.62,24.31,32.18
2020-11-25,12,XALAPA,1413.46,1075.86,47.39,290.2
2020-11-25,13,XALAPA,1463.04,1047.34,45.14,370.57
2020-11-25,14,XALAPA,1280.59,929.65,40.44,310.5
2020-11-25,15,XALAPA,1279.72,928.18,40.34,311.2
2020-11-25,16,XALAPA,860.75,702.18,29.94,128.62
2020-11-25,17,XALAPA,814.66,726.27,30.13,58.26
2020-11-25,18,XALAPA,946.55,910.74,36.03,-.22
2020-11-25,19,XALAPA,1452.71,1412.4,62.6,-22.29
2020-11-25,20,XALAPA,1251.19,1240,53.5,-42.31
2020-11-25,21,XALAPA,1203.96,1189.32,55.14,-40.49
2020-11-25,22,XALAPA,977.42,962.08,40.5,-25.15
2020-11-25,23,XALAPA,858.92,835.91,34.39,-11.37
2020-11-25,24,XALAPA,811.88,792.42,28.25,-8.79
2020-11-25,1,ZACAPU,523.83,507.47,16.36,0
2020-11-25,2,ZACAPU,484.66,471.78,12.88,0
2020-11-25,3,ZACAPU,472.53,460.71,11.82,0
2020-11-25,4,ZACAPU,464.02,454.18,9.84,0
2020-11-25,5,ZACAPU,472.98,462.04,10.41,.53
2020-11-25,6,ZACAPU,478.08,466.6,11.48,0
2020-11-25,7,ZACAPU,505.96,491.39,14.57,0
2020-11-25,8,ZACAPU,535.92,517.54,18.38,0
2020-11-25,9,ZACAPU,540.21,520.67,19.54,0
2020-11-25,10,ZACAPU,570.84,548.08,19.67,3.09
2020-11-25,11,ZACAPU,858.18,813.62,29.15,15.41
2020-11-25,12,ZACAPU,1120.25,1075.86,39.03,5.36
2020-11-25,13,ZACAPU,1091.56,1047.34,42.02,2.2
2020-11-25,14,ZACAPU,963.06,929.65,34.85,-1.44
2020-11-25,15,ZACAPU,961.67,928.18,34.83,-1.33
2020-11-25,16,ZACAPU,729.45,702.18,27.26,.01
2020-11-25,17,ZACAPU,751.59,726.27,27.7,-2.37
2020-11-25,18,ZACAPU,939.07,910.74,27.77,.56
2020-11-25,19,ZACAPU,1475.62,1412.4,49.09,14.13
2020-11-25,20,ZACAPU,1309.61,1240,42.77,26.84
2020-11-25,21,ZACAPU,1254.79,1189.32,39.79,25.68
2020-11-25,22,ZACAPU,1010.53,962.08,32.36,16.09
2020-11-25,23,ZACAPU,870.87,835.91,27.64,7.32
2020-11-25,24,ZACAPU,824.99,792.42,26.89,5.68
2020-11-25,1,ZACATECAS,516.51,507.47,9.04,0
2020-11-25,2,ZACATECAS,479.41,471.78,7.63,0
2020-11-25,3,ZACATECAS,466.78,460.71,6.07,0
2020-11-25,4,ZACATECAS,458.71,454.19,4.53,0
2020-11-25,5,ZACATECAS,468.14,462.04,4.45,1.65
2020-11-25,6,ZACATECAS,471.25,466.6,4.65,0
2020-11-25,7,ZACATECAS,499.01,491.39,7.62,0
2020-11-25,8,ZACATECAS,529.26,517.54,11.73,0
2020-11-25,9,ZACATECAS,525.64,520.67,4.97,0
2020-11-25,10,ZACATECAS,535.47,548.08,-.33,-12.29
2020-11-25,11,ZACATECAS,777.09,813.62,-.58,-35.95
2020-11-25,12,ZACATECAS,941.76,1075.86,-6.08,-128.02
2020-11-25,13,ZACATECAS,911.16,1047.34,-4.84,-131.35
2020-11-25,14,ZACATECAS,797.57,929.65,-9.18,-122.9
2020-11-25,15,ZACATECAS,796.24,928.18,-7.84,-124.09
2020-11-25,16,ZACATECAS,645.38,702.18,-3.55,-53.25
2020-11-25,17,ZACATECAS,706.88,726.27,.54,-19.93
2020-11-25,18,ZACATECAS,926.17,910.74,15.29,.14
2020-11-25,19,ZACATECAS,1491.37,1412.4,31.11,47.86
2020-11-25,20,ZACATECAS,1361.21,1240,32.74,88.47
2020-11-25,21,ZACATECAS,1305.07,1189.32,30.41,85.34
2020-11-25,22,ZACATECAS,1037.26,962.08,23,52.18
2020-11-25,23,ZACATECAS,877.22,835.91,17.61,23.7
2020-11-25,24,ZACATECAS,828.06,792.42,17.32,18.32
2020-11-25,1,ZAMORA,526.84,507.47,19.37,0
2020-11-25,2,ZAMORA,487.46,471.78,15.68,0
2020-11-25,3,ZAMORA,475.13,460.71,14.42,0
2020-11-25,4,ZAMORA,466.47,454.19,12.29,0
2020-11-25,5,ZAMORA,475.38,462.04,12.77,.57
2020-11-25,6,ZAMORA,480.31,466.6,13.71,0
2020-11-25,7,ZAMORA,508.85,491.39,17.45,0
2020-11-25,8,ZAMORA,540,517.54,22.47,0
2020-11-25,9,ZAMORA,544.97,520.67,24.3,0
2020-11-25,10,ZAMORA,574.74,548.08,23.93,2.72
2020-11-25,11,ZAMORA,866.19,813.62,34.98,17.58
2020-11-25,12,ZAMORA,1121.82,1075.86,44.76,1.2
2020-11-25,13,ZAMORA,1089.74,1047.34,47.25,-4.85
2020-11-25,14,ZAMORA,960.13,929.65,37.83,-7.36
2020-11-25,15,ZAMORA,958.94,928.18,38.07,-7.31
2020-11-25,16,ZAMORA,729.36,702.18,29.54,-2.37
2020-11-25,17,ZAMORA,753.73,726.27,31.23,-3.76
2020-11-25,18,ZAMORA,944.52,910.74,33.11,.67
2020-11-25,19,ZAMORA,1481.35,1412.4,53.74,15.2
2020-11-25,20,ZAMORA,1315.54,1240,46.66,28.89
2020-11-25,21,ZAMORA,1261.27,1189.32,44.29,27.66
2020-11-25,22,ZAMORA,1016.54,962.08,37.14,17.32
2020-11-25,23,ZAMORA,875.54,835.91,31.74,7.89
2020-11-25,24,ZAMORA,830.55,792.42,32.01,6.12
2020-11-25,1,ZAPOTLAN,520.17,507.47,12.7,0
2020-11-25,2,ZAPOTLAN,481.58,471.78,9.8,0
2020-11-25,3,ZAPOTLAN,468.85,460.71,8.14,0
2020-11-25,4,ZAPOTLAN,459.6,454.18,5.41,0
2020-11-25,5,ZAPOTLAN,467.84,462.04,5.32,.48
2020-11-25,6,ZAPOTLAN,472.56,466.6,5.96,0
2020-11-25,7,ZAPOTLAN,500.22,491.39,8.83,0
2020-11-25,8,ZAPOTLAN,532.55,517.54,15.02,0
2020-11-25,9,ZAPOTLAN,538.05,520.67,17.38,0
2020-11-25,10,ZAPOTLAN,565.92,548.08,15.1,2.74
2020-11-25,11,ZAPOTLAN,866.29,813.62,20.04,32.63
2020-11-25,12,ZAPOTLAN,1093.28,1075.86,20.25,-2.83
2020-11-25,13,ZAPOTLAN,1041.88,1047.34,22.38,-27.84
2020-11-25,14,ZAPOTLAN,917.67,929.65,12.74,-24.72
2020-11-25,15,ZAPOTLAN,918,928.18,14.51,-24.68
2020-11-25,16,ZAPOTLAN,704.94,702.18,11.98,-9.22
2020-11-25,17,ZAPOTLAN,733.11,726.27,14.72,-7.87
2020-11-25,18,ZAPOTLAN,927.9,910.74,15.88,1.27
2020-11-25,19,ZAPOTLAN,1446.27,1412.4,21.52,12.36
2020-11-25,20,ZAPOTLAN,1280.27,1240,16.78,23.49
2020-11-25,21,ZAPOTLAN,1227.83,1189.32,16.03,22.48
2020-11-25,22,ZAPOTLAN,995.8,962.08,19.08,14.64
2020-11-25,23,ZAPOTLAN,860.34,835.91,17.76,6.67
2020-11-25,24,ZAPOTLAN,819.37,792.42,21.78,5.17
2020-11-25,1,ZIHUATANEJO,550.51,507.47,43.04,0
2020-11-25,2,ZIHUATANEJO,507.89,471.78,36.11,0
2020-11-25,3,ZIHUATANEJO,495.39,460.71,34.68,0
2020-11-25,4,ZIHUATANEJO,485.97,454.18,31.78,0
2020-11-25,5,ZIHUATANEJO,495.05,462.04,33.1,-.1
2020-11-25,6,ZIHUATANEJO,500.91,466.6,34.31,0
2020-11-25,7,ZIHUATANEJO,528.66,491.39,37.26,0
2020-11-25,8,ZIHUATANEJO,556.07,517.54,38.53,0
2020-11-25,9,ZIHUATANEJO,562.47,520.67,41.8,0
2020-11-25,10,ZIHUATANEJO,616.85,548.08,45.42,23.34
2020-11-25,11,ZIHUATANEJO,905.72,813.62,64.58,27.52
2020-11-25,12,ZIHUATANEJO,1275.73,1075.86,82.93,116.94
2020-11-25,13,ZIHUATANEJO,1280.28,1047.34,86.36,146.58
2020-11-25,14,ZIHUATANEJO,1136.23,929.65,83.82,122.76
2020-11-25,15,ZIHUATANEJO,1134.76,928.18,82.58,124
2020-11-25,16,ZIHUATANEJO,819.46,702.18,65.02,52.27
2020-11-25,17,ZIHUATANEJO,810.19,726.27,62.93,20.99
2020-11-25,18,ZIHUATANEJO,965.35,910.74,54.36,.24
2020-11-25,19,ZIHUATANEJO,1494.86,1412.4,86.37,-3.91
2020-11-25,20,ZIHUATANEJO,1310.37,1240,77.98,-7.61
2020-11-25,21,ZIHUATANEJO,1261.49,1189.32,79.41,-7.23
2020-11-25,22,ZIHUATANEJO,1021.13,962.08,63.43,-4.39
2020-11-25,23,ZIHUATANEJO,897.77,835.91,63.89,-2.02
2020-11-25,24,ZIHUATANEJO,854.07,792.42,63.2,-1.56
2020-11-26,1,ACAPULCO,596.61,532.11,64.5,0
2020-11-26,2,ACAPULCO,544.22,487.9,56.32,0
2020-11-26,3,ACAPULCO,522.89,472.14,50.75,0
2020-11-26,4,ACAPULCO,510.09,462.72,47.37,0
2020-11-26,5,ACAPULCO,498.79,453.51,45.28,0
2020-11-26,6,ACAPULCO,515.67,466.71,48.96,0
2020-11-26,7,ACAPULCO,536.05,482.82,53.23,0
2020-11-26,8,ACAPULCO,572.33,513.14,59.2,0
2020-11-26,9,ACAPULCO,559.55,501.03,58.53,0
2020-11-26,10,ACAPULCO,579.91,518.59,61.25,.07
2020-11-26,11,ACAPULCO,578.81,521.04,57.77,0
2020-11-26,12,ACAPULCO,574.14,513.55,60.69,-.1
2020-11-26,13,ACAPULCO,577.01,516.62,60.41,-.02
2020-11-26,14,ACAPULCO,567.8,508.58,59.23,0
2020-11-26,15,ACAPULCO,567.88,511.98,55.9,0
2020-11-26,16,ACAPULCO,579.89,522.33,57.57,0
2020-11-26,17,ACAPULCO,577.16,525.03,52.13,0
2020-11-26,18,ACAPULCO,616.61,565.88,51.05,-.31
2020-11-26,19,ACAPULCO,811.78,761.21,56.08,-5.51
2020-11-26,20,ACAPULCO,749.57,692.65,60.89,-3.97
2020-11-26,21,ACAPULCO,738.81,683.43,58.48,-3.1
2020-11-26,22,ACAPULCO,740.4,683.64,59.79,-3.03
2020-11-26,23,ACAPULCO,692.66,635.04,60.49,-2.87
2020-11-26,24,ACAPULCO,634.94,576.35,60.4,-1.82
2020-11-26,1,AGUASCALIENTES,533.96,532.11,1.85,0
2020-11-26,2,AGUASCALIENTES,488.15,487.9,.25,0
2020-11-26,3,AGUASCALIENTES,473.08,472.14,.94,0
2020-11-26,4,AGUASCALIENTES,464.08,462.72,1.36,0
2020-11-26,5,AGUASCALIENTES,454.8,453.51,1.29,0
2020-11-26,6,AGUASCALIENTES,467.39,466.71,.68,0
2020-11-26,7,AGUASCALIENTES,483.3,482.82,.48,0
2020-11-26,8,AGUASCALIENTES,513.78,513.14,.65,0
2020-11-26,9,AGUASCALIENTES,496.34,501.03,-4.69,0
2020-11-26,10,AGUASCALIENTES,509.8,518.59,-8.66,-.14
2020-11-26,11,AGUASCALIENTES,512.99,521.04,-8.05,0
2020-11-26,12,AGUASCALIENTES,504.33,513.55,-10.32,1.11
2020-11-26,13,AGUASCALIENTES,505.46,516.62,-11.42,.26
2020-11-26,14,AGUASCALIENTES,499.6,508.58,-8.98,0
2020-11-26,15,AGUASCALIENTES,501.89,511.98,-10.09,0
2020-11-26,16,AGUASCALIENTES,512.79,522.33,-9.54,0
2020-11-26,17,AGUASCALIENTES,519.41,525.03,-5.62,0
2020-11-26,18,AGUASCALIENTES,569.73,565.88,1.32,2.53
2020-11-26,19,AGUASCALIENTES,808.64,761.21,2.78,44.66
2020-11-26,20,AGUASCALIENTES,724.63,692.65,-.06,32.04
2020-11-26,21,AGUASCALIENTES,710.03,683.43,1.64,24.96
2020-11-26,22,AGUASCALIENTES,711.15,683.64,3.31,24.2
2020-11-26,23,AGUASCALIENTES,660.38,635.04,2.38,22.96
2020-11-26,24,AGUASCALIENTES,591.76,576.35,.93,14.48
2020-11-26,1,APATZINGAN,566.9,532.11,34.79,0
2020-11-26,2,APATZINGAN,515.38,487.9,27.48,0
2020-11-26,3,APATZINGAN,496.9,472.14,24.76,0
2020-11-26,4,APATZINGAN,486.19,462.72,23.47,0
2020-11-26,5,APATZINGAN,476.32,453.51,22.81,0
2020-11-26,6,APATZINGAN,490.75,466.71,24.04,0
2020-11-26,7,APATZINGAN,510.87,482.82,28.04,0
2020-11-26,8,APATZINGAN,548.13,513.14,34.99,0
2020-11-26,9,APATZINGAN,539.1,501.03,38.07,0
2020-11-26,10,APATZINGAN,558.5,518.59,39.65,.26
2020-11-26,11,APATZINGAN,560.5,521.04,39.46,0
2020-11-26,12,APATZINGAN,554.66,513.55,40.86,.25
2020-11-26,13,APATZINGAN,556.53,516.62,39.85,.06
2020-11-26,14,APATZINGAN,548.99,508.58,40.42,0
2020-11-26,15,APATZINGAN,550.62,511.98,38.64,0
2020-11-26,16,APATZINGAN,562.96,522.33,40.63,0
2020-11-26,17,APATZINGAN,566.89,525.03,41.86,0
2020-11-26,18,APATZINGAN,610.24,565.88,43.8,.56
2020-11-26,19,APATZINGAN,836.42,761.21,65.3,9.92
2020-11-26,20,APATZINGAN,759.27,692.65,59.59,7.02
2020-11-26,21,APATZINGAN,746.67,683.43,57.79,5.45
2020-11-26,22,APATZINGAN,744.01,683.64,55.09,5.29
2020-11-26,23,APATZINGAN,689.72,635.04,49.67,5.02
2020-11-26,24,APATZINGAN,619.57,576.35,40.04,3.18
2020-11-26,1,CABORCA,481.11,532.11,-51,0
2020-11-26,2,CABORCA,444.91,487.9,-42.99,0
2020-11-26,3,CABORCA,429.83,472.14,-42.31,0
2020-11-26,4,CABORCA,431.09,462.72,-31.63,0
2020-11-26,5,CABORCA,432.56,453.51,-20.94,0
2020-11-26,6,CABORCA,432.07,466.71,-34.64,0
2020-11-26,7,CABORCA,446.1,482.82,-36.72,0
2020-11-26,8,CABORCA,469.01,513.14,-44.12,0
2020-11-26,9,CABORCA,440.86,501.03,-60.18,0
2020-11-26,10,CABORCA,393.05,518.59,-120.66,-4.89
2020-11-26,11,CABORCA,457.84,521.04,-63.2,0
2020-11-26,12,CABORCA,441.91,513.55,-69.06,-2.58
2020-11-26,13,CABORCA,443.79,516.62,-72.23,-.6
2020-11-26,14,CABORCA,443.19,508.58,-65.39,0
2020-11-26,15,CABORCA,446.13,511.98,-65.86,0
2020-11-26,16,CABORCA,450.49,522.33,-71.83,0
2020-11-26,17,CABORCA,459.62,525.03,-65.41,0
2020-11-26,18,CABORCA,497.55,565.88,-62.64,-5.69
2020-11-26,19,CABORCA,573.84,761.21,-81.77,-105.59
2020-11-26,20,CABORCA,534.84,692.65,-75.37,-82.44
2020-11-26,21,CABORCA,545.75,683.43,-75.55,-62.14
2020-11-26,22,CABORCA,549.6,683.64,-73.81,-60.23
2020-11-26,23,CABORCA,522.44,635.04,-55.41,-57.18
2020-11-26,24,CABORCA,483.53,576.35,-56.57,-36.26
2020-11-26,1,CAMARGO,493,532.11,-39.11,0
2020-11-26,2,CAMARGO,457.93,487.9,-29.98,0
2020-11-26,3,CAMARGO,444.38,472.14,-27.76,0
2020-11-26,4,CAMARGO,443.42,462.72,-19.3,0
2020-11-26,5,CAMARGO,438.98,453.51,-14.53,0
2020-11-26,6,CAMARGO,442.96,466.71,-23.75,0
2020-11-26,7,CAMARGO,456.7,482.82,-26.12,0
2020-11-26,8,CAMARGO,481.38,513.14,-31.76,0
2020-11-26,9,CAMARGO,465.15,501.03,-35.88,0
2020-11-26,10,CAMARGO,453.33,518.59,-62.25,-3.01
2020-11-26,11,CAMARGO,464.87,521.04,-56.17,0
2020-11-26,12,CAMARGO,451.18,513.55,-57.83,-4.54
2020-11-26,13,CAMARGO,455.1,516.62,-60.47,-1.05
2020-11-26,14,CAMARGO,453.32,508.58,-55.26,0
2020-11-26,15,CAMARGO,457.4,511.98,-54.59,0
2020-11-26,16,CAMARGO,464.7,522.33,-57.63,0
2020-11-26,17,CAMARGO,479.56,525.03,-45.47,0
2020-11-26,18,CAMARGO,515.06,565.88,-40.77,-10.05
2020-11-26,19,CAMARGO,528.54,761.21,-55.32,-177.35
2020-11-26,20,CAMARGO,510.72,692.65,-57.83,-124.11
2020-11-26,21,CAMARGO,525.99,683.43,-61.37,-96.06
2020-11-26,22,CAMARGO,527.17,683.64,-63.34,-93.13
2020-11-26,23,CAMARGO,498.04,635.04,-48.58,-88.42
2020-11-26,24,CAMARGO,473.69,576.35,-46.59,-56.07
2020-11-26,1,CAMPECHE,584.53,532.11,52.41,0
2020-11-26,2,CAMPECHE,532.59,487.9,44.69,0
2020-11-26,3,CAMPECHE,507.81,472.14,35.67,0
2020-11-26,4,CAMPECHE,491.54,462.72,28.82,0
2020-11-26,5,CAMPECHE,479.47,453.51,25.96,0
2020-11-26,6,CAMPECHE,501.11,466.71,34.4,0
2020-11-26,7,CAMPECHE,515.71,482.82,32.89,0
2020-11-26,8,CAMPECHE,549.81,513.14,36.67,0
2020-11-26,9,CAMPECHE,552.3,501.03,51.27,0
2020-11-26,10,CAMPECHE,565.45,518.59,46.87,-.02
2020-11-26,11,CAMPECHE,573.25,521.04,52.21,0
2020-11-26,12,CAMPECHE,573.24,513.55,59.92,-.22
2020-11-26,13,CAMPECHE,574.76,516.62,58.19,-.05
2020-11-26,14,CAMPECHE,561.96,508.58,53.38,0
2020-11-26,15,CAMPECHE,566.18,511.98,54.2,0
2020-11-26,16,CAMPECHE,573.66,522.33,51.34,0
2020-11-26,17,CAMPECHE,578.37,525.03,53.34,0
2020-11-26,18,CAMPECHE,607.86,565.88,42.61,-.64
2020-11-26,19,CAMPECHE,804.48,761.21,54.41,-11.14
2020-11-26,20,CAMPECHE,743.89,692.65,59.21,-7.97
2020-11-26,21,CAMPECHE,730.88,683.43,53.66,-6.21
2020-11-26,22,CAMPECHE,736.28,683.64,58.77,-6.13
2020-11-26,23,CAMPECHE,708.2,635.04,78.99,-5.82
2020-11-26,24,CAMPECHE,638.88,576.35,66.22,-3.69
2020-11-26,1,CANCUN,570.54,532.11,38.42,0
2020-11-26,2,CANCUN,524.57,487.9,36.67,0
2020-11-26,3,CANCUN,500.83,472.14,28.69,0
2020-11-26,4,CANCUN,486.36,462.72,23.64,0
2020-11-26,5,CANCUN,476.3,453.51,22.79,0
2020-11-26,6,CANCUN,488.24,466.71,21.53,0
2020-11-26,7,CANCUN,501.36,482.82,18.54,0
2020-11-26,8,CANCUN,536.15,513.14,23.01,0
2020-11-26,9,CANCUN,534.89,501.03,33.86,0
2020-11-26,10,CANCUN,542.77,518.59,24.2,-.02
2020-11-26,11,CANCUN,555.25,521.04,34.22,0
2020-11-26,12,CANCUN,556.4,513.55,43.07,-.22
2020-11-26,13,CANCUN,553.23,516.62,36.67,-.05
2020-11-26,14,CANCUN,544.6,508.58,36.02,0
2020-11-26,15,CANCUN,548.03,511.98,36.05,0
2020-11-26,16,CANCUN,550.18,522.33,27.85,0
2020-11-26,17,CANCUN,557.31,525.03,32.28,0
2020-11-26,18,CANCUN,593.42,565.88,28.18,-.64
2020-11-26,19,CANCUN,783.69,761.21,33.63,-11.14
2020-11-26,20,CANCUN,724.29,692.65,39.61,-7.97
2020-11-26,21,CANCUN,710.43,683.43,33.21,-6.21
2020-11-26,22,CANCUN,715.45,683.64,37.95,-6.13
2020-11-26,23,CANCUN,695.96,635.04,66.75,-5.82
2020-11-26,24,CANCUN,627.31,576.35,54.65,-3.69
2020-11-26,1,CARMEN,615.26,532.11,83.14,0
2020-11-26,2,CARMEN,558.34,487.9,70.44,0
2020-11-26,3,CARMEN,531.47,472.14,59.33,0
2020-11-26,4,CARMEN,513.17,462.72,50.45,0
2020-11-26,5,CARMEN,499.34,453.51,45.83,0
2020-11-26,6,CARMEN,518.78,466.71,52.07,0
2020-11-26,7,CARMEN,533.02,482.82,50.2,0
2020-11-26,8,CARMEN,567.7,513.14,54.57,0
2020-11-26,9,CARMEN,571.76,501.03,70.73,0
2020-11-26,10,CARMEN,585.95,518.59,67.37,-.02
2020-11-26,11,CARMEN,593.16,521.04,72.12,0
2020-11-26,12,CARMEN,593.06,513.55,79.73,-.22
2020-11-26,13,CARMEN,596.14,516.62,79.57,-.05
2020-11-26,14,CARMEN,581.96,508.58,73.38,0
2020-11-26,15,CARMEN,586.54,511.98,74.56,0
2020-11-26,16,CARMEN,595.19,522.33,72.86,0
2020-11-26,17,CARMEN,599.49,525.03,74.46,0
2020-11-26,18,CARMEN,635.2,565.88,69.95,-.64
2020-11-26,19,CARMEN,844.44,761.21,94.38,-11.14
2020-11-26,20,CARMEN,781.59,692.65,96.91,-7.97
2020-11-26,21,CARMEN,769.33,683.43,92.11,-6.21
2020-11-26,22,CARMEN,775.99,683.64,98.48,-6.13
2020-11-26,23,CARMEN,745.19,635.04,115.98,-5.82
2020-11-26,24,CARMEN,672.13,576.35,99.47,-3.69
2020-11-26,1,CASAS GRANDES,452.28,532.11,-79.84,0
2020-11-26,2,CASAS GRANDES,421.43,487.9,-66.47,0
2020-11-26,3,CASAS GRANDES,408.51,472.14,-63.63,0
2020-11-26,4,CASAS GRANDES,409.99,462.72,-52.74,0
2020-11-26,5,CASAS GRANDES,409.35,453.51,-44.16,0
2020-11-26,6,CASAS GRANDES,409.58,466.71,-57.13,0
2020-11-26,7,CASAS GRANDES,422.49,482.82,-60.33,0
2020-11-26,8,CASAS GRANDES,443.07,513.14,-70.06,0
2020-11-26,9,CASAS GRANDES,425.4,501.03,-75.63,0
2020-11-26,10,CASAS GRANDES,402.61,518.59,-112.42,-3.56
2020-11-26,11,CASAS GRANDES,423.08,521.04,-97.95,0
2020-11-26,12,CASAS GRANDES,413.44,513.55,-95.95,-4.16
2020-11-26,13,CASAS GRANDES,414.57,516.62,-101.09,-.96
2020-11-26,14,CASAS GRANDES,413.9,508.58,-94.67,0
2020-11-26,15,CASAS GRANDES,415.32,511.98,-96.66,0
2020-11-26,16,CASAS GRANDES,418.46,522.33,-103.86,0
2020-11-26,17,CASAS GRANDES,435.11,525.03,-89.92,0
2020-11-26,18,CASAS GRANDES,469.34,565.88,-87.35,-9.19
2020-11-26,19,CASAS GRANDES,479.21,761.21,-118.86,-163.14
2020-11-26,20,CASAS GRANDES,461.82,692.65,-119.65,-111.18
2020-11-26,21,CASAS GRANDES,477.02,683.43,-121,-85.41
2020-11-26,22,CASAS GRANDES,478.54,683.64,-122.29,-82.8
2020-11-26,23,CASAS GRANDES,459.14,635.04,-97.29,-78.61
2020-11-26,24,CASAS GRANDES,434.28,576.35,-92.19,-49.88
2020-11-26,1,CELAYA,539.95,532.11,7.83,0
2020-11-26,2,CELAYA,494.24,487.9,6.33,0
2020-11-26,3,CELAYA,478.53,472.14,6.39,0
2020-11-26,4,CELAYA,468.98,462.72,6.26,0
2020-11-26,5,CELAYA,459.66,453.51,6.15,0
2020-11-26,6,CELAYA,472.88,466.71,6.17,0
2020-11-26,7,CELAYA,489.58,482.82,6.75,0
2020-11-26,8,CELAYA,521.01,513.14,7.87,0
2020-11-26,9,CELAYA,508.01,501.03,6.98,0
2020-11-26,10,CELAYA,525.37,518.6,6.75,.03
2020-11-26,11,CELAYA,528.41,521.04,7.37,0
2020-11-26,12,CELAYA,520.46,513.55,6.74,.18
2020-11-26,13,CELAYA,523.18,516.62,6.52,.04
2020-11-26,14,CELAYA,515.9,508.58,7.33,0
2020-11-26,15,CELAYA,519.08,511.98,7.1,0
2020-11-26,16,CELAYA,529.29,522.33,6.96,0
2020-11-26,17,CELAYA,532.86,525.03,7.83,0
2020-11-26,18,CELAYA,576.4,565.88,10.12,.4
2020-11-26,19,CELAYA,780.41,761.21,12.26,6.95
2020-11-26,20,CELAYA,706.92,692.65,9.52,4.76
2020-11-26,21,CELAYA,696.96,683.43,9.77,3.77
2020-11-26,22,CELAYA,697.8,683.64,10.44,3.72
2020-11-26,23,CELAYA,648.34,635.04,9.73,3.58
2020-11-26,24,CELAYA,586.42,576.35,7.8,2.27
2020-11-26,1,CENTRO ORIENTE,549.09,532.11,16.98,0
2020-11-26,2,CENTRO ORIENTE,502.72,487.9,14.82,0
2020-11-26,3,CENTRO ORIENTE,485.25,472.14,13.11,0
2020-11-26,4,CENTRO ORIENTE,474.86,462.72,12.14,0
2020-11-26,5,CENTRO ORIENTE,465.13,453.51,11.62,0
2020-11-26,6,CENTRO ORIENTE,479.79,466.71,13.08,0
2020-11-26,7,CENTRO ORIENTE,497.66,482.82,14.83,0
2020-11-26,8,CENTRO ORIENTE,529.42,513.14,16.29,0
2020-11-26,9,CENTRO ORIENTE,521.11,501.03,20.09,0
2020-11-26,10,CENTRO ORIENTE,540.6,518.59,22.02,-.01
2020-11-26,11,CENTRO ORIENTE,542.55,521.04,21.52,0
2020-11-26,12,CENTRO ORIENTE,536.24,513.55,22.87,-.18
2020-11-26,13,CENTRO ORIENTE,539.26,516.62,22.68,-.04
2020-11-26,14,CENTRO ORIENTE,530.33,508.58,21.75,0
2020-11-26,15,CENTRO ORIENTE,534.88,511.98,22.9,0
2020-11-26,16,CENTRO ORIENTE,545.8,522.33,23.47,0
2020-11-26,17,CENTRO ORIENTE,546.54,525.03,21.51,0
2020-11-26,18,CENTRO ORIENTE,584.59,565.88,19.22,-.5
2020-11-26,19,CENTRO ORIENTE,783.11,761.21,30.78,-8.88
2020-11-26,20,CENTRO ORIENTE,719.08,692.65,32.79,-6.36
2020-11-26,21,CENTRO ORIENTE,709.05,683.43,30.57,-4.95
2020-11-26,22,CENTRO ORIENTE,706.86,683.64,28.02,-4.8
2020-11-26,23,CENTRO ORIENTE,655.03,635.04,24.54,-4.54
2020-11-26,24,CENTRO ORIENTE,594.31,576.35,20.84,-2.88
2020-11-26,1,CENTRO SUR,561.92,532.11,29.81,0
2020-11-26,2,CENTRO SUR,514,487.9,26.09,0
2020-11-26,3,CENTRO SUR,495.49,472.14,23.36,0
2020-11-26,4,CENTRO SUR,484.51,462.72,21.79,0
2020-11-26,5,CENTRO SUR,474.26,453.51,20.75,0
2020-11-26,6,CENTRO SUR,489.73,466.71,23.02,0
2020-11-26,7,CENTRO SUR,508.77,482.82,25.95,0
2020-11-26,8,CENTRO SUR,543.01,513.14,29.88,0
2020-11-26,9,CENTRO SUR,532.44,501.03,31.41,0
2020-11-26,10,CENTRO SUR,551.87,518.59,33.24,.03
2020-11-26,11,CENTRO SUR,552.3,521.04,31.26,0
2020-11-26,12,CENTRO SUR,546.63,513.55,33.2,-.11
2020-11-26,13,CENTRO SUR,549.38,516.62,32.78,-.03
2020-11-26,14,CENTRO SUR,540.05,508.58,31.48,0
2020-11-26,15,CENTRO SUR,544.29,511.98,32.31,0
2020-11-26,16,CENTRO SUR,555.88,522.33,33.55,0
2020-11-26,17,CENTRO SUR,556.84,525.03,31.81,0
2020-11-26,18,CENTRO SUR,596.01,565.88,30.48,-.34
2020-11-26,19,CENTRO SUR,798.04,761.21,42.88,-6.04
2020-11-26,20,CENTRO SUR,729.93,692.65,41.62,-4.34
2020-11-26,21,CENTRO SUR,719.38,683.43,39.33,-3.38
2020-11-26,22,CENTRO SUR,718.97,683.64,38.62,-3.28
2020-11-26,23,CENTRO SUR,669.1,635.04,37.18,-3.11
2020-11-26,24,CENTRO SUR,607.57,576.35,33.19,-1.97
2020-11-26,1,CHETUMAL,586.88,532.11,54.77,0
2020-11-26,2,CHETUMAL,534.39,487.9,46.49,0
2020-11-26,3,CHETUMAL,509.38,472.14,37.24,0
2020-11-26,4,CHETUMAL,493.09,462.72,30.37,0
2020-11-26,5,CHETUMAL,481.07,453.51,27.56,0
2020-11-26,6,CHETUMAL,497.22,466.71,30.51,0
2020-11-26,7,CHETUMAL,512.1,482.82,29.28,0
2020-11-26,8,CHETUMAL,545.98,513.14,32.85,0
2020-11-26,9,CHETUMAL,559.89,501.03,58.86,0
2020-11-26,10,CHETUMAL,566.35,518.59,47.78,-.02
2020-11-26,11,CHETUMAL,573.9,521.04,52.86,0
2020-11-26,12,CHETUMAL,573.54,513.55,60.22,-.22
2020-11-26,13,CHETUMAL,575.14,516.62,58.57,-.05
2020-11-26,14,CHETUMAL,552.88,508.58,44.3,0
2020-11-26,15,CHETUMAL,557.02,511.98,45.03,0
2020-11-26,16,CHETUMAL,564.27,522.33,41.95,0
2020-11-26,17,CHETUMAL,569.2,525.03,44.17,0
2020-11-26,18,CHETUMAL,607.19,565.88,41.95,-.64
2020-11-26,19,CHETUMAL,804.64,761.21,54.58,-11.14
2020-11-26,20,CHETUMAL,744.07,692.65,59.39,-7.97
2020-11-26,21,CHETUMAL,730.9,683.43,53.68,-6.21
2020-11-26,22,CHETUMAL,735.94,683.64,58.44,-6.13
2020-11-26,23,CHETUMAL,712.92,635.04,83.71,-5.82
2020-11-26,24,CHETUMAL,642.32,576.35,69.66,-3.69
2020-11-26,1,CHIHUAHUA,462.39,532.11,-69.72,0
2020-11-26,2,CHIHUAHUA,430.78,487.9,-57.12,0
2020-11-26,3,CHIHUAHUA,418.24,472.14,-53.91,0
2020-11-26,4,CHIHUAHUA,418.29,462.72,-44.43,0
2020-11-26,5,CHIHUAHUA,414.94,453.51,-38.57,0
2020-11-26,6,CHIHUAHUA,417.68,466.71,-49.04,0
2020-11-26,7,CHIHUAHUA,430.6,482.82,-52.22,0
2020-11-26,8,CHIHUAHUA,452.7,513.14,-60.43,0
2020-11-26,9,CHIHUAHUA,437.02,501.03,-64.01,0
2020-11-26,10,CHIHUAHUA,422.81,518.59,-92.74,-3.05
2020-11-26,11,CHIHUAHUA,435.1,521.04,-85.94,0
2020-11-26,12,CHIHUAHUA,423.92,513.55,-85.08,-4.55
2020-11-26,13,CHIHUAHUA,426.19,516.62,-89.38,-1.05
2020-11-26,14,CHIHUAHUA,424.59,508.58,-83.98,0
2020-11-26,15,CHIHUAHUA,426.49,511.98,-85.49,0
2020-11-26,16,CHIHUAHUA,430.82,522.33,-91.51,0
2020-11-26,17,CHIHUAHUA,446.17,525.03,-78.86,0
2020-11-26,18,CHIHUAHUA,478.35,565.88,-77.46,-10.07
2020-11-26,19,CHIHUAHUA,480.6,761.21,-102.67,-177.94
2020-11-26,20,CHIHUAHUA,466.34,692.65,-102.5,-123.81
2020-11-26,21,CHIHUAHUA,483.17,683.43,-104.57,-95.69
2020-11-26,22,CHIHUAHUA,483.5,683.64,-107.37,-92.77
2020-11-26,23,CHIHUAHUA,460.59,635.04,-86.37,-88.07
2020-11-26,24,CHIHUAHUA,439.88,576.35,-80.62,-55.86
2020-11-26,1,CHILPANCINGO,592.75,532.11,60.64,0
2020-11-26,2,CHILPANCINGO,540.88,487.9,52.97,0
2020-11-26,3,CHILPANCINGO,520.21,472.14,48.07,0
2020-11-26,4,CHILPANCINGO,507.52,462.72,44.8,0
2020-11-26,5,CHILPANCINGO,496.5,453.51,42.99,0
2020-11-26,6,CHILPANCINGO,513.2,466.71,46.49,0
2020-11-26,7,CHILPANCINGO,534.17,482.82,51.35,0
2020-11-26,8,CHILPANCINGO,569.94,513.14,56.8,0
2020-11-26,9,CHILPANCINGO,558.69,501.03,57.66,0
2020-11-26,10,CHILPANCINGO,579.27,518.59,60.62,.05
2020-11-26,11,CHILPANCINGO,578.36,521.04,57.33,0
2020-11-26,12,CHILPANCINGO,573.24,513.55,59.81,-.12
2020-11-26,13,CHILPANCINGO,576.25,516.62,59.65,-.03
2020-11-26,14,CHILPANCINGO,566.96,508.58,58.38,0
2020-11-26,15,CHILPANCINGO,565.93,511.98,53.95,0
2020-11-26,16,CHILPANCINGO,577.34,522.33,55.01,0
2020-11-26,17,CHILPANCINGO,572.03,525.03,47,0
2020-11-26,18,CHILPANCINGO,611.72,565.88,46.21,-.37
2020-11-26,19,CHILPANCINGO,797.48,761.21,42.75,-6.47
2020-11-26,20,CHILPANCINGO,738.68,692.65,50.68,-4.65
2020-11-26,21,CHILPANCINGO,727.42,683.43,47.61,-3.63
2020-11-26,22,CHILPANCINGO,729.53,683.64,49.43,-3.54
2020-11-26,23,CHILPANCINGO,681.56,635.04,49.89,-3.36
2020-11-26,24,CHILPANCINGO,627.86,576.35,53.64,-2.13
2020-11-26,1,CHONTALPA,555.69,532.11,23.57,0
2020-11-26,2,CHONTALPA,504.73,487.9,16.83,0
2020-11-26,3,CHONTALPA,482.26,472.14,10.12,0
2020-11-26,4,CHONTALPA,467.35,462.72,4.63,0
2020-11-26,5,CHONTALPA,455.16,453.51,1.65,0
2020-11-26,6,CHONTALPA,470.29,466.71,3.58,0
2020-11-26,7,CHONTALPA,486.63,482.82,3.81,0
2020-11-26,8,CHONTALPA,517.7,513.14,4.56,0
2020-11-26,9,CHONTALPA,512.11,501.03,11.08,0
2020-11-26,10,CHONTALPA,525.65,518.59,7.08,-.02
2020-11-26,11,CHONTALPA,528.74,521.04,7.7,0
2020-11-26,12,CHONTALPA,527.19,513.55,13.87,-.22
2020-11-26,13,CHONTALPA,529.69,516.62,13.13,-.05
2020-11-26,14,CHONTALPA,520.75,508.58,12.18,0
2020-11-26,15,CHONTALPA,525.77,511.98,13.79,0
2020-11-26,16,CHONTALPA,534.9,522.33,12.57,0
2020-11-26,17,CHONTALPA,537.6,525.03,12.57,0
2020-11-26,18,CHONTALPA,573.55,565.88,8.3,-.64
2020-11-26,19,CHONTALPA,756.82,761.21,6.75,-11.14
2020-11-26,20,CHONTALPA,703.53,692.65,18.85,-7.97
2020-11-26,21,CHONTALPA,693.98,683.43,16.76,-6.21
2020-11-26,22,CHONTALPA,700.62,683.64,23.11,-6.13
2020-11-26,23,CHONTALPA,668.95,635.04,39.74,-5.82
2020-11-26,24,CHONTALPA,604.88,576.35,32.23,-3.69
2020-11-26,1,CIENEGA,545.49,532.11,13.37,0
2020-11-26,2,CIENEGA,495.99,487.9,8.09,0
2020-11-26,3,CIENEGA,479.42,472.14,7.28,0
2020-11-26,4,CIENEGA,470.03,462.72,7.31,0
2020-11-26,5,CIENEGA,461.13,453.51,7.62,0
2020-11-26,6,CIENEGA,473.62,466.71,6.91,0
2020-11-26,7,CIENEGA,491.65,482.82,8.83,0
2020-11-26,8,CIENEGA,524.95,513.14,11.82,0
2020-11-26,9,CIENEGA,514.65,501.03,13.62,0
2020-11-26,10,CIENEGA,530.24,518.59,11.07,.58
2020-11-26,11,CIENEGA,533.3,521.04,12.26,0
2020-11-26,12,CIENEGA,525.62,513.55,11.81,.27
2020-11-26,13,CIENEGA,526.29,516.62,9.61,.06
2020-11-26,14,CIENEGA,521.21,508.58,12.64,0
2020-11-26,15,CIENEGA,522.18,511.98,10.2,0
2020-11-26,16,CIENEGA,534.11,522.33,11.78,0
2020-11-26,17,CIENEGA,537.97,525.03,12.94,0
2020-11-26,18,CIENEGA,582.13,565.88,15.62,.63
2020-11-26,19,CIENEGA,791.6,761.21,19.27,11.12
2020-11-26,20,CIENEGA,714.16,692.65,13.72,7.79
2020-11-26,21,CIENEGA,706.42,683.43,16.98,6.01
2020-11-26,22,CIENEGA,711.66,683.64,22.2,5.82
2020-11-26,23,CIENEGA,661.27,635.04,20.71,5.53
2020-11-26,24,CIENEGA,596.04,576.35,16.18,3.5
2020-11-26,1,COATZACOALCOS,553.84,532.11,21.73,0
2020-11-26,2,COATZACOALCOS,503.57,487.9,15.67,0
2020-11-26,3,COATZACOALCOS,482.31,472.14,10.17,0
2020-11-26,4,COATZACOALCOS,468.47,462.72,5.75,0
2020-11-26,5,COATZACOALCOS,456.86,453.51,3.35,0
2020-11-26,6,COATZACOALCOS,472.79,466.71,6.07,0
2020-11-26,7,COATZACOALCOS,490.62,482.82,7.8,0
2020-11-26,8,COATZACOALCOS,522.44,513.14,9.31,0
2020-11-26,9,COATZACOALCOS,516.64,501.03,15.61,0
2020-11-26,10,COATZACOALCOS,531.93,518.59,13.36,-.02
2020-11-26,11,COATZACOALCOS,534.28,521.04,13.25,0
2020-11-26,12,COATZACOALCOS,531.53,513.55,18.21,-.23
2020-11-26,13,COATZACOALCOS,534.27,516.62,17.7,-.05
2020-11-26,14,COATZACOALCOS,525.21,508.58,16.64,0
2020-11-26,15,COATZACOALCOS,530.11,511.98,18.13,0
2020-11-26,16,COATZACOALCOS,538.43,522.33,16.1,0
2020-11-26,17,COATZACOALCOS,540.32,525.03,15.29,0
2020-11-26,18,COATZACOALCOS,576.12,565.88,10.87,-.64
2020-11-26,19,COATZACOALCOS,758.12,761.21,8.07,-11.16
2020-11-26,20,COATZACOALCOS,702.39,692.65,17.72,-7.98
2020-11-26,21,COATZACOALCOS,691.87,683.43,14.66,-6.22
2020-11-26,22,COATZACOALCOS,697.22,683.64,19.72,-6.14
2020-11-26,23,COATZACOALCOS,662.57,635.04,33.36,-5.83
2020-11-26,24,COATZACOALCOS,600.46,576.35,27.8,-3.7
2020-11-26,1,COLIMA,544.05,532.11,11.93,0
2020-11-26,2,COLIMA,494.09,487.9,6.19,0
2020-11-26,3,COLIMA,477.16,472.14,5.02,0
2020-11-26,4,COLIMA,467.74,462.72,5.01,0
2020-11-26,5,COLIMA,458.89,453.51,5.38,0
2020-11-26,6,COLIMA,471.27,466.71,4.56,0
2020-11-26,7,COLIMA,488.8,482.82,5.98,0
2020-11-26,8,COLIMA,522.38,513.14,9.25,0
2020-11-26,9,COLIMA,514.64,501.03,13.61,0
2020-11-26,10,COLIMA,530.57,518.59,11.4,.58
2020-11-26,11,COLIMA,533.56,521.04,12.52,0
2020-11-26,12,COLIMA,526.08,513.55,12.29,.24
2020-11-26,13,COLIMA,525.79,516.62,9.11,.06
2020-11-26,14,COLIMA,520.82,508.58,12.24,0
2020-11-26,15,COLIMA,521.96,511.98,9.98,0
2020-11-26,16,COLIMA,533.6,522.33,11.27,0
2020-11-26,17,COLIMA,537.19,525.03,12.15,0
2020-11-26,18,COLIMA,578.29,565.88,11.85,.57
2020-11-26,19,COLIMA,784.43,761.21,13.23,9.99
2020-11-26,20,COLIMA,707.81,692.65,8.18,6.98
2020-11-26,21,COLIMA,700.35,683.43,11.53,5.39
2020-11-26,22,COLIMA,706.23,683.64,17.36,5.23
2020-11-26,23,COLIMA,657.95,635.04,17.95,4.97
2020-11-26,24,COLIMA,594.57,576.35,15.07,3.15
2020-11-26,1,CORDOBA,547.57,532.11,15.46,0
2020-11-26,2,CORDOBA,499.13,487.9,11.23,0
2020-11-26,3,CORDOBA,479.83,472.14,7.69,0
2020-11-26,4,CORDOBA,466.71,462.72,3.99,0
2020-11-26,5,CORDOBA,456.37,453.51,2.86,0
2020-11-26,6,CORDOBA,472.02,466.71,5.3,0
2020-11-26,7,CORDOBA,490.68,482.82,7.86,0
2020-11-26,8,CORDOBA,522.7,513.14,9.57,0
2020-11-26,9,CORDOBA,516.61,501.03,15.58,0
2020-11-26,10,CORDOBA,534.76,518.59,16.2,-.03
2020-11-26,11,CORDOBA,537.03,521.04,15.99,0
2020-11-26,12,CORDOBA,531.28,513.55,17.98,-.25
2020-11-26,13,CORDOBA,534.95,516.62,18.39,-.06
2020-11-26,14,CORDOBA,525.84,508.58,17.27,0
2020-11-26,15,CORDOBA,530.79,511.98,18.8,0
2020-11-26,16,CORDOBA,540.49,522.33,18.16,0
2020-11-26,17,CORDOBA,540.54,525.03,15.51,0
2020-11-26,18,CORDOBA,576.36,565.88,11.19,-.7
2020-11-26,19,CORDOBA,765.58,761.21,16.66,-12.29
2020-11-26,20,CORDOBA,706.19,692.65,22.32,-8.79
2020-11-26,21,CORDOBA,696.22,683.43,19.63,-6.84
2020-11-26,22,CORDOBA,697.7,683.64,20.65,-6.58
2020-11-26,23,CORDOBA,653.31,635.04,24.52,-6.25
2020-11-26,24,CORDOBA,593.38,576.35,21,-3.97
2020-11-26,1,CUAUHTEMOC,478.63,532.11,-53.48,0
2020-11-26,2,CUAUHTEMOC,446.24,487.9,-41.67,0
2020-11-26,3,CUAUHTEMOC,433.34,472.14,-38.8,0
2020-11-26,4,CUAUHTEMOC,433.42,462.72,-29.3,0
2020-11-26,5,CUAUHTEMOC,429.96,453.51,-23.54,0
2020-11-26,6,CUAUHTEMOC,433.31,466.71,-33.4,0
2020-11-26,7,CUAUHTEMOC,446.44,482.82,-36.38,0
2020-11-26,8,CUAUHTEMOC,468.79,513.14,-44.34,0
2020-11-26,9,CUAUHTEMOC,452.23,501.03,-48.8,0
2020-11-26,10,CUAUHTEMOC,439.37,518.59,-76.19,-3.03
2020-11-26,11,CUAUHTEMOC,451.87,521.04,-69.17,0
2020-11-26,12,CUAUHTEMOC,440.27,513.55,-68.72,-4.56
2020-11-26,13,CUAUHTEMOC,442.62,516.62,-72.95,-1.06
2020-11-26,14,CUAUHTEMOC,440.38,508.58,-68.2,0
2020-11-26,15,CUAUHTEMOC,442.55,511.98,-69.43,0
2020-11-26,16,CUAUHTEMOC,449.33,522.33,-73,0
2020-11-26,17,CUAUHTEMOC,464.79,525.03,-60.24,0
2020-11-26,18,CUAUHTEMOC,498.06,565.88,-57.72,-10.1
2020-11-26,19,CUAUHTEMOC,504.8,761.21,-77.99,-178.42
2020-11-26,20,CUAUHTEMOC,487.39,692.65,-81.07,-124.2
2020-11-26,21,CUAUHTEMOC,503.94,683.43,-83.5,-95.99
2020-11-26,22,CUAUHTEMOC,503.49,683.64,-87.09,-93.06
2020-11-26,23,CUAUHTEMOC,479.47,635.04,-67.21,-88.35
2020-11-26,24,CUAUHTEMOC,458.77,576.35,-61.55,-56.03
2020-11-26,1,CUAUTLA,564.06,532.11,31.95,0
2020-11-26,2,CUAUTLA,514.66,487.9,26.75,0
2020-11-26,3,CUAUTLA,495.56,472.14,23.42,0
2020-11-26,4,CUAUTLA,484.22,462.72,21.5,0
2020-11-26,5,CUAUTLA,473.75,453.51,20.24,0
2020-11-26,6,CUAUTLA,489.42,466.71,22.71,0
2020-11-26,7,CUAUTLA,509.02,482.82,26.2,0
2020-11-26,8,CUAUTLA,542.99,513.14,29.86,0
2020-11-26,9,CUAUTLA,534.63,501.03,33.6,0
2020-11-26,10,CUAUTLA,554.52,518.59,35.93,0
2020-11-26,11,CUAUTLA,554.12,521.04,33.08,0
2020-11-26,12,CUAUTLA,548.23,513.55,34.88,-.19
2020-11-26,13,CUAUTLA,551.5,516.62,34.92,-.05
2020-11-26,14,CUAUTLA,542.18,508.58,33.61,0
2020-11-26,15,CUAUTLA,546.73,511.98,34.75,0
2020-11-26,16,CUAUTLA,557.14,522.33,34.81,0
2020-11-26,17,CUAUTLA,557.7,525.03,32.67,0
2020-11-26,18,CUAUTLA,596.13,565.88,30.8,-.55
2020-11-26,19,CUAUTLA,794.19,761.21,42.61,-9.63
2020-11-26,20,CUAUTLA,730.2,692.65,44.44,-6.89
2020-11-26,21,CUAUTLA,719.23,683.43,41.17,-5.37
2020-11-26,22,CUAUTLA,718.58,683.64,40.17,-5.23
2020-11-26,23,CUAUTLA,669.14,635.04,39.07,-4.96
2020-11-26,24,CUAUTLA,608.07,576.35,34.87,-3.15
2020-11-26,1,CUERNAVACA,563.07,532.11,30.95,0
2020-11-26,2,CUERNAVACA,513.83,487.9,25.93,0
2020-11-26,3,CUERNAVACA,494.58,472.14,22.44,0
2020-11-26,4,CUERNAVACA,483.14,462.72,20.42,0
2020-11-26,5,CUERNAVACA,472.77,453.51,19.26,0
2020-11-26,6,CUERNAVACA,488.46,466.71,21.75,0
2020-11-26,7,CUERNAVACA,507.71,482.82,24.89,0
2020-11-26,8,CUERNAVACA,541.55,513.14,28.42,0
2020-11-26,9,CUERNAVACA,533.17,501.03,32.15,0
2020-11-26,10,CUERNAVACA,552.97,518.59,34.37,.01
2020-11-26,11,CUERNAVACA,552.75,521.04,31.72,0
2020-11-26,12,CUERNAVACA,547.12,513.55,33.75,-.18
2020-11-26,13,CUERNAVACA,550.23,516.62,33.65,-.04
2020-11-26,14,CUERNAVACA,541.01,508.58,32.43,0
2020-11-26,15,CUERNAVACA,544.75,511.98,32.77,0
2020-11-26,16,CUERNAVACA,555.26,522.33,32.93,0
2020-11-26,17,CUERNAVACA,554.73,525.03,29.7,0
2020-11-26,18,CUERNAVACA,592.86,565.88,27.5,-.52
2020-11-26,19,CUERNAVACA,786.4,761.21,34.26,-9.07
2020-11-26,20,CUERNAVACA,723.36,692.65,37.2,-6.5
2020-11-26,21,CUERNAVACA,712.7,683.43,34.33,-5.06
2020-11-26,22,CUERNAVACA,712.61,683.64,33.9,-4.93
2020-11-26,23,CUERNAVACA,664.62,635.04,34.27,-4.68
2020-11-26,24,CUERNAVACA,605.29,576.35,31.9,-2.97
2020-11-26,1,CULIACAN,485.86,532.11,-46.25,0
2020-11-26,2,CULIACAN,444.07,487.9,-43.83,0
2020-11-26,3,CULIACAN,427.96,472.14,-44.18,0
2020-11-26,4,CULIACAN,422.89,462.72,-39.84,0
2020-11-26,5,CULIACAN,418.85,453.51,-34.66,0
2020-11-26,6,CULIACAN,421.19,466.71,-45.52,0
2020-11-26,7,CULIACAN,434.62,482.82,-48.2,0
2020-11-26,8,CULIACAN,459.78,513.14,-53.36,0
2020-11-26,9,CULIACAN,447.48,501.03,-53.55,0
2020-11-26,10,CULIACAN,441.24,518.59,-71.38,-5.97
2020-11-26,11,CULIACAN,466.56,521.04,-54.48,0
2020-11-26,12,CULIACAN,455.18,513.55,-56.58,-1.79
2020-11-26,13,CULIACAN,455.95,516.62,-60.26,-.41
2020-11-26,14,CULIACAN,456.29,508.58,-52.29,0
2020-11-26,15,CULIACAN,459.23,511.98,-52.75,0
2020-11-26,16,CULIACAN,468.86,522.33,-53.47,0
2020-11-26,17,CULIACAN,472.63,525.03,-52.41,0
2020-11-26,18,CULIACAN,511.13,565.88,-50.82,-3.93
2020-11-26,19,CULIACAN,598.12,761.21,-89.85,-73.24
2020-11-26,20,CULIACAN,550.79,692.65,-86.69,-55.17
2020-11-26,21,CULIACAN,572.81,683.43,-70.41,-40.21
2020-11-26,22,CULIACAN,584.73,683.64,-59.93,-38.98
2020-11-26,23,CULIACAN,545.55,635.04,-52.48,-37
2020-11-26,24,CULIACAN,502.09,576.35,-50.79,-23.47
2020-11-26,1,DURANGO,504.88,532.11,-27.23,0
2020-11-26,2,DURANGO,462.7,487.9,-25.21,0
2020-11-26,3,DURANGO,447.6,472.14,-24.54,0
2020-11-26,4,DURANGO,441.08,462.72,-21.64,0
2020-11-26,5,DURANGO,434.24,453.51,-19.27,0
2020-11-26,6,DURANGO,440.97,466.71,-25.75,0
2020-11-26,7,DURANGO,455.78,482.82,-27.05,0
2020-11-26,8,DURANGO,483.43,513.14,-29.71,0
2020-11-26,9,DURANGO,468.7,501.03,-32.33,0
2020-11-26,10,DURANGO,466.93,518.59,-47.63,-4.03
2020-11-26,11,DURANGO,477.33,521.04,-43.71,0
2020-11-26,12,DURANGO,463.65,513.55,-47.35,-2.55
2020-11-26,13,DURANGO,465.01,516.62,-51.02,-.59
2020-11-26,14,DURANGO,464.14,508.58,-44.43,0
2020-11-26,15,DURANGO,467.77,511.98,-44.21,0
2020-11-26,16,DURANGO,478.67,522.33,-43.66,0
2020-11-26,17,DURANGO,486.01,525.03,-39.03,0
2020-11-26,18,DURANGO,527.16,565.88,-33.09,-5.63
2020-11-26,19,DURANGO,620.06,761.21,-42.43,-98.72
2020-11-26,20,DURANGO,580.24,692.65,-41.34,-71.07
2020-11-26,21,DURANGO,586.2,683.43,-41.84,-55.39
2020-11-26,22,DURANGO,594.61,683.64,-35.33,-53.7
2020-11-26,23,DURANGO,550.92,635.04,-33.14,-50.98
2020-11-26,24,DURANGO,512.59,576.35,-31.43,-32.33
2020-11-26,1,FRESNILLO,518.16,532.11,-13.96,0
2020-11-26,2,FRESNILLO,473.68,487.9,-14.22,0
2020-11-26,3,FRESNILLO,459.73,472.14,-12.41,0
2020-11-26,4,FRESNILLO,451.55,462.72,-11.17,0
2020-11-26,5,FRESNILLO,442.88,453.51,-10.63,0
2020-11-26,6,FRESNILLO,453.14,466.71,-13.58,0
2020-11-26,7,FRESNILLO,468.39,482.82,-14.43,0
2020-11-26,8,FRESNILLO,497.36,513.14,-15.77,0
2020-11-26,9,FRESNILLO,481.47,501.03,-19.56,0
2020-11-26,10,FRESNILLO,492.91,518.59,-24.73,-.96
2020-11-26,11,FRESNILLO,497.47,521.04,-23.57,0
2020-11-26,12,FRESNILLO,481.13,513.55,-28.27,-4.15
2020-11-26,13,FRESNILLO,485.74,516.62,-29.91,-.97
2020-11-26,14,FRESNILLO,482.54,508.58,-26.03,0
2020-11-26,15,FRESNILLO,485.64,511.98,-26.34,0
2020-11-26,16,FRESNILLO,494.58,522.33,-27.75,0
2020-11-26,17,FRESNILLO,502.24,525.03,-22.79,0
2020-11-26,18,FRESNILLO,556.82,565.88,-16.98,7.92
2020-11-26,19,FRESNILLO,877.94,761.21,-19.26,135.99
2020-11-26,20,FRESNILLO,769.6,692.65,-19.97,96.92
2020-11-26,21,FRESNILLO,740.25,683.43,-18.99,75.81
2020-11-26,22,FRESNILLO,741.26,683.64,-17.93,75.55
2020-11-26,23,FRESNILLO,689.11,635.04,-19.08,73.14
2020-11-26,24,FRESNILLO,605.01,576.35,-19.71,48.37
2020-11-26,1,GUADALAJARA,541.11,532.11,8.99,0
2020-11-26,2,GUADALAJARA,492.25,487.9,4.35,0
2020-11-26,3,GUADALAJARA,475.74,472.14,3.6,0
2020-11-26,4,GUADALAJARA,466.6,462.72,3.88,0
2020-11-26,5,GUADALAJARA,457.8,453.51,4.29,0
2020-11-26,6,GUADALAJARA,469.79,466.71,3.07,0
2020-11-26,7,GUADALAJARA,487.24,482.82,4.41,0
2020-11-26,8,GUADALAJARA,520.05,513.14,6.91,0
2020-11-26,9,GUADALAJARA,509.31,501.03,8.28,0
2020-11-26,10,GUADALAJARA,524.43,518.59,5.17,.67
2020-11-26,11,GUADALAJARA,528.14,521.04,7.1,0
2020-11-26,12,GUADALAJARA,520.08,513.55,6.29,.24
2020-11-26,13,GUADALAJARA,520.34,516.62,3.66,.06
2020-11-26,14,GUADALAJARA,516.03,508.58,7.46,0
2020-11-26,15,GUADALAJARA,516.75,511.98,4.76,0
2020-11-26,16,GUADALAJARA,528.41,522.33,6.09,0
2020-11-26,17,GUADALAJARA,532.09,525.03,7.06,0
2020-11-26,18,GUADALAJARA,576.51,565.88,10.07,.56
2020-11-26,19,GUADALAJARA,781.48,761.21,10.29,9.98
2020-11-26,20,GUADALAJARA,703.93,692.65,4.35,6.93
2020-11-26,21,GUADALAJARA,697.77,683.43,8.98,5.36
2020-11-26,22,GUADALAJARA,704.38,683.64,15.55,5.2
2020-11-26,23,GUADALAJARA,654.73,635.04,14.76,4.94
2020-11-26,24,GUADALAJARA,590.48,576.35,10.99,3.14
2020-11-26,1,GUASAVE,465.53,532.11,-66.58,0
2020-11-26,2,GUASAVE,426.42,487.9,-61.49,0
2020-11-26,3,GUASAVE,410.83,472.14,-61.31,0
2020-11-26,4,GUASAVE,407.53,462.72,-55.2,0
2020-11-26,5,GUASAVE,406.13,453.51,-47.38,0
2020-11-26,6,GUASAVE,405.56,466.71,-61.16,0
2020-11-26,7,GUASAVE,418.22,482.82,-64.6,0
2020-11-26,8,GUASAVE,442.02,513.14,-71.12,0
2020-11-26,9,GUASAVE,430.16,501.03,-70.87,0
2020-11-26,10,GUASAVE,419.62,518.59,-93.15,-5.83
2020-11-26,11,GUASAVE,448.3,521.04,-72.74,0
2020-11-26,12,GUASAVE,436.68,513.55,-74.97,-1.9
2020-11-26,13,GUASAVE,437.15,516.62,-79.03,-.44
2020-11-26,14,GUASAVE,437.23,508.58,-71.35,0
2020-11-26,15,GUASAVE,440.44,511.98,-71.54,0
2020-11-26,16,GUASAVE,449.36,522.33,-72.96,0
2020-11-26,17,GUASAVE,453.83,525.03,-71.21,0
2020-11-26,18,GUASAVE,491.08,565.88,-70.62,-4.18
2020-11-26,19,GUASAVE,568.79,761.21,-114.87,-77.54
2020-11-26,20,GUASAVE,524.29,692.65,-109.56,-58.8
2020-11-26,21,GUASAVE,544.08,683.43,-96.27,-43.08
2020-11-26,22,GUASAVE,554.15,683.64,-87.73,-41.76
2020-11-26,23,GUASAVE,517.65,635.04,-77.75,-39.64
2020-11-26,24,GUASAVE,476.35,576.35,-74.86,-25.14
2020-11-26,1,GUAYMAS,444.95,532.11,-87.17,0
2020-11-26,2,GUAYMAS,410.61,487.9,-77.3,0
2020-11-26,3,GUAYMAS,396.25,472.14,-75.9,0
2020-11-26,4,GUAYMAS,396.8,462.72,-65.92,0
2020-11-26,5,GUAYMAS,397.6,453.51,-55.91,0
2020-11-26,6,GUAYMAS,393.9,466.71,-72.81,0
2020-11-26,7,GUAYMAS,405.5,482.82,-77.33,0
2020-11-26,8,GUAYMAS,426.09,513.14,-87.05,0
2020-11-26,9,GUAYMAS,413.56,501.03,-87.47,0
2020-11-26,10,GUAYMAS,389.12,518.59,-124.16,-5.31
2020-11-26,11,GUAYMAS,434.7,521.04,-86.34,0
2020-11-26,12,GUAYMAS,420.9,513.55,-90.35,-2.3
2020-11-26,13,GUAYMAS,421.5,516.62,-94.59,-.53
2020-11-26,14,GUAYMAS,420.48,508.58,-88.1,0
2020-11-26,15,GUAYMAS,424.27,511.98,-87.71,0
2020-11-26,16,GUAYMAS,431.19,522.33,-91.14,0
2020-11-26,17,GUAYMAS,437.59,525.03,-87.44,0
2020-11-26,18,GUAYMAS,474.78,565.88,-86.03,-5.08
2020-11-26,19,GUAYMAS,533.39,761.21,-135.08,-92.73
2020-11-26,20,GUAYMAS,492.37,692.65,-128.67,-71.62
2020-11-26,21,GUAYMAS,507.63,683.43,-122.41,-53.39
2020-11-26,22,GUAYMAS,514.72,683.64,-117.16,-51.76
2020-11-26,23,GUAYMAS,485.35,635.04,-100.54,-49.14
2020-11-26,24,GUAYMAS,449.04,576.35,-96.15,-31.17
2020-11-26,1,HERMOSILLO,438.97,532.11,-93.14,0
2020-11-26,2,HERMOSILLO,405.92,487.9,-81.98,0
2020-11-26,3,HERMOSILLO,392.32,472.14,-79.82,0
2020-11-26,4,HERMOSILLO,396.3,462.72,-66.42,0
2020-11-26,5,HERMOSILLO,395.75,453.51,-57.76,0
2020-11-26,6,HERMOSILLO,392.78,466.71,-73.93,0
2020-11-26,7,HERMOSILLO,404.09,482.82,-78.73,0
2020-11-26,8,HERMOSILLO,422.09,513.14,-91.04,0
2020-11-26,9,HERMOSILLO,409.89,501.03,-91.14,0
2020-11-26,10,HERMOSILLO,384.32,518.6,-129.15,-5.13
2020-11-26,11,HERMOSILLO,432.44,521.04,-88.6,0
2020-11-26,12,HERMOSILLO,418.23,513.55,-92.88,-2.44
2020-11-26,13,HERMOSILLO,418.86,516.62,-97.19,-.57
2020-11-26,14,HERMOSILLO,417.16,508.58,-91.42,0
2020-11-26,15,HERMOSILLO,421.03,511.98,-90.95,0
2020-11-26,16,HERMOSILLO,427.41,522.33,-94.92,0
2020-11-26,17,HERMOSILLO,435.4,525.03,-89.63,0
2020-11-26,18,HERMOSILLO,471.44,565.88,-89.05,-5.39
2020-11-26,19,HERMOSILLO,519.61,761.21,-143.6,-98
2020-11-26,20,HERMOSILLO,479.95,692.65,-136.66,-76.04
2020-11-26,21,HERMOSILLO,493.09,683.43,-133.38,-56.96
2020-11-26,22,HERMOSILLO,499.16,683.64,-129.26,-55.22
2020-11-26,23,HERMOSILLO,474.06,635.04,-108.56,-52.42
2020-11-26,24,HERMOSILLO,440.1,576.35,-103,-33.25
2020-11-26,1,HUAJUAPAN,582.45,532.11,50.33,0
2020-11-26,2,HUAJUAPAN,529.59,487.9,41.69,0
2020-11-26,3,HUAJUAPAN,508.51,472.14,36.37,0
2020-11-26,4,HUAJUAPAN,495.71,462.72,32.99,0
2020-11-26,5,HUAJUAPAN,484.85,453.51,31.34,0
2020-11-26,6,HUAJUAPAN,502.53,466.71,35.82,0
2020-11-26,7,HUAJUAPAN,524.49,482.82,41.67,0
2020-11-26,8,HUAJUAPAN,558.65,513.14,45.52,0
2020-11-26,9,HUAJUAPAN,551.34,501.03,50.31,0
2020-11-26,10,HUAJUAPAN,570.08,518.59,51.51,-.02
2020-11-26,11,HUAJUAPAN,572.48,521.04,51.44,0
2020-11-26,12,HUAJUAPAN,567.41,513.55,54.08,-.22
2020-11-26,13,HUAJUAPAN,571.18,516.62,54.61,-.05
2020-11-26,14,HUAJUAPAN,561.39,508.58,52.82,0
2020-11-26,15,HUAJUAPAN,566.92,511.98,54.94,0
2020-11-26,16,HUAJUAPAN,577.37,522.33,55.04,0
2020-11-26,17,HUAJUAPAN,578.8,525.03,53.77,0
2020-11-26,18,HUAJUAPAN,619.51,565.88,54.26,-.63
2020-11-26,19,HUAJUAPAN,835.77,761.21,85.59,-11.03
2020-11-26,20,HUAJUAPAN,773.31,692.65,88.55,-7.89
2020-11-26,21,HUAJUAPAN,760.74,683.43,83.46,-6.14
2020-11-26,22,HUAJUAPAN,756.81,683.64,79.25,-6.08
2020-11-26,23,HUAJUAPAN,704.56,635.04,75.29,-5.77
2020-11-26,24,HUAJUAPAN,634.71,576.35,62.01,-3.66
2020-11-26,1,HUASTECA,511.99,532.11,-20.13,0
2020-11-26,2,HUASTECA,472.09,487.9,-15.82,0
2020-11-26,3,HUASTECA,459.73,472.14,-12.41,0
2020-11-26,4,HUASTECA,451.57,462.72,-11.15,0
2020-11-26,5,HUASTECA,442.25,453.51,-11.26,0
2020-11-26,6,HUASTECA,455.04,466.71,-11.68,0
2020-11-26,7,HUASTECA,467.06,482.82,-15.76,0
2020-11-26,8,HUASTECA,493.94,513.14,-19.2,0
2020-11-26,9,HUASTECA,476.68,501.03,-24.35,0
2020-11-26,10,HUASTECA,495.34,518.59,-22.95,-.31
2020-11-26,11,HUASTECA,497.95,521.04,-23.09,0
2020-11-26,12,HUASTECA,487.5,513.55,-25.13,-.92
2020-11-26,13,HUASTECA,491.99,516.62,-24.42,-.21
2020-11-26,14,HUASTECA,484.89,508.58,-23.68,0
2020-11-26,15,HUASTECA,488.33,511.98,-23.66,0
2020-11-26,16,HUASTECA,497.8,522.33,-24.53,0
2020-11-26,17,HUASTECA,501.05,525.03,-23.98,0
2020-11-26,18,HUASTECA,542.86,565.88,-21.16,-1.85
2020-11-26,19,HUASTECA,704.75,761.21,-23.95,-32.51
2020-11-26,20,HUASTECA,649.75,692.65,-19.7,-23.2
2020-11-26,21,HUASTECA,645.69,683.43,-19.66,-18.08
2020-11-26,22,HUASTECA,643.76,683.64,-22.35,-17.53
2020-11-26,23,HUASTECA,594.78,635.04,-23.6,-16.66
2020-11-26,24,HUASTECA,544.43,576.35,-21.34,-10.58
2020-11-26,1,HUATULCO,626.74,532.11,94.63,0
2020-11-26,2,HUATULCO,566.96,487.9,79.06,0
2020-11-26,3,HUATULCO,542.27,472.14,70.13,0
2020-11-26,4,HUATULCO,526.21,462.72,63.49,0
2020-11-26,5,HUATULCO,511.78,453.51,58.27,0
2020-11-26,6,HUATULCO,532.21,466.71,65.49,0
2020-11-26,7,HUATULCO,555.37,482.82,72.54,0
2020-11-26,8,HUATULCO,589.55,513.14,76.41,0
2020-11-26,9,HUATULCO,579.82,501.03,78.79,0
2020-11-26,10,HUATULCO,597.11,518.59,78.5,.01
2020-11-26,11,HUATULCO,597.43,521.04,76.4,0
2020-11-26,12,HUATULCO,594.5,513.55,81.13,-.18
2020-11-26,13,HUATULCO,597.14,516.62,80.57,-.04
2020-11-26,14,HUATULCO,587.18,508.58,78.6,0
2020-11-26,15,HUATULCO,591.58,511.98,79.6,0
2020-11-26,16,HUATULCO,604.4,522.33,82.07,0
2020-11-26,17,HUATULCO,604.76,525.03,79.73,0
2020-11-26,18,HUATULCO,646.72,565.88,81.36,-.52
2020-11-26,19,HUATULCO,882.09,761.21,129.97,-9.09
2020-11-26,20,HUATULCO,821.97,692.65,135.82,-6.5
2020-11-26,21,HUATULCO,808.04,683.43,129.67,-5.06
2020-11-26,22,HUATULCO,807.27,683.64,128.66,-5.03
2020-11-26,23,HUATULCO,750.38,635.04,120.13,-4.79
2020-11-26,24,HUATULCO,676.05,576.35,102.74,-3.04
2020-11-26,1,HUEJUTLA,510.87,532.11,-21.24,0
2020-11-26,2,HUEJUTLA,470.66,487.9,-17.24,0
2020-11-26,3,HUEJUTLA,457.88,472.14,-14.26,0
2020-11-26,4,HUEJUTLA,449.28,462.72,-13.44,0
2020-11-26,5,HUEJUTLA,439.69,453.51,-13.81,0
2020-11-26,6,HUEJUTLA,452.9,466.71,-13.82,0
2020-11-26,7,HUEJUTLA,465.4,482.82,-17.42,0
2020-11-26,8,HUEJUTLA,491.97,513.14,-21.17,0
2020-11-26,9,HUEJUTLA,475.86,501.03,-25.17,0
2020-11-26,10,HUEJUTLA,497.4,518.59,-20.88,-.31
2020-11-26,11,HUEJUTLA,496.55,521.04,-24.49,0
2020-11-26,12,HUEJUTLA,486.63,513.55,-25.85,-1.07
2020-11-26,13,HUEJUTLA,493.08,516.62,-23.29,-.25
2020-11-26,14,HUEJUTLA,485.21,508.58,-23.37,0
2020-11-26,15,HUEJUTLA,486.99,511.98,-25,0
2020-11-26,16,HUEJUTLA,495.67,522.33,-26.66,0
2020-11-26,17,HUEJUTLA,497.6,525.03,-27.43,0
2020-11-26,18,HUEJUTLA,538.78,565.88,-24.92,-2.17
2020-11-26,19,HUEJUTLA,694.18,761.21,-29.12,-37.91
2020-11-26,20,HUEJUTLA,641.19,692.65,-24.22,-27.25
2020-11-26,21,HUEJUTLA,636.21,683.43,-26,-21.22
2020-11-26,22,HUEJUTLA,635.99,683.64,-27.09,-20.56
2020-11-26,23,HUEJUTLA,588.55,635.04,-26.96,-19.52
2020-11-26,24,HUEJUTLA,541.08,576.35,-22.9,-12.38
2020-11-26,1,IGUALA,589.86,532.11,57.75,0
2020-11-26,2,IGUALA,538.19,487.9,50.29,0
2020-11-26,3,IGUALA,516.95,472.14,44.81,0
2020-11-26,4,IGUALA,505.15,462.72,42.43,0
2020-11-26,5,IGUALA,494.46,453.51,40.95,0
2020-11-26,6,IGUALA,510.76,466.71,44.05,0
2020-11-26,7,IGUALA,530.48,482.82,47.65,0
2020-11-26,8,IGUALA,566.49,513.14,53.35,0
2020-11-26,9,IGUALA,555.76,501.03,54.73,0
2020-11-26,10,IGUALA,577.12,518.59,58.48,.05
2020-11-26,11,IGUALA,576.59,521.04,55.56,0
2020-11-26,12,IGUALA,571.45,513.55,58.03,-.13
2020-11-26,13,IGUALA,574.49,516.62,57.9,-.03
2020-11-26,14,IGUALA,564.99,508.58,56.41,0
2020-11-26,15,IGUALA,563.25,511.98,51.26,0
2020-11-26,16,IGUALA,574.11,522.33,51.78,0
2020-11-26,17,IGUALA,568.1,525.03,43.07,0
2020-11-26,18,IGUALA,607.12,565.88,41.63,-.39
2020-11-26,19,IGUALA,784.45,761.21,30.04,-6.8
2020-11-26,20,IGUALA,726.49,692.65,38.72,-4.88
2020-11-26,21,IGUALA,715.81,683.43,36.19,-3.81
2020-11-26,22,IGUALA,719.32,683.64,39.39,-3.71
2020-11-26,23,IGUALA,672.98,635.04,41.47,-3.52
2020-11-26,24,IGUALA,621.48,576.35,47.36,-2.23
2020-11-26,1,IRAPUATO,546.82,532.11,14.71,0
2020-11-26,2,IRAPUATO,499.85,487.9,11.95,0
2020-11-26,3,IRAPUATO,483.4,472.14,11.26,0
2020-11-26,4,IRAPUATO,473.79,462.72,11.06,0
2020-11-26,5,IRAPUATO,464.23,453.51,10.73,0
2020-11-26,6,IRAPUATO,477.56,466.71,10.85,0
2020-11-26,7,IRAPUATO,494.88,482.82,12.06,0
2020-11-26,8,IRAPUATO,527.14,513.14,14.01,0
2020-11-26,9,IRAPUATO,514.53,501.03,13.5,0
2020-11-26,10,IRAPUATO,531.55,518.59,12.88,.08
2020-11-26,11,IRAPUATO,534.35,521.04,13.31,0
2020-11-26,12,IRAPUATO,526.54,513.55,12.59,.4
2020-11-26,13,IRAPUATO,528.77,516.62,12.06,.09
2020-11-26,14,IRAPUATO,521.7,508.58,13.12,0
2020-11-26,15,IRAPUATO,524.25,511.98,12.27,0
2020-11-26,16,IRAPUATO,535.17,522.33,12.84,0
2020-11-26,17,IRAPUATO,539.74,525.03,14.71,0
2020-11-26,18,IRAPUATO,584.29,565.88,17.5,.92
2020-11-26,19,IRAPUATO,800.53,761.21,23.19,16.13
2020-11-26,20,IRAPUATO,723.37,692.65,19.18,11.54
2020-11-26,21,IRAPUATO,712.27,683.43,19.87,8.97
2020-11-26,22,IRAPUATO,713.34,683.64,21,8.7
2020-11-26,23,IRAPUATO,662.27,635.04,18.99,8.24
2020-11-26,24,IRAPUATO,597.74,576.35,16.15,5.23
2020-11-26,1,IXMIQUILPAN,558.59,532.11,26.47,0
2020-11-26,2,IXMIQUILPAN,512.29,487.9,24.38,0
2020-11-26,3,IXMIQUILPAN,494.83,472.14,22.69,0
2020-11-26,4,IXMIQUILPAN,484.45,462.72,21.73,0
2020-11-26,5,IXMIQUILPAN,474.98,453.51,21.47,0
2020-11-26,6,IXMIQUILPAN,489.99,466.71,23.28,0
2020-11-26,7,IXMIQUILPAN,508.73,482.82,25.91,0
2020-11-26,8,IXMIQUILPAN,542.41,513.14,29.28,0
2020-11-26,9,IXMIQUILPAN,530.99,501.03,29.96,0
2020-11-26,10,IXMIQUILPAN,549.17,518.59,30.59,-.01
2020-11-26,11,IXMIQUILPAN,550.81,521.04,29.77,0
2020-11-26,12,IXMIQUILPAN,544.36,513.55,30.86,-.05
2020-11-26,13,IXMIQUILPAN,547.45,516.62,30.85,-.01
2020-11-26,14,IXMIQUILPAN,536.65,508.58,28.08,0
2020-11-26,15,IXMIQUILPAN,540.2,511.98,28.22,0
2020-11-26,16,IXMIQUILPAN,552.26,522.33,29.93,0
2020-11-26,17,IXMIQUILPAN,553.13,525.03,28.09,0
2020-11-26,18,IXMIQUILPAN,594.59,565.88,28.88,-.17
2020-11-26,19,IXMIQUILPAN,787.97,761.21,29.59,-2.82
2020-11-26,20,IXMIQUILPAN,724.06,692.65,33.36,-1.95
2020-11-26,21,IXMIQUILPAN,714.24,683.43,32.31,-1.51
2020-11-26,22,IXMIQUILPAN,718.65,683.64,36.51,-1.49
2020-11-26,23,IXMIQUILPAN,667.88,635.04,34.27,-1.42
2020-11-26,24,IXMIQUILPAN,607.05,576.35,31.63,-.94
2020-11-26,1,IZUCAR,567.09,532.11,34.97,0
2020-11-26,2,IZUCAR,516.89,487.9,28.99,0
2020-11-26,3,IZUCAR,497.28,472.14,25.14,0
2020-11-26,4,IZUCAR,485.9,462.72,23.18,0
2020-11-26,5,IZUCAR,475.59,453.51,22.08,0
2020-11-26,6,IZUCAR,491.99,466.71,25.27,0
2020-11-26,7,IZUCAR,511.83,482.82,29.01,0
2020-11-26,8,IZUCAR,545.46,513.14,32.33,0
2020-11-26,9,IZUCAR,537.71,501.03,36.68,0
2020-11-26,10,IZUCAR,557.11,518.59,38.54,-.02
2020-11-26,11,IZUCAR,559.8,521.04,38.76,0
2020-11-26,12,IZUCAR,554.18,513.55,40.85,-.22
2020-11-26,13,IZUCAR,557.44,516.62,40.87,-.05
2020-11-26,14,IZUCAR,547.88,508.58,39.3,0
2020-11-26,15,IZUCAR,552.91,511.98,40.93,0
2020-11-26,16,IZUCAR,563.49,522.33,41.16,0
2020-11-26,17,IZUCAR,564.13,525.03,39.1,0
2020-11-26,18,IZUCAR,603.11,565.88,37.85,-.62
2020-11-26,19,IZUCAR,806.64,761.21,56.35,-10.92
2020-11-26,20,IZUCAR,743,692.65,58.16,-7.81
2020-11-26,21,IZUCAR,731.56,683.43,54.21,-6.09
2020-11-26,22,IZUCAR,730.9,683.64,53.2,-5.94
2020-11-26,23,IZUCAR,679.61,635.04,50.22,-5.64
2020-11-26,24,IZUCAR,616.07,576.35,43.3,-3.58
2020-11-26,1,JIQUILPAN,545.43,532.11,13.31,0
2020-11-26,2,JIQUILPAN,495.26,487.9,7.36,0
2020-11-26,3,JIQUILPAN,478.4,472.14,6.26,0
2020-11-26,4,JIQUILPAN,468.85,462.72,6.13,0
2020-11-26,5,JIQUILPAN,459.8,453.51,6.29,0
2020-11-26,6,JIQUILPAN,472.86,466.71,6.15,0
2020-11-26,7,JIQUILPAN,490.83,482.82,8.01,0
2020-11-26,8,JIQUILPAN,524.68,513.14,11.54,0
2020-11-26,9,JIQUILPAN,516.07,501.03,15.04,0
2020-11-26,10,JIQUILPAN,532.66,518.59,13.69,.37
2020-11-26,11,JIQUILPAN,533.82,521.04,12.78,0
2020-11-26,12,JIQUILPAN,526.87,513.55,13.05,.27
2020-11-26,13,JIQUILPAN,527.69,516.62,11.01,.06
2020-11-26,14,JIQUILPAN,521.42,508.58,12.84,0
2020-11-26,15,JIQUILPAN,522.71,511.98,10.73,0
2020-11-26,16,JIQUILPAN,534.57,522.33,12.24,0
2020-11-26,17,JIQUILPAN,538.02,525.03,12.99,0
2020-11-26,18,JIQUILPAN,579.78,565.88,13.28,.62
2020-11-26,19,JIQUILPAN,789.03,761.21,16.89,10.93
2020-11-26,20,JIQUILPAN,712.72,692.65,12.35,7.72
2020-11-26,21,JIQUILPAN,704.09,683.43,14.68,5.98
2020-11-26,22,JIQUILPAN,707.54,683.64,18.1,5.8
2020-11-26,23,JIQUILPAN,659.37,635.04,18.82,5.51
2020-11-26,24,JIQUILPAN,595.17,576.35,15.32,3.49
2020-11-26,1,JUAREZ,442.45,532.11,-89.67,0
2020-11-26,2,JUAREZ,414.61,487.9,-73.29,0
2020-11-26,3,JUAREZ,401.11,472.14,-71.04,0
2020-11-26,4,JUAREZ,403.71,462.72,-59.01,0
2020-11-26,5,JUAREZ,402.8,453.51,-50.71,0
2020-11-26,6,JUAREZ,400.99,466.71,-65.72,0
2020-11-26,7,JUAREZ,413.97,482.82,-68.85,0
2020-11-26,8,JUAREZ,431.92,513.14,-81.21,0
2020-11-26,9,JUAREZ,419.64,501.03,-81.39,0
2020-11-26,10,JUAREZ,400.65,518.59,-114.63,-3.31
2020-11-26,11,JUAREZ,409.19,521.04,-111.85,0
2020-11-26,12,JUAREZ,403.69,513.55,-105.52,-4.35
2020-11-26,13,JUAREZ,401.64,516.62,-113.97,-1.01
2020-11-26,14,JUAREZ,402.63,508.58,-105.95,0
2020-11-26,15,JUAREZ,402.4,511.98,-109.58,0
2020-11-26,16,JUAREZ,406.32,522.33,-116.01,0
2020-11-26,17,JUAREZ,423.52,525.03,-101.51,0
2020-11-26,18,JUAREZ,450.52,565.88,-105.73,-9.63
2020-11-26,19,JUAREZ,450.41,761.21,-140.34,-170.47
2020-11-26,20,JUAREZ,437.23,692.65,-138.02,-117.4
2020-11-26,21,JUAREZ,452.23,683.43,-140.73,-90.47
2020-11-26,22,JUAREZ,452.18,683.64,-143.75,-87.71
2020-11-26,23,JUAREZ,440.96,635.04,-110.81,-83.27
2020-11-26,24,JUAREZ,418.16,576.35,-105.38,-52.81
2020-11-26,1,LAGUNA,502.02,532.11,-30.1,0
2020-11-26,2,LAGUNA,461.21,487.9,-26.69,0
2020-11-26,3,LAGUNA,447.73,472.14,-24.41,0
2020-11-26,4,LAGUNA,441.58,462.72,-21.14,0
2020-11-26,5,LAGUNA,433.04,453.51,-20.47,0
2020-11-26,6,LAGUNA,441.58,466.71,-25.13,0
2020-11-26,7,LAGUNA,456.42,482.82,-26.4,0
2020-11-26,8,LAGUNA,483.87,513.14,-29.27,0
2020-11-26,9,LAGUNA,465.04,501.03,-35.99,0
2020-11-26,10,LAGUNA,459.61,518.59,-56.04,-2.94
2020-11-26,11,LAGUNA,467.32,521.04,-53.72,0
2020-11-26,12,LAGUNA,449.57,513.55,-59.51,-4.46
2020-11-26,13,LAGUNA,455.67,516.62,-59.92,-1.03
2020-11-26,14,LAGUNA,454.37,508.58,-54.21,0
2020-11-26,15,LAGUNA,463.05,511.98,-48.93,0
2020-11-26,16,LAGUNA,472.93,522.33,-49.4,0
2020-11-26,17,LAGUNA,482.8,525.03,-42.24,0
2020-11-26,18,LAGUNA,517.88,565.88,-38.11,-9.89
2020-11-26,19,LAGUNA,537.35,761.21,-50.15,-173.7
2020-11-26,20,LAGUNA,523.11,692.65,-45.63,-123.92
2020-11-26,21,LAGUNA,537.43,683.43,-49.59,-96.41
2020-11-26,22,LAGUNA,544.46,683.64,-45.72,-93.46
2020-11-26,23,LAGUNA,503.94,635.04,-42.36,-88.73
2020-11-26,24,LAGUNA,485.46,576.35,-34.62,-56.27
2020-11-26,1,LAZARO CARDENAS,559.4,532.11,27.28,0
2020-11-26,2,LAZARO CARDENAS,512.59,487.9,24.69,0
2020-11-26,3,LAZARO CARDENAS,493.33,472.14,21.19,0
2020-11-26,4,LAZARO CARDENAS,482.13,462.72,19.41,0
2020-11-26,5,LAZARO CARDENAS,471.72,453.51,18.22,0
2020-11-26,6,LAZARO CARDENAS,488.57,466.71,21.85,0
2020-11-26,7,LAZARO CARDENAS,508.27,482.82,25.45,0
2020-11-26,8,LAZARO CARDENAS,545.05,513.14,31.91,0
2020-11-26,9,LAZARO CARDENAS,527.6,501.03,26.57,0
2020-11-26,10,LAZARO CARDENAS,545.74,518.59,26.96,.19
2020-11-26,11,LAZARO CARDENAS,540.68,521.04,19.64,0
2020-11-26,12,LAZARO CARDENAS,536.61,513.55,23.02,.04
2020-11-26,13,LAZARO CARDENAS,536.52,516.62,19.89,.01
2020-11-26,14,LAZARO CARDENAS,526.03,508.58,17.45,0
2020-11-26,15,LAZARO CARDENAS,527.76,511.98,15.78,0
2020-11-26,16,LAZARO CARDENAS,541.58,522.33,19.25,0
2020-11-26,17,LAZARO CARDENAS,546.53,525.03,21.5,0
2020-11-26,18,LAZARO CARDENAS,584.36,565.88,18.44,.05
2020-11-26,19,LAZARO CARDENAS,782.15,761.21,20.14,.8
2020-11-26,20,LAZARO CARDENAS,709.5,692.65,16.33,.52
2020-11-26,21,LAZARO CARDENAS,700.67,683.43,16.85,.39
2020-11-26,22,LAZARO CARDENAS,700.95,683.64,16.94,.37
2020-11-26,23,LAZARO CARDENAS,661.39,635.04,26,.35
2020-11-26,24,LAZARO CARDENAS,603.45,576.35,26.87,.22
2020-11-26,1,LEON,546.97,532.11,14.86,0
2020-11-26,2,LEON,499.75,487.9,11.85,0
2020-11-26,3,LEON,483.59,472.14,11.46,0
2020-11-26,4,LEON,474.18,462.72,11.46,0
2020-11-26,5,LEON,464.77,453.51,11.26,0
2020-11-26,6,LEON,477.89,466.71,11.18,0
2020-11-26,7,LEON,495.18,482.82,12.36,0
2020-11-26,8,LEON,527.9,513.14,14.76,0
2020-11-26,9,LEON,515.37,501.03,14.34,0
2020-11-26,10,LEON,532.23,518.59,13.62,.02
2020-11-26,11,LEON,535.22,521.04,14.18,0
2020-11-26,12,LEON,527.19,513.55,13.06,.58
2020-11-26,13,LEON,529.4,516.62,12.65,.13
2020-11-26,14,LEON,522.72,508.58,14.15,0
2020-11-26,15,LEON,525.03,511.98,13.05,0
2020-11-26,16,LEON,536.33,522.33,14,0
2020-11-26,17,LEON,541.55,525.03,16.51,0
2020-11-26,18,LEON,588.05,565.88,20.85,1.33
2020-11-26,19,LEON,811.72,761.21,27.25,23.26
2020-11-26,20,LEON,731.19,692.65,21.88,16.66
2020-11-26,21,LEON,718.79,683.43,22.4,12.97
2020-11-26,22,LEON,719.46,683.64,23.25,12.57
2020-11-26,23,LEON,667.74,635.04,20.77,11.93
2020-11-26,24,LEON,600.68,576.35,16.76,7.57
2020-11-26,1,LOS ALTOS,547.93,532.11,15.82,0
2020-11-26,2,LOS ALTOS,499.99,487.9,12.08,0
2020-11-26,3,LOS ALTOS,484.19,472.14,12.05,0
2020-11-26,4,LOS ALTOS,475.09,462.72,12.36,0
2020-11-26,5,LOS ALTOS,465.78,453.51,12.28,0
2020-11-26,6,LOS ALTOS,479.01,466.71,12.3,0
2020-11-26,7,LOS ALTOS,496.95,482.82,14.13,0
2020-11-26,8,LOS ALTOS,530.01,513.14,16.87,0
2020-11-26,9,LOS ALTOS,516.16,501.03,15.14,0
2020-11-26,10,LOS ALTOS,531.73,518.59,13.06,.08
2020-11-26,11,LOS ALTOS,534.5,521.04,13.47,0
2020-11-26,12,LOS ALTOS,526.21,513.55,11.91,.75
2020-11-26,13,LOS ALTOS,527.07,516.62,10.28,.18
2020-11-26,14,LOS ALTOS,520.98,508.58,12.4,0
2020-11-26,15,LOS ALTOS,522.35,511.98,10.37,0
2020-11-26,16,LOS ALTOS,534.56,522.33,12.23,0
2020-11-26,17,LOS ALTOS,540.84,525.03,15.81,0
2020-11-26,18,LOS ALTOS,589.28,565.88,21.66,1.75
2020-11-26,19,LOS ALTOS,820.39,761.21,28.5,30.68
2020-11-26,20,LOS ALTOS,737.53,692.65,23.14,21.73
2020-11-26,21,LOS ALTOS,723.94,683.43,23.58,16.93
2020-11-26,22,LOS ALTOS,724.88,683.64,24.87,16.37
2020-11-26,23,LOS ALTOS,672.63,635.04,22.02,15.57
2020-11-26,24,LOS ALTOS,604.16,576.35,17.84,9.98
2020-11-26,1,LOS MOCHIS,452.81,532.11,-79.3,0
2020-11-26,2,LOS MOCHIS,415.32,487.9,-72.58,0
2020-11-26,3,LOS MOCHIS,400.54,472.14,-71.6,0
2020-11-26,4,LOS MOCHIS,398.34,462.72,-64.38,0
2020-11-26,5,LOS MOCHIS,397.93,453.51,-55.58,0
2020-11-26,6,LOS MOCHIS,396.23,466.71,-70.48,0
2020-11-26,7,LOS MOCHIS,407.81,482.82,-75.01,0
2020-11-26,8,LOS MOCHIS,430.49,513.14,-82.65,0
2020-11-26,9,LOS MOCHIS,418.76,501.03,-82.27,0
2020-11-26,10,LOS MOCHIS,406.59,518.59,-106.24,-5.76
2020-11-26,11,LOS MOCHIS,436.41,521.04,-84.63,0
2020-11-26,12,LOS MOCHIS,424.11,513.55,-87.49,-1.95
2020-11-26,13,LOS MOCHIS,424.35,516.62,-91.81,-.45
2020-11-26,14,LOS MOCHIS,424.48,508.58,-84.1,0
2020-11-26,15,LOS MOCHIS,427.77,511.98,-84.21,0
2020-11-26,16,LOS MOCHIS,436.38,522.33,-85.95,0
2020-11-26,17,LOS MOCHIS,441.21,525.03,-83.83,0
2020-11-26,18,LOS MOCHIS,478.02,565.88,-83.55,-4.31
2020-11-26,19,LOS MOCHIS,548.83,761.21,-132.61,-79.77
2020-11-26,20,LOS MOCHIS,506.37,692.65,-125.6,-60.68
2020-11-26,21,LOS MOCHIS,526.42,683.43,-112.46,-44.54
2020-11-26,22,LOS MOCHIS,536.39,683.64,-104.07,-43.18
2020-11-26,23,LOS MOCHIS,501.75,635.04,-92.29,-40.99
2020-11-26,24,LOS MOCHIS,462.17,576.35,-88.19,-26
2020-11-26,1,LOS RIOS,565.15,532.11,33.03,0
2020-11-26,2,LOS RIOS,513.69,487.9,25.79,0
2020-11-26,3,LOS RIOS,490.52,472.14,18.38,0
2020-11-26,4,LOS RIOS,475.44,462.72,12.72,0
2020-11-26,5,LOS RIOS,463.48,453.51,9.97,0
2020-11-26,6,LOS RIOS,479.83,466.71,13.12,0
2020-11-26,7,LOS RIOS,495.92,482.82,13.1,0
2020-11-26,8,LOS RIOS,527.79,513.14,14.65,0
2020-11-26,9,LOS RIOS,524.38,501.03,23.35,0
2020-11-26,10,LOS RIOS,537.99,518.59,19.42,-.02
2020-11-26,11,LOS RIOS,542.05,521.04,21.01,0
2020-11-26,12,LOS RIOS,540.61,513.55,27.29,-.22
2020-11-26,13,LOS RIOS,542.79,516.62,26.23,-.05
2020-11-26,14,LOS RIOS,532.75,508.58,24.17,0
2020-11-26,15,LOS RIOS,537.67,511.98,25.69,0
2020-11-26,16,LOS RIOS,546.19,522.33,23.86,0
2020-11-26,17,LOS RIOS,549.48,525.03,24.45,0
2020-11-26,18,LOS RIOS,585.77,565.88,20.53,-.64
2020-11-26,19,LOS RIOS,773.31,761.21,23.25,-11.14
2020-11-26,20,LOS RIOS,716.27,692.65,31.59,-7.97
2020-11-26,21,LOS RIOS,705.75,683.43,28.53,-6.21
2020-11-26,22,LOS RIOS,712.35,683.64,34.85,-6.13
2020-11-26,23,LOS RIOS,680.97,635.04,51.76,-5.82
2020-11-26,24,LOS RIOS,614.85,576.35,42.19,-3.69
2020-11-26,1,LOS TUXTLAS,556.85,532.11,24.74,0
2020-11-26,2,LOS TUXTLAS,505.45,487.9,17.55,0
2020-11-26,3,LOS TUXTLAS,484.25,472.14,12.11,0
2020-11-26,4,LOS TUXTLAS,470.44,462.72,7.72,0
2020-11-26,5,LOS TUXTLAS,459.28,453.51,5.77,0
2020-11-26,6,LOS TUXTLAS,475.16,466.71,8.44,0
2020-11-26,7,LOS TUXTLAS,493.16,482.82,10.34,0
2020-11-26,8,LOS TUXTLAS,525.2,513.14,12.07,0
2020-11-26,9,LOS TUXTLAS,519.67,501.03,18.64,0
2020-11-26,10,LOS TUXTLAS,538.64,518.59,20.07,-.02
2020-11-26,11,LOS TUXTLAS,542.7,521.04,21.67,0
2020-11-26,12,LOS TUXTLAS,536.93,513.55,23.61,-.23
2020-11-26,13,LOS TUXTLAS,539.36,516.62,22.79,-.05
2020-11-26,14,LOS TUXTLAS,530.21,508.58,21.64,0
2020-11-26,15,LOS TUXTLAS,540.05,511.98,28.07,0
2020-11-26,16,LOS TUXTLAS,543.55,522.33,21.22,0
2020-11-26,17,LOS TUXTLAS,544.55,525.03,19.52,0
2020-11-26,18,LOS TUXTLAS,581.85,565.88,16.62,-.65
2020-11-26,19,LOS TUXTLAS,777.38,761.21,27.56,-11.39
2020-11-26,20,LOS TUXTLAS,719.1,692.65,34.59,-8.15
2020-11-26,21,LOS TUXTLAS,708.26,683.43,31.17,-6.35
2020-11-26,22,LOS TUXTLAS,711.29,683.64,33.89,-6.24
2020-11-26,23,LOS TUXTLAS,670.05,635.04,40.94,-5.92
2020-11-26,24,LOS TUXTLAS,605.62,576.35,33.02,-3.76
2020-11-26,1,MANZANILLO,535.07,532.11,2.96,0
2020-11-26,2,MANZANILLO,485.83,487.9,-2.07,0
2020-11-26,3,MANZANILLO,469.34,472.14,-2.8,0
2020-11-26,4,MANZANILLO,460.05,462.72,-2.67,0
2020-11-26,5,MANZANILLO,451.3,453.51,-2.21,0
2020-11-26,6,MANZANILLO,463.28,466.71,-3.43,0
2020-11-26,7,MANZANILLO,480.5,482.82,-2.32,0
2020-11-26,8,MANZANILLO,512.86,513.14,-.27,0
2020-11-26,9,MANZANILLO,504.82,501.03,3.79,0
2020-11-26,10,MANZANILLO,520.1,518.59,.93,.57
2020-11-26,11,MANZANILLO,522.82,521.04,1.78,0
2020-11-26,12,MANZANILLO,515.51,513.55,1.72,.24
2020-11-26,13,MANZANILLO,515.98,516.62,-.7,.06
2020-11-26,14,MANZANILLO,511.34,508.58,2.76,0
2020-11-26,15,MANZANILLO,512.24,511.98,.25,0
2020-11-26,16,MANZANILLO,523.75,522.33,1.42,0
2020-11-26,17,MANZANILLO,527.66,525.03,2.63,0
2020-11-26,18,MANZANILLO,568.57,565.88,2.13,.57
2020-11-26,19,MANZANILLO,772.04,761.21,.86,9.97
2020-11-26,20,MANZANILLO,697.05,692.65,-2.57,6.96
2020-11-26,21,MANZANILLO,689.97,683.43,1.16,5.38
2020-11-26,22,MANZANILLO,696.28,683.64,7.42,5.22
2020-11-26,23,MANZANILLO,647.76,635.04,7.77,4.96
2020-11-26,24,MANZANILLO,584.25,576.35,4.75,3.15
2020-11-26,1,MATAMOROS,458.96,532.11,-73.15,0
2020-11-26,2,MATAMOROS,420.46,487.9,-67.44,0
2020-11-26,3,MATAMOROS,410.19,472.14,-61.95,0
2020-11-26,4,MATAMOROS,403.86,462.72,-58.87,0
2020-11-26,5,MATAMOROS,393.34,453.51,-60.17,0
2020-11-26,6,MATAMOROS,401.29,466.71,-65.43,0
2020-11-26,7,MATAMOROS,411.78,482.82,-71.05,0
2020-11-26,8,MATAMOROS,436.37,513.14,-76.76,0
2020-11-26,9,MATAMOROS,423.89,501.03,-77.14,0
2020-11-26,10,MATAMOROS,436.99,518.59,-80.24,-1.36
2020-11-26,11,MATAMOROS,440.61,521.04,-80.43,0
2020-11-26,12,MATAMOROS,413.89,513.55,-93.77,-5.9
2020-11-26,13,MATAMOROS,415.76,516.62,-99.5,-1.37
2020-11-26,14,MATAMOROS,419.31,508.58,-89.26,0
2020-11-26,15,MATAMOROS,424.93,511.98,-87.05,0
2020-11-26,16,MATAMOROS,428.08,522.33,-94.25,0
2020-11-26,17,MATAMOROS,428.84,525.03,-96.19,0
2020-11-26,18,MATAMOROS,448.73,565.88,-104.08,-13.07
2020-11-26,19,MATAMOROS,395.58,761.21,-136.18,-229.45
2020-11-26,20,MATAMOROS,404.28,692.65,-124.47,-163.9
2020-11-26,21,MATAMOROS,437,683.43,-118.83,-127.61
2020-11-26,22,MATAMOROS,442.06,683.64,-117.87,-123.71
2020-11-26,23,MATAMOROS,405.36,635.04,-112.23,-117.45
2020-11-26,24,MATAMOROS,396.39,576.35,-105.48,-74.49
2020-11-26,1,MATEHUALA,546.64,532.11,14.53,0
2020-11-26,2,MATEHUALA,499.64,487.9,11.74,0
2020-11-26,3,MATEHUALA,484.71,472.14,12.57,0
2020-11-26,4,MATEHUALA,476.06,462.72,13.33,0
2020-11-26,5,MATEHUALA,467.45,453.51,13.94,0
2020-11-26,6,MATEHUALA,483.78,466.71,17.06,0
2020-11-26,7,MATEHUALA,500.09,482.82,17.27,0
2020-11-26,8,MATEHUALA,531.65,513.14,18.52,0
2020-11-26,9,MATEHUALA,515.2,501.03,14.17,0
2020-11-26,10,MATEHUALA,529.79,518.59,11.34,-.14
2020-11-26,11,MATEHUALA,529.41,521.04,8.37,0
2020-11-26,12,MATEHUALA,517.71,513.55,3.74,.43
2020-11-26,13,MATEHUALA,519.28,516.62,2.56,.1
2020-11-26,14,MATEHUALA,511.99,508.58,3.41,0
2020-11-26,15,MATEHUALA,515.86,511.98,3.88,0
2020-11-26,16,MATEHUALA,524.36,522.33,2.03,0
2020-11-26,17,MATEHUALA,531.49,525.03,6.46,0
2020-11-26,18,MATEHUALA,583.7,565.88,16.78,1.05
2020-11-26,19,MATEHUALA,791.04,761.21,11.49,18.34
2020-11-26,20,MATEHUALA,716.75,692.65,10.9,13.19
2020-11-26,21,MATEHUALA,700.79,683.43,7.07,10.29
2020-11-26,22,MATEHUALA,700.95,683.64,7.33,9.98
2020-11-26,23,MATEHUALA,659.45,635.04,14.94,9.48
2020-11-26,24,MATEHUALA,598.01,576.35,15.65,6.01
2020-11-26,1,MAZATLAN,509.62,532.11,-22.49,0
2020-11-26,2,MAZATLAN,465.11,487.9,-22.79,0
2020-11-26,3,MAZATLAN,448.75,472.14,-23.39,0
2020-11-26,4,MAZATLAN,441.89,462.72,-20.83,0
2020-11-26,5,MAZATLAN,435.55,453.51,-17.96,0
2020-11-26,6,MAZATLAN,441.34,466.71,-25.38,0
2020-11-26,7,MAZATLAN,456.17,482.82,-26.65,0
2020-11-26,8,MAZATLAN,483.48,513.14,-29.65,0
2020-11-26,9,MAZATLAN,470.24,501.03,-30.79,0
2020-11-26,10,MAZATLAN,468.68,518.59,-43.76,-6.16
2020-11-26,11,MAZATLAN,487.76,521.04,-33.28,0
2020-11-26,12,MAZATLAN,476.6,513.55,-35.32,-1.63
2020-11-26,13,MAZATLAN,476.76,516.62,-39.48,-.38
2020-11-26,14,MAZATLAN,476.76,508.58,-31.82,0
2020-11-26,15,MAZATLAN,478.89,511.98,-33.1,0
2020-11-26,16,MAZATLAN,489.56,522.33,-32.77,0
2020-11-26,17,MAZATLAN,492.81,525.03,-32.23,0
2020-11-26,18,MAZATLAN,532.82,565.88,-29.48,-3.58
2020-11-26,19,MAZATLAN,657.43,761.21,-40.98,-62.8
2020-11-26,20,MAZATLAN,603.25,692.65,-43.14,-46.26
2020-11-26,21,MAZATLAN,605.46,683.43,-41.96,-36.01
2020-11-26,22,MAZATLAN,619.05,683.64,-29.68,-34.91
2020-11-26,23,MAZATLAN,575.95,635.04,-25.94,-33.14
2020-11-26,24,MAZATLAN,529.51,576.35,-25.82,-21.02
2020-11-26,1,MERIDA,562.79,532.11,30.68,0
2020-11-26,2,MERIDA,515.91,487.9,28.01,0
2020-11-26,3,MERIDA,492.22,472.14,20.08,0
2020-11-26,4,MERIDA,476.36,462.72,13.64,0
2020-11-26,5,MERIDA,466.32,453.51,12.81,0
2020-11-26,6,MERIDA,479.04,466.71,12.33,0
2020-11-26,7,MERIDA,491.98,482.82,9.16,0
2020-11-26,8,MERIDA,525.19,513.14,12.05,0
2020-11-26,9,MERIDA,524.63,501.03,23.6,0
2020-11-26,10,MERIDA,537.53,518.59,18.96,-.02
2020-11-26,11,MERIDA,548.77,521.04,27.74,0
2020-11-26,12,MERIDA,549.78,513.55,36.45,-.22
2020-11-26,13,MERIDA,547.78,516.62,31.21,-.05
2020-11-26,14,MERIDA,539.48,508.58,30.9,0
2020-11-26,15,MERIDA,543.01,511.98,31.03,0
2020-11-26,16,MERIDA,546.26,522.33,23.93,0
2020-11-26,17,MERIDA,553.16,525.03,28.13,0
2020-11-26,18,MERIDA,590.72,565.88,25.47,-.64
2020-11-26,19,MERIDA,779.44,761.21,29.37,-11.14
2020-11-26,20,MERIDA,719.2,692.65,34.52,-7.97
2020-11-26,21,MERIDA,704.62,683.43,27.4,-6.21
2020-11-26,22,MERIDA,708.97,683.64,31.47,-6.13
2020-11-26,23,MERIDA,682.97,635.04,53.75,-5.82
2020-11-26,24,MERIDA,616.81,576.35,44.15,-3.69
2020-11-26,1,MINAS,566.06,532.11,33.94,0
2020-11-26,2,MINAS,512.24,487.9,24.34,0
2020-11-26,3,MINAS,494.57,472.14,22.43,0
2020-11-26,4,MINAS,484.34,462.72,21.62,0
2020-11-26,5,MINAS,475.08,453.51,21.57,0
2020-11-26,6,MINAS,486.85,466.71,20.14,0
2020-11-26,7,MINAS,508.1,482.82,25.27,0
2020-11-26,8,MINAS,544.79,513.14,31.65,0
2020-11-26,9,MINAS,534.16,501.03,33.13,0
2020-11-26,10,MINAS,551.13,518.59,31.76,.78
2020-11-26,11,MINAS,553.89,521.04,32.85,0
2020-11-26,12,MINAS,546.74,513.55,33.04,.16
2020-11-26,13,MINAS,549.5,516.62,32.85,.04
2020-11-26,14,MINAS,547.16,508.58,38.58,0
2020-11-26,15,MINAS,542.96,511.98,30.97,0
2020-11-26,16,MINAS,554.3,522.33,31.97,0
2020-11-26,17,MINAS,560.07,525.03,35.04,0
2020-11-26,18,MINAS,610.98,565.88,44.71,.39
2020-11-26,19,MINAS,827.41,761.21,59.32,6.88
2020-11-26,20,MINAS,748.5,692.65,51.19,4.66
2020-11-26,21,MINAS,739.63,683.43,52.63,3.57
2020-11-26,22,MINAS,748.59,683.64,61.5,3.45
2020-11-26,23,MINAS,691.09,635.04,52.73,3.32
2020-11-26,24,MINAS,615.77,576.35,37.35,2.07
2020-11-26,1,MONCLOVA,469.32,532.11,-62.79,0
2020-11-26,2,MONCLOVA,430.39,487.9,-57.51,0
2020-11-26,3,MONCLOVA,420.51,472.14,-51.63,0
2020-11-26,4,MONCLOVA,415.86,462.72,-46.86,0
2020-11-26,5,MONCLOVA,405.74,453.51,-47.77,0
2020-11-26,6,MONCLOVA,415.84,466.71,-50.87,0
2020-11-26,7,MONCLOVA,428.13,482.82,-54.69,0
2020-11-26,8,MONCLOVA,453.42,513.14,-59.72,0
2020-11-26,9,MONCLOVA,438.42,501.03,-62.61,0
2020-11-26,10,MONCLOVA,445.97,518.59,-71.12,-1.5
2020-11-26,11,MONCLOVA,451.58,521.04,-69.46,0
2020-11-26,12,MONCLOVA,432.57,513.55,-75.03,-5.95
2020-11-26,13,MONCLOVA,438.78,516.62,-76.47,-1.38
2020-11-26,14,MONCLOVA,439.41,508.58,-69.16,0
2020-11-26,15,MONCLOVA,441.31,511.98,-70.68,0
2020-11-26,16,MONCLOVA,446.59,522.33,-75.74,0
2020-11-26,17,MONCLOVA,452.83,525.03,-72.2,0
2020-11-26,18,MONCLOVA,477.69,565.88,-75,-13.19
2020-11-26,19,MONCLOVA,427.22,761.21,-102.37,-231.62
2020-11-26,20,MONCLOVA,429.65,692.65,-97.66,-165.34
2020-11-26,21,MONCLOVA,459.65,683.43,-95.1,-128.68
2020-11-26,22,MONCLOVA,465.2,683.64,-93.68,-124.75
2020-11-26,23,MONCLOVA,431.11,635.04,-85.49,-118.45
2020-11-26,24,MONCLOVA,423.93,576.35,-77.3,-75.13
2020-11-26,1,MONTEMORELOS,480.85,532.11,-51.27,0
2020-11-26,2,MONTEMORELOS,441.17,487.9,-46.73,0
2020-11-26,3,MONTEMORELOS,430.81,472.14,-41.33,0
2020-11-26,4,MONTEMORELOS,424.44,462.72,-38.28,0
2020-11-26,5,MONTEMORELOS,413.29,453.51,-40.22,0
2020-11-26,6,MONTEMORELOS,423.43,466.71,-43.29,0
2020-11-26,7,MONTEMORELOS,435.46,482.82,-47.36,0
2020-11-26,8,MONTEMORELOS,461.41,513.14,-51.73,0
2020-11-26,9,MONTEMORELOS,447.12,501.03,-53.91,0
2020-11-26,10,MONTEMORELOS,459.48,518.59,-57.91,-1.21
2020-11-26,11,MONTEMORELOS,464.25,521.04,-56.79,0
2020-11-26,12,MONTEMORELOS,444.36,513.55,-64,-5.19
2020-11-26,13,MONTEMORELOS,449.76,516.62,-65.65,-1.2
2020-11-26,14,MONTEMORELOS,449.08,508.58,-59.5,0
2020-11-26,15,MONTEMORELOS,452.96,511.98,-59.02,0
2020-11-26,16,MONTEMORELOS,459.78,522.33,-62.55,0
2020-11-26,17,MONTEMORELOS,464.53,525.03,-60.51,0
2020-11-26,18,MONTEMORELOS,491.53,565.88,-62.8,-11.55
2020-11-26,19,MONTEMORELOS,473.72,761.21,-83.48,-204.01
2020-11-26,20,MONTEMORELOS,467.89,692.65,-79.21,-145.55
2020-11-26,21,MONTEMORELOS,492.94,683.43,-76.95,-113.53
2020-11-26,22,MONTEMORELOS,497.51,683.64,-76.41,-109.73
2020-11-26,23,MONTEMORELOS,458.64,635.04,-72.47,-103.93
2020-11-26,24,MONTEMORELOS,444.74,576.35,-65.76,-65.86
2020-11-26,1,MONTERREY,473.55,532.11,-58.57,0
2020-11-26,2,MONTERREY,434.28,487.9,-53.62,0
2020-11-26,3,MONTERREY,424.07,472.14,-48.07,0
2020-11-26,4,MONTERREY,418.19,462.72,-44.53,0
2020-11-26,5,MONTERREY,406.66,453.51,-46.85,0
2020-11-26,6,MONTERREY,416.49,466.71,-50.23,0
2020-11-26,7,MONTERREY,428.78,482.82,-54.05,0
2020-11-26,8,MONTERREY,454.33,513.14,-58.8,0
2020-11-26,9,MONTERREY,439.94,501.03,-61.09,0
2020-11-26,10,MONTERREY,450.44,518.6,-66.8,-1.36
2020-11-26,11,MONTERREY,455.18,521.04,-65.86,0
2020-11-26,12,MONTERREY,433.82,513.55,-73.83,-5.89
2020-11-26,13,MONTERREY,439.59,516.62,-75.67,-1.37
2020-11-26,14,MONTERREY,439.83,508.58,-68.74,0
2020-11-26,15,MONTERREY,443.48,511.98,-68.5,0
2020-11-26,16,MONTERREY,449.78,522.33,-72.55,0
2020-11-26,17,MONTERREY,454.96,525.03,-70.07,0
2020-11-26,18,MONTERREY,479.55,565.88,-73.28,-13.05
2020-11-26,19,MONTERREY,433.18,761.21,-98.89,-229.14
2020-11-26,20,MONTERREY,436.01,692.65,-92.85,-163.8
2020-11-26,21,MONTERREY,466.06,683.43,-89.84,-127.53
2020-11-26,22,MONTERREY,471.87,683.64,-88.13,-123.65
2020-11-26,23,MONTERREY,435.2,635.04,-82.45,-117.39
2020-11-26,24,MONTERREY,427.22,576.35,-74.69,-74.45
2020-11-26,1,MORELIA,555.4,532.11,23.28,0
2020-11-26,2,MORELIA,505.71,487.9,17.8,0
2020-11-26,3,MORELIA,487.94,472.14,15.8,0
2020-11-26,4,MORELIA,477.74,462.72,15.01,0
2020-11-26,5,MORELIA,468.33,453.51,14.82,0
2020-11-26,6,MORELIA,482.54,466.71,15.83,0
2020-11-26,7,MORELIA,501.87,482.82,19.05,0
2020-11-26,8,MORELIA,537.29,513.14,24.15,0
2020-11-26,9,MORELIA,527.38,501.03,26.35,0
2020-11-26,10,MORELIA,545.89,518.59,27.12,.18
2020-11-26,11,MORELIA,547.03,521.04,26,0
2020-11-26,12,MORELIA,540.6,513.55,26.87,.18
2020-11-26,13,MORELIA,542.42,516.62,25.76,.04
2020-11-26,14,MORELIA,533.84,508.58,25.27,0
2020-11-26,15,MORELIA,535.87,511.98,23.89,0
2020-11-26,16,MORELIA,547.57,522.33,25.25,0
2020-11-26,17,MORELIA,551.13,525.03,26.09,0
2020-11-26,18,MORELIA,593.48,565.88,27.21,.39
2020-11-26,19,MORELIA,807.88,761.21,39.94,6.74
2020-11-26,20,MORELIA,733.48,692.65,36.12,4.71
2020-11-26,21,MORELIA,722.77,683.43,35.64,3.7
2020-11-26,22,MORELIA,722.34,683.64,35.05,3.65
2020-11-26,23,MORELIA,671.04,635.04,32.5,3.5
2020-11-26,24,MORELIA,604.66,576.35,26.06,2.24
2020-11-26,1,MORELOS,562.32,532.11,30.2,0
2020-11-26,2,MORELOS,513.13,487.9,25.23,0
2020-11-26,3,MORELOS,493.92,472.14,21.78,0
2020-11-26,4,MORELOS,482.51,462.72,19.79,0
2020-11-26,5,MORELOS,472.18,453.51,18.67,0
2020-11-26,6,MORELOS,487.86,466.71,21.15,0
2020-11-26,7,MORELOS,507.09,482.82,24.27,0
2020-11-26,8,MORELOS,540.9,513.14,27.76,0
2020-11-26,9,MORELOS,532.48,501.03,31.45,0
2020-11-26,10,MORELOS,552.13,518.59,33.54,0
2020-11-26,11,MORELOS,551.92,521.04,30.88,0
2020-11-26,12,MORELOS,546.25,513.55,32.89,-.18
2020-11-26,13,MORELOS,549.31,516.62,32.73,-.04
2020-11-26,14,MORELOS,540.1,508.58,31.52,0
2020-11-26,15,MORELOS,543.98,511.98,32,0
2020-11-26,16,MORELOS,554.45,522.33,32.13,0
2020-11-26,17,MORELOS,554,525.03,28.97,0
2020-11-26,18,MORELOS,592.05,565.88,26.7,-.53
2020-11-26,19,MORELOS,785.82,761.21,33.83,-9.22
2020-11-26,20,MORELOS,722.85,692.65,36.81,-6.6
2020-11-26,21,MORELOS,712.28,683.43,34,-5.14
2020-11-26,22,MORELOS,712.18,683.64,33.55,-5.01
2020-11-26,23,MORELOS,664.18,635.04,33.9,-4.76
2020-11-26,24,MORELOS,604.74,576.35,31.4,-3.02
2020-11-26,1,MOTUL TIZIMIN,543.13,532.11,11.02,0
2020-11-26,2,MOTUL TIZIMIN,505.9,487.9,18,0
2020-11-26,3,MOTUL TIZIMIN,483.86,472.14,11.72,0
2020-11-26,4,MOTUL TIZIMIN,469.88,462.72,7.16,0
2020-11-26,5,MOTUL TIZIMIN,461.43,453.51,7.93,0
2020-11-26,6,MOTUL TIZIMIN,472.49,466.71,5.78,0
2020-11-26,7,MOTUL TIZIMIN,485.06,482.82,2.23,0
2020-11-26,8,MOTUL TIZIMIN,517.03,513.14,3.89,0
2020-11-26,9,MOTUL TIZIMIN,518.61,501.03,17.58,0
2020-11-26,10,MOTUL TIZIMIN,527.75,518.59,9.18,-.02
2020-11-26,11,MOTUL TIZIMIN,543,521.04,21.96,0
2020-11-26,12,MOTUL TIZIMIN,545.55,513.55,32.22,-.22
2020-11-26,13,MOTUL TIZIMIN,539.72,516.62,23.15,-.05
2020-11-26,14,MOTUL TIZIMIN,530.69,508.58,22.12,0
2020-11-26,15,MOTUL TIZIMIN,531.66,511.98,19.67,0
2020-11-26,16,MOTUL TIZIMIN,529.75,522.33,7.43,0
2020-11-26,17,MOTUL TIZIMIN,538.13,525.03,13.1,0
2020-11-26,18,MOTUL TIZIMIN,572.08,565.88,6.84,-.64
2020-11-26,19,MOTUL TIZIMIN,755.91,761.21,5.85,-11.14
2020-11-26,20,MOTUL TIZIMIN,696.81,692.65,12.13,-7.97
2020-11-26,21,MOTUL TIZIMIN,682.22,683.43,5,-6.21
2020-11-26,22,MOTUL TIZIMIN,687.34,683.64,9.83,-6.13
2020-11-26,23,MOTUL TIZIMIN,668.33,635.04,39.11,-5.82
2020-11-26,24,MOTUL TIZIMIN,604.18,576.35,31.52,-3.69
2020-11-26,1,NAVOJOA,440.26,532.11,-91.86,0
2020-11-26,2,NAVOJOA,405.01,487.9,-82.89,0
2020-11-26,3,NAVOJOA,389.59,472.14,-82.55,0
2020-11-26,4,NAVOJOA,388.67,462.72,-74.06,0
2020-11-26,5,NAVOJOA,393.59,453.51,-59.92,0
2020-11-26,6,NAVOJOA,386.36,466.71,-80.36,0
2020-11-26,7,NAVOJOA,397.95,482.82,-84.87,0
2020-11-26,8,NAVOJOA,419.46,513.14,-93.67,0
2020-11-26,9,NAVOJOA,406.64,501.03,-94.39,0
2020-11-26,10,NAVOJOA,389.89,518.59,-123.11,-5.59
2020-11-26,11,NAVOJOA,423.81,521.04,-97.23,0
2020-11-26,12,NAVOJOA,409.65,513.55,-101.82,-2.08
2020-11-26,13,NAVOJOA,410,516.62,-106.14,-.48
2020-11-26,14,NAVOJOA,410.6,508.58,-97.97,0
2020-11-26,15,NAVOJOA,415.45,511.98,-96.54,0
2020-11-26,16,NAVOJOA,424.54,522.33,-97.79,0
2020-11-26,17,NAVOJOA,429.88,525.03,-95.15,0
2020-11-26,18,NAVOJOA,466.79,565.88,-94.5,-4.59
2020-11-26,19,NAVOJOA,530.94,761.21,-145.72,-84.56
2020-11-26,20,NAVOJOA,490.16,692.65,-137.77,-64.72
2020-11-26,21,NAVOJOA,507.81,683.43,-127.81,-47.81
2020-11-26,22,NAVOJOA,517.33,683.64,-119.96,-46.35
2020-11-26,23,NAVOJOA,485.39,635.04,-105.66,-43.99
2020-11-26,24,NAVOJOA,447.9,576.35,-100.56,-27.89
2020-11-26,1,NOGALES,456.76,532.11,-75.36,0
2020-11-26,2,NOGALES,423.94,487.9,-63.97,0
2020-11-26,3,NOGALES,410.29,472.14,-61.85,0
2020-11-26,4,NOGALES,411.9,462.72,-50.83,0
2020-11-26,5,NOGALES,415.14,453.51,-38.37,0
2020-11-26,6,NOGALES,414.56,466.71,-52.15,0
2020-11-26,7,NOGALES,427.96,482.82,-54.86,0
2020-11-26,8,NOGALES,448.96,513.14,-64.17,0
2020-11-26,9,NOGALES,423.88,501.03,-77.15,0
2020-11-26,10,NOGALES,391.71,518.59,-122.21,-4.67
2020-11-26,11,NOGALES,437.41,521.04,-83.63,0
2020-11-26,12,NOGALES,422.11,513.55,-88.74,-2.7
2020-11-26,13,NOGALES,423.09,516.62,-92.9,-.63
2020-11-26,14,NOGALES,421.53,508.58,-87.05,0
2020-11-26,15,NOGALES,424.64,511.98,-87.34,0
2020-11-26,16,NOGALES,428.62,522.33,-93.71,0
2020-11-26,17,NOGALES,439.11,525.03,-85.92,0
2020-11-26,18,NOGALES,474.37,565.88,-85.54,-5.97
2020-11-26,19,NOGALES,527.09,761.21,-124.44,-109.68
2020-11-26,20,NOGALES,492.1,692.65,-114.69,-85.87
2020-11-26,21,NOGALES,504.65,683.43,-113.87,-64.92
2020-11-26,22,NOGALES,508.24,683.64,-112.45,-62.95
2020-11-26,23,NOGALES,486.45,635.04,-88.82,-59.77
2020-11-26,24,NOGALES,453.03,576.35,-85.41,-37.91
2020-11-26,1,NUEVO LAREDO,465.76,532.11,-66.36,0
2020-11-26,2,NUEVO LAREDO,427.52,487.9,-60.39,0
2020-11-26,3,NUEVO LAREDO,418.34,472.14,-53.8,0
2020-11-26,4,NUEVO LAREDO,414.77,462.72,-47.95,0
2020-11-26,5,NUEVO LAREDO,405.2,453.51,-48.31,0
2020-11-26,6,NUEVO LAREDO,414.34,466.71,-52.37,0
2020-11-26,7,NUEVO LAREDO,426.94,482.82,-55.88,0
2020-11-26,8,NUEVO LAREDO,451.88,513.14,-61.26,0
2020-11-26,9,NUEVO LAREDO,436.92,501.03,-64.11,0
2020-11-26,10,NUEVO LAREDO,443.18,518.59,-73.85,-1.57
2020-11-26,11,NUEVO LAREDO,450.16,521.04,-70.88,0
2020-11-26,12,NUEVO LAREDO,433.82,513.55,-73.9,-5.82
2020-11-26,13,NUEVO LAREDO,440.8,516.62,-74.47,-1.35
2020-11-26,14,NUEVO LAREDO,442.23,508.58,-66.34,0
2020-11-26,15,NUEVO LAREDO,443.28,511.98,-68.7,0
2020-11-26,16,NUEVO LAREDO,447.48,522.33,-74.85,0
2020-11-26,17,NUEVO LAREDO,454.1,525.03,-70.94,0
2020-11-26,18,NUEVO LAREDO,479.26,565.88,-73.71,-12.91
2020-11-26,19,NUEVO LAREDO,432.95,761.21,-101.47,-226.79
2020-11-26,20,NUEVO LAREDO,432.91,692.65,-98.04,-161.7
2020-11-26,21,NUEVO LAREDO,460.92,683.43,-96.7,-125.81
2020-11-26,22,NUEVO LAREDO,465.68,683.64,-95.99,-121.97
2020-11-26,23,NUEVO LAREDO,432.4,635.04,-86.84,-115.8
2020-11-26,24,NUEVO LAREDO,423.25,576.35,-79.67,-73.44
2020-11-26,1,OAXACA,565.85,532.11,33.74,0
2020-11-26,2,OAXACA,513.89,487.9,25.99,0
2020-11-26,3,OAXACA,492.93,472.14,20.79,0
2020-11-26,4,OAXACA,479.52,462.72,16.8,0
2020-11-26,5,OAXACA,468.13,453.51,14.62,0
2020-11-26,6,OAXACA,485.94,466.71,19.22,0
2020-11-26,7,OAXACA,506.3,482.82,23.47,0
2020-11-26,8,OAXACA,539.91,513.14,26.77,0
2020-11-26,9,OAXACA,533.06,501.03,32.03,0
2020-11-26,10,OAXACA,550.57,518.59,31.99,-.02
2020-11-26,11,OAXACA,552.95,521.04,31.91,0
2020-11-26,12,OAXACA,548.8,513.55,35.47,-.22
2020-11-26,13,OAXACA,551.95,516.62,35.38,-.05
2020-11-26,14,OAXACA,542.65,508.58,34.07,0
2020-11-26,15,OAXACA,547.87,511.98,35.89,0
2020-11-26,16,OAXACA,557.06,522.33,34.73,0
2020-11-26,17,OAXACA,558.77,525.03,33.74,0
2020-11-26,18,OAXACA,597.62,565.88,32.37,-.63
2020-11-26,19,OAXACA,799.5,761.21,49.29,-11
2020-11-26,20,OAXACA,739.56,692.65,54.78,-7.87
2020-11-26,21,OAXACA,727.39,683.43,50.09,-6.13
2020-11-26,22,OAXACA,727.34,683.64,49.84,-6.15
2020-11-26,23,OAXACA,681.71,635.04,52.51,-5.84
2020-11-26,24,OAXACA,615.21,576.35,42.56,-3.7
2020-11-26,1,OBREGON,437.75,532.11,-94.36,0
2020-11-26,2,OBREGON,403.64,487.9,-84.26,0
2020-11-26,3,OBREGON,389.37,472.14,-82.77,0
2020-11-26,4,OBREGON,389.23,462.72,-73.49,0
2020-11-26,5,OBREGON,390.81,453.51,-62.7,0
2020-11-26,6,OBREGON,386.55,466.71,-80.17,0
2020-11-26,7,OBREGON,397.61,482.82,-85.22,0
2020-11-26,8,OBREGON,417.98,513.14,-95.16,0
2020-11-26,9,OBREGON,406.27,501.03,-94.76,0
2020-11-26,10,OBREGON,387.83,518.59,-125.24,-5.52
2020-11-26,11,OBREGON,424.03,521.04,-97.01,0
2020-11-26,12,OBREGON,411.16,513.55,-100.25,-2.14
2020-11-26,13,OBREGON,411.39,516.62,-104.74,-.5
2020-11-26,14,OBREGON,411.11,508.58,-97.47,0
2020-11-26,15,OBREGON,415.1,511.98,-96.88,0
2020-11-26,16,OBREGON,423.13,522.33,-99.2,0
2020-11-26,17,OBREGON,429.03,525.03,-96.01,0
2020-11-26,18,OBREGON,465.34,565.88,-95.82,-4.72
2020-11-26,19,OBREGON,525.77,761.21,-148.78,-86.66
2020-11-26,20,OBREGON,485.35,692.65,-140.81,-66.49
2020-11-26,21,OBREGON,502.49,683.43,-131.71,-49.23
2020-11-26,22,OBREGON,511.12,683.64,-124.79,-47.73
2020-11-26,23,OBREGON,480.67,635.04,-109.06,-45.31
2020-11-26,24,OBREGON,444.13,576.35,-103.49,-28.74
2020-11-26,1,ORIZABA,549,532.11,16.89,0
2020-11-26,2,ORIZABA,500.13,487.9,12.23,0
2020-11-26,3,ORIZABA,480.61,472.14,8.47,0
2020-11-26,4,ORIZABA,468.28,462.72,5.55,0
2020-11-26,5,ORIZABA,457.78,453.51,4.27,0
2020-11-26,6,ORIZABA,473.69,466.71,6.98,0
2020-11-26,7,ORIZABA,492.53,482.82,9.7,0
2020-11-26,8,ORIZABA,525.02,513.14,11.88,0
2020-11-26,9,ORIZABA,518.51,501.03,17.48,0
2020-11-26,10,ORIZABA,536.07,518.59,17.51,-.03
2020-11-26,11,ORIZABA,538.03,521.04,17,0
2020-11-26,12,ORIZABA,532.74,513.55,19.43,-.24
2020-11-26,13,ORIZABA,535.83,516.62,19.26,-.06
2020-11-26,14,ORIZABA,526.33,508.58,17.75,0
2020-11-26,15,ORIZABA,531.21,511.98,19.23,0
2020-11-26,16,ORIZABA,540.68,522.33,18.35,0
2020-11-26,17,ORIZABA,541.31,525.03,16.28,0
2020-11-26,18,ORIZABA,577.61,565.88,12.41,-.68
2020-11-26,19,ORIZABA,765.96,761.21,16.64,-11.88
2020-11-26,20,ORIZABA,706.63,692.65,22.48,-8.5
2020-11-26,21,ORIZABA,696.65,683.43,19.85,-6.62
2020-11-26,22,ORIZABA,698.23,683.64,20.98,-6.4
2020-11-26,23,ORIZABA,655.01,635.04,26.02,-6.05
2020-11-26,24,ORIZABA,595.05,576.35,22.51,-3.81
2020-11-26,1,PIEDRAS NEGRAS,457.46,532.11,-74.66,0
2020-11-26,2,PIEDRAS NEGRAS,420.49,487.9,-67.41,0
2020-11-26,3,PIEDRAS NEGRAS,413.92,472.14,-58.22,0
2020-11-26,4,PIEDRAS NEGRAS,412.43,462.72,-50.29,0
2020-11-26,5,PIEDRAS NEGRAS,403.18,453.51,-50.33,0
2020-11-26,6,PIEDRAS NEGRAS,412.69,466.71,-54.02,0
2020-11-26,7,PIEDRAS NEGRAS,425.69,482.82,-57.13,0
2020-11-26,8,PIEDRAS NEGRAS,450.64,513.14,-62.5,0
2020-11-26,9,PIEDRAS NEGRAS,434.89,501.03,-66.14,0
2020-11-26,10,PIEDRAS NEGRAS,440.29,518.59,-76.69,-1.62
2020-11-26,11,PIEDRAS NEGRAS,446.68,521.04,-74.35,0
2020-11-26,12,PIEDRAS NEGRAS,431.15,513.55,-76.59,-5.81
2020-11-26,13,PIEDRAS NEGRAS,437.97,516.62,-77.3,-1.35
2020-11-26,14,PIEDRAS NEGRAS,439.93,508.58,-68.64,0
2020-11-26,15,PIEDRAS NEGRAS,440.3,511.98,-71.69,0
2020-11-26,16,PIEDRAS NEGRAS,443.87,522.33,-78.46,0
2020-11-26,17,PIEDRAS NEGRAS,450.48,525.03,-74.56,0
2020-11-26,18,PIEDRAS NEGRAS,474.42,565.88,-78.58,-12.89
2020-11-26,19,PIEDRAS NEGRAS,424.79,761.21,-110.03,-226.39
2020-11-26,20,PIEDRAS NEGRAS,423.28,692.65,-108.02,-161.35
2020-11-26,21,PIEDRAS NEGRAS,450.37,683.43,-107.54,-125.52
2020-11-26,22,PIEDRAS NEGRAS,455.98,683.64,-105.97,-121.69
2020-11-26,23,PIEDRAS NEGRAS,424.36,635.04,-95.15,-115.53
2020-11-26,24,PIEDRAS NEGRAS,415.95,576.35,-87.13,-73.27
2020-11-26,1,POZA RICA,529.96,532.11,-2.15,0
2020-11-26,2,POZA RICA,486.58,487.9,-1.32,0
2020-11-26,3,POZA RICA,470.43,472.14,-1.71,0
2020-11-26,4,POZA RICA,460.1,462.72,-2.63,0
2020-11-26,5,POZA RICA,450.33,453.51,-3.18,0
2020-11-26,6,POZA RICA,464.23,466.71,-2.49,0
2020-11-26,7,POZA RICA,479.68,482.82,-3.14,0
2020-11-26,8,POZA RICA,508.75,513.14,-4.39,0
2020-11-26,9,POZA RICA,502.11,501.03,1.08,0
2020-11-26,10,POZA RICA,521.17,518.59,2.68,-.11
2020-11-26,11,POZA RICA,523.65,521.04,2.61,0
2020-11-26,12,POZA RICA,516.74,513.55,3.65,-.46
2020-11-26,13,POZA RICA,520.05,516.62,3.54,-.11
2020-11-26,14,POZA RICA,511.99,508.58,3.41,0
2020-11-26,15,POZA RICA,516.66,511.98,4.68,0
2020-11-26,16,POZA RICA,526.65,522.33,4.32,0
2020-11-26,17,POZA RICA,527.36,525.03,2.33,0
2020-11-26,18,POZA RICA,559.28,565.88,-5.43,-1.17
2020-11-26,19,POZA RICA,737.19,761.21,-3.54,-20.48
2020-11-26,20,POZA RICA,678.22,692.65,.23,-14.66
2020-11-26,21,POZA RICA,670.69,683.43,-1.32,-11.43
2020-11-26,22,POZA RICA,669.51,683.64,-3.1,-11.03
2020-11-26,23,POZA RICA,620.77,635.04,-3.79,-10.48
2020-11-26,24,POZA RICA,568.9,576.35,-.88,-6.58
2020-11-26,1,PUEBLA,550.25,532.11,18.13,0
2020-11-26,2,PUEBLA,501.91,487.9,14.01,0
2020-11-26,3,PUEBLA,483.39,472.14,11.25,0
2020-11-26,4,PUEBLA,472.5,462.72,9.78,0
2020-11-26,5,PUEBLA,462.29,453.51,8.78,0
2020-11-26,6,PUEBLA,477.63,466.71,10.92,0
2020-11-26,7,PUEBLA,496.17,482.82,13.35,0
2020-11-26,8,PUEBLA,528.88,513.14,15.75,0
2020-11-26,9,PUEBLA,521.67,501.03,20.64,0
2020-11-26,10,PUEBLA,540.28,518.59,21.71,-.02
2020-11-26,11,PUEBLA,542.81,521.04,21.78,0
2020-11-26,12,PUEBLA,537.17,513.55,23.85,-.22
2020-11-26,13,PUEBLA,540.2,516.62,23.63,-.05
2020-11-26,14,PUEBLA,530.79,508.58,22.22,0
2020-11-26,15,PUEBLA,535.76,511.98,23.78,0
2020-11-26,16,PUEBLA,545.83,522.33,23.5,0
2020-11-26,17,PUEBLA,546.37,525.03,21.34,0
2020-11-26,18,PUEBLA,583.6,565.88,18.35,-.62
2020-11-26,19,PUEBLA,776.18,761.21,25.91,-10.94
2020-11-26,20,PUEBLA,714.01,692.65,29.18,-7.83
2020-11-26,21,PUEBLA,703.81,683.43,26.48,-6.1
2020-11-26,22,PUEBLA,703.58,683.64,25.88,-5.94
2020-11-26,23,PUEBLA,656.62,635.04,27.22,-5.64
2020-11-26,24,PUEBLA,596.95,576.35,24.18,-3.58
2020-11-26,1,QUERETARO,539.21,532.11,7.1,0
2020-11-26,2,QUERETARO,494.49,487.9,6.59,0
2020-11-26,3,QUERETARO,478.32,472.14,6.18,0
2020-11-26,4,QUERETARO,468.6,462.72,5.88,0
2020-11-26,5,QUERETARO,459.37,453.51,5.86,0
2020-11-26,6,QUERETARO,472.85,466.71,6.14,0
2020-11-26,7,QUERETARO,489.41,482.82,6.59,0
2020-11-26,8,QUERETARO,520.25,513.14,7.12,0
2020-11-26,9,QUERETARO,506.61,501.03,5.58,0
2020-11-26,10,QUERETARO,524.44,518.6,5.86,-.01
2020-11-26,11,QUERETARO,527.74,521.04,6.71,0
2020-11-26,12,QUERETARO,520.2,513.55,6.55,.1
2020-11-26,13,QUERETARO,523.31,516.62,6.67,.02
2020-11-26,14,QUERETARO,515.33,508.58,6.76,0
2020-11-26,15,QUERETARO,519.19,511.98,7.2,0
2020-11-26,16,QUERETARO,529.73,522.33,7.4,0
2020-11-26,17,QUERETARO,533.07,525.03,8.04,0
2020-11-26,18,QUERETARO,576.43,565.88,10.33,.22
2020-11-26,19,QUERETARO,779.84,761.21,14.71,3.92
2020-11-26,20,QUERETARO,709.16,692.65,13.7,2.81
2020-11-26,21,QUERETARO,698.56,683.43,12.94,2.19
2020-11-26,22,QUERETARO,697.69,683.64,11.93,2.13
2020-11-26,23,QUERETARO,646.99,635.04,9.93,2.03
2020-11-26,24,QUERETARO,586.07,576.35,8.42,1.29
2020-11-26,1,REYNOSA,462.39,532.11,-69.72,0
2020-11-26,2,REYNOSA,423.76,487.9,-64.14,0
2020-11-26,3,REYNOSA,413.6,472.14,-58.54,0
2020-11-26,4,REYNOSA,407.34,462.72,-55.38,0
2020-11-26,5,REYNOSA,396.48,453.51,-57.03,0
2020-11-26,6,REYNOSA,404.88,466.71,-61.83,0
2020-11-26,7,REYNOSA,415.36,482.82,-67.46,0
2020-11-26,8,REYNOSA,439.71,513.14,-73.43,0
2020-11-26,9,REYNOSA,426.95,501.03,-74.08,0
2020-11-26,10,REYNOSA,439.84,518.59,-77.38,-1.37
2020-11-26,11,REYNOSA,442.79,521.04,-78.25,0
2020-11-26,12,REYNOSA,416.36,513.55,-91.29,-5.89
2020-11-26,13,REYNOSA,417.95,516.62,-97.3,-1.37
2020-11-26,14,REYNOSA,421.92,508.58,-86.66,0
2020-11-26,15,REYNOSA,428.12,511.98,-83.87,0
2020-11-26,16,REYNOSA,429.66,522.33,-92.66,0
2020-11-26,17,REYNOSA,430.2,525.03,-94.83,0
2020-11-26,18,REYNOSA,450.25,565.88,-102.56,-13.06
2020-11-26,19,REYNOSA,397.82,761.21,-134.03,-229.36
2020-11-26,20,REYNOSA,407.38,692.65,-121.45,-163.82
2020-11-26,21,REYNOSA,440.3,683.43,-115.59,-127.54
2020-11-26,22,REYNOSA,445.47,683.64,-114.52,-123.65
2020-11-26,23,REYNOSA,408.39,635.04,-109.26,-117.39
2020-11-26,24,REYNOSA,398.95,576.35,-102.95,-74.45
2020-11-26,1,RIVIERA MAYA,573.49,532.11,41.37,0
2020-11-26,2,RIVIERA MAYA,526.77,487.9,38.86,0
2020-11-26,3,RIVIERA MAYA,502.79,472.14,30.65,0
2020-11-26,4,RIVIERA MAYA,487.91,462.72,25.19,0
2020-11-26,5,RIVIERA MAYA,477.48,453.51,23.97,0
2020-11-26,6,RIVIERA MAYA,489.76,466.71,23.05,0
2020-11-26,7,RIVIERA MAYA,503.51,482.82,20.69,0
2020-11-26,8,RIVIERA MAYA,539.48,513.14,26.35,0
2020-11-26,9,RIVIERA MAYA,537.42,501.03,36.39,0
2020-11-26,10,RIVIERA MAYA,547.5,518.59,28.93,-.02
2020-11-26,11,RIVIERA MAYA,559.26,521.04,38.22,0
2020-11-26,12,RIVIERA MAYA,559.97,513.55,46.65,-.22
2020-11-26,13,RIVIERA MAYA,556.25,516.62,39.69,-.05
2020-11-26,14,RIVIERA MAYA,548,508.58,39.42,0
2020-11-26,15,RIVIERA MAYA,551.76,511.98,39.78,0
2020-11-26,16,RIVIERA MAYA,554.91,522.33,32.59,0
2020-11-26,17,RIVIERA MAYA,561.59,525.03,36.56,0
2020-11-26,18,RIVIERA MAYA,598.38,565.88,33.14,-.64
2020-11-26,19,RIVIERA MAYA,790.04,761.21,39.98,-11.14
2020-11-26,20,RIVIERA MAYA,730.02,692.65,45.34,-7.97
2020-11-26,21,RIVIERA MAYA,716.07,683.43,38.85,-6.21
2020-11-26,22,RIVIERA MAYA,721.18,683.64,43.68,-6.13
2020-11-26,23,RIVIERA MAYA,698.36,635.04,69.14,-5.82
2020-11-26,24,RIVIERA MAYA,629.79,576.35,57.13,-3.69
2020-11-26,1,SABINAS,463.27,532.11,-68.84,0
2020-11-26,2,SABINAS,425.47,487.9,-62.43,0
2020-11-26,3,SABINAS,416.55,472.14,-55.59,0
2020-11-26,4,SABINAS,413.14,462.72,-49.58,0
2020-11-26,5,SABINAS,403.55,453.51,-49.95,0
2020-11-26,6,SABINAS,412.98,466.71,-53.74,0
2020-11-26,7,SABINAS,425.54,482.82,-57.28,0
2020-11-26,8,SABINAS,450.53,513.14,-62.6,0
2020-11-26,9,SABINAS,435.42,501.03,-65.61,0
2020-11-26,10,SABINAS,441.41,518.59,-75.6,-1.58
2020-11-26,11,SABINAS,447.66,521.04,-73.38,0
2020-11-26,12,SABINAS,431.18,513.55,-76.52,-5.85
2020-11-26,13,SABINAS,437.9,516.62,-77.37,-1.36
2020-11-26,14,SABINAS,438.97,508.58,-69.61,0
2020-11-26,15,SABINAS,439.47,511.98,-72.51,0
2020-11-26,16,SABINAS,443.73,522.33,-78.6,0
2020-11-26,17,SABINAS,450.45,525.03,-74.58,0
2020-11-26,18,SABINAS,475.29,565.88,-77.61,-12.97
2020-11-26,19,SABINAS,426.9,761.21,-106.46,-227.85
2020-11-26,20,SABINAS,427.45,692.65,-102.74,-162.46
2020-11-26,21,SABINAS,455.93,683.43,-101.1,-126.4
2020-11-26,22,SABINAS,461.16,683.64,-99.94,-122.55
2020-11-26,23,SABINAS,428.34,635.04,-90.36,-116.34
2020-11-26,24,SABINAS,420.2,576.35,-82.37,-73.79
2020-11-26,1,SALTILLO,479.81,532.11,-52.31,0
2020-11-26,2,SALTILLO,439.87,487.9,-48.03,0
2020-11-26,3,SALTILLO,428.97,472.14,-43.17,0
2020-11-26,4,SALTILLO,422.84,462.72,-39.88,0
2020-11-26,5,SALTILLO,412.95,453.51,-40.56,0
2020-11-26,6,SALTILLO,422.22,466.71,-44.49,0
2020-11-26,7,SALTILLO,435.03,482.82,-47.79,0
2020-11-26,8,SALTILLO,461.13,513.14,-52,0
2020-11-26,9,SALTILLO,445.61,501.03,-55.42,0
2020-11-26,10,SALTILLO,455.22,518.59,-61.95,-1.43
2020-11-26,11,SALTILLO,459.98,521.04,-61.06,0
2020-11-26,12,SALTILLO,439.02,513.55,-68.07,-6.46
2020-11-26,13,SALTILLO,445.33,516.62,-69.79,-1.5
2020-11-26,14,SALTILLO,445.1,508.58,-63.48,0
2020-11-26,15,SALTILLO,448.96,511.98,-63.03,0
2020-11-26,16,SALTILLO,455.83,522.33,-66.5,0
2020-11-26,17,SALTILLO,462.14,525.03,-62.89,0
2020-11-26,18,SALTILLO,487.65,565.88,-63.88,-14.35
2020-11-26,19,SALTILLO,422.9,761.21,-86.14,-252.17
2020-11-26,20,SALTILLO,430.46,692.65,-81.83,-180.37
2020-11-26,21,SALTILLO,463.48,683.43,-79.49,-140.46
2020-11-26,22,SALTILLO,470.1,683.64,-77.37,-136.16
2020-11-26,23,SALTILLO,433.37,635.04,-72.53,-129.14
2020-11-26,24,SALTILLO,429.24,576.35,-65.24,-81.87
2020-11-26,1,SALVATIERRA,548.11,532.11,15.99,0
2020-11-26,2,SALVATIERRA,500.13,487.9,12.23,0
2020-11-26,3,SALVATIERRA,483.24,472.14,11.1,0
2020-11-26,4,SALVATIERRA,473.34,462.72,10.62,0
2020-11-26,5,SALVATIERRA,464.06,453.51,10.55,0
2020-11-26,6,SALVATIERRA,478.16,466.71,11.45,0
2020-11-26,7,SALVATIERRA,496.92,482.82,14.1,0
2020-11-26,8,SALVATIERRA,530.95,513.14,17.82,0
2020-11-26,9,SALVATIERRA,520.68,501.03,19.65,0
2020-11-26,10,SALVATIERRA,538.73,518.59,20.04,.1
2020-11-26,11,SALVATIERRA,540.47,521.04,19.43,0
2020-11-26,12,SALVATIERRA,533.23,513.55,19.47,.22
2020-11-26,13,SALVATIERRA,535.55,516.62,18.88,.05
2020-11-26,14,SALVATIERRA,527.69,508.58,19.11,0
2020-11-26,15,SALVATIERRA,530.06,511.98,18.08,0
2020-11-26,16,SALVATIERRA,540.81,522.33,18.48,0
2020-11-26,17,SALVATIERRA,544.73,525.03,19.7,0
2020-11-26,18,SALVATIERRA,588.48,565.88,22.11,.49
2020-11-26,19,SALVATIERRA,801.33,761.21,31.57,8.56
2020-11-26,20,SALVATIERRA,727.01,692.65,28.26,6.1
2020-11-26,21,SALVATIERRA,716.17,683.43,28.01,4.74
2020-11-26,22,SALVATIERRA,715.98,683.64,27.77,4.57
2020-11-26,23,SALVATIERRA,663.77,635.04,24.36,4.37
2020-11-26,24,SALVATIERRA,598.12,576.35,19.01,2.76
2020-11-26,1,SAN CRISTOBAL,579.11,532.11,47,0
2020-11-26,2,SAN CRISTOBAL,525.96,487.9,38.06,0
2020-11-26,3,SAN CRISTOBAL,503.28,472.14,31.14,0
2020-11-26,4,SAN CRISTOBAL,488.62,462.72,25.9,0
2020-11-26,5,SAN CRISTOBAL,477.16,453.51,23.65,0
2020-11-26,6,SAN CRISTOBAL,495.68,466.71,28.97,0
2020-11-26,7,SAN CRISTOBAL,513.72,482.82,30.9,0
2020-11-26,8,SAN CRISTOBAL,543.31,513.14,30.17,0
2020-11-26,9,SAN CRISTOBAL,535.38,501.03,34.35,0
2020-11-26,10,SAN CRISTOBAL,550.09,518.59,31.52,-.02
2020-11-26,11,SAN CRISTOBAL,551.91,521.04,30.87,0
2020-11-26,12,SAN CRISTOBAL,550.49,513.55,37.16,-.22
2020-11-26,13,SAN CRISTOBAL,553.14,516.62,36.57,-.05
2020-11-26,14,SAN CRISTOBAL,544.05,508.58,35.47,0
2020-11-26,15,SAN CRISTOBAL,549.61,511.98,37.63,0
2020-11-26,16,SAN CRISTOBAL,559.57,522.33,37.24,0
2020-11-26,17,SAN CRISTOBAL,563.67,525.03,38.64,0
2020-11-26,18,SAN CRISTOBAL,609.09,565.88,43.85,-.64
2020-11-26,19,SAN CRISTOBAL,812.77,761.21,62.7,-11.14
2020-11-26,20,SAN CRISTOBAL,753.28,692.65,68.6,-7.97
2020-11-26,21,SAN CRISTOBAL,738.21,683.43,60.99,-6.21
2020-11-26,22,SAN CRISTOBAL,739.18,683.64,61.67,-6.13
2020-11-26,23,SAN CRISTOBAL,700.26,635.04,71.04,-5.82
2020-11-26,24,SAN CRISTOBAL,629.06,576.35,56.4,-3.69
2020-11-26,1,SAN JUAN DEL RIO,548.06,532.11,15.95,0
2020-11-26,2,SAN JUAN DEL RIO,503.04,487.9,15.13,0
2020-11-26,3,SAN JUAN DEL RIO,486.15,472.14,14.01,0
2020-11-26,4,SAN JUAN DEL RIO,476.18,462.72,13.46,0
2020-11-26,5,SAN JUAN DEL RIO,466.87,453.51,13.36,0
2020-11-26,6,SAN JUAN DEL RIO,481.1,466.71,14.39,0
2020-11-26,7,SAN JUAN DEL RIO,498.89,482.82,16.07,0
2020-11-26,8,SAN JUAN DEL RIO,530.35,513.14,17.22,0
2020-11-26,9,SAN JUAN DEL RIO,519.49,501.03,18.46,0
2020-11-26,10,SAN JUAN DEL RIO,537.83,518.59,19.25,-.01
2020-11-26,11,SAN JUAN DEL RIO,540.51,521.04,19.47,0
2020-11-26,12,SAN JUAN DEL RIO,533.98,513.55,20.42,.01
2020-11-26,13,SAN JUAN DEL RIO,536.89,516.62,20.27,0
2020-11-26,14,SAN JUAN DEL RIO,528.01,508.58,19.43,0
2020-11-26,15,SAN JUAN DEL RIO,532.57,511.98,20.59,0
2020-11-26,16,SAN JUAN DEL RIO,543.47,522.33,21.14,0
2020-11-26,17,SAN JUAN DEL RIO,545.06,525.03,20.03,0
2020-11-26,18,SAN JUAN DEL RIO,585.81,565.88,19.94,-.01
2020-11-26,19,SAN JUAN DEL RIO,784.93,761.21,23.83,-.1
2020-11-26,20,SAN JUAN DEL RIO,716.86,692.65,24.28,-.07
2020-11-26,21,SAN JUAN DEL RIO,705.91,683.43,22.53,-.05
2020-11-26,22,SAN JUAN DEL RIO,706.34,683.64,22.76,-.06
2020-11-26,23,SAN JUAN DEL RIO,655.92,635.04,20.94,-.05
2020-11-26,24,SAN JUAN DEL RIO,595.51,576.35,19.19,-.04
2020-11-26,1,SAN LUIS POTOSI,524.03,532.11,-8.09,0
2020-11-26,2,SAN LUIS POTOSI,481.31,487.9,-6.59,0
2020-11-26,3,SAN LUIS POTOSI,467.47,472.14,-4.68,0
2020-11-26,4,SAN LUIS POTOSI,458.47,462.72,-4.25,0
2020-11-26,5,SAN LUIS POTOSI,449.45,453.51,-4.06,0
2020-11-26,6,SAN LUIS POTOSI,462.05,466.71,-4.66,0
2020-11-26,7,SAN LUIS POTOSI,476.19,482.82,-6.63,0
2020-11-26,8,SAN LUIS POTOSI,505.29,513.14,-7.84,0
2020-11-26,9,SAN LUIS POTOSI,488.01,501.03,-13.02,0
2020-11-26,10,SAN LUIS POTOSI,503.3,518.6,-15.16,-.13
2020-11-26,11,SAN LUIS POTOSI,506.19,521.04,-14.85,0
2020-11-26,12,SAN LUIS POTOSI,497.09,513.55,-16.88,.42
2020-11-26,13,SAN LUIS POTOSI,500.07,516.62,-16.65,.1
2020-11-26,14,SAN LUIS POTOSI,493.52,508.58,-15.06,0
2020-11-26,15,SAN LUIS POTOSI,496.15,511.98,-15.83,0
2020-11-26,16,SAN LUIS POTOSI,506,522.33,-16.33,0
2020-11-26,17,SAN LUIS POTOSI,511.44,525.03,-13.59,0
2020-11-26,18,SAN LUIS POTOSI,558.26,565.88,-8.64,1.02
2020-11-26,19,SAN LUIS POTOSI,763.6,761.21,-15.52,17.91
2020-11-26,20,SAN LUIS POTOSI,690.08,692.65,-15.45,12.88
2020-11-26,21,SAN LUIS POTOSI,678.99,683.43,-14.48,10.04
2020-11-26,22,SAN LUIS POTOSI,678.35,683.64,-15.03,9.74
2020-11-26,23,SAN LUIS POTOSI,630.1,635.04,-14.18,9.24
2020-11-26,24,SAN LUIS POTOSI,571.19,576.35,-11.02,5.86
2020-11-26,1,SAN MARTIN,550.36,532.11,18.24,0
2020-11-26,2,SAN MARTIN,502.45,487.9,14.55,0
2020-11-26,3,SAN MARTIN,483.71,472.14,11.57,0
2020-11-26,4,SAN MARTIN,473.22,462.72,10.5,0
2020-11-26,5,SAN MARTIN,463.02,453.51,9.52,0
2020-11-26,6,SAN MARTIN,478.27,466.71,11.55,0
2020-11-26,7,SAN MARTIN,496.61,482.82,13.79,0
2020-11-26,8,SAN MARTIN,529.26,513.14,16.12,0
2020-11-26,9,SAN MARTIN,521.86,501.03,20.83,0
2020-11-26,10,SAN MARTIN,540.46,518.59,21.88,-.02
2020-11-26,11,SAN MARTIN,542.88,521.04,21.84,0
2020-11-26,12,SAN MARTIN,537.02,513.55,23.69,-.22
2020-11-26,13,SAN MARTIN,540.16,516.62,23.59,-.05
2020-11-26,14,SAN MARTIN,530.91,508.58,22.33,0
2020-11-26,15,SAN MARTIN,535.71,511.98,23.73,0
2020-11-26,16,SAN MARTIN,545.87,522.33,23.54,0
2020-11-26,17,SAN MARTIN,546.44,525.03,21.41,0
2020-11-26,18,SAN MARTIN,583.63,565.88,18.37,-.62
2020-11-26,19,SAN MARTIN,776.77,761.21,26.41,-10.85
2020-11-26,20,SAN MARTIN,714,692.65,29.11,-7.76
2020-11-26,21,SAN MARTIN,703.83,683.43,26.45,-6.04
2020-11-26,22,SAN MARTIN,703.16,683.64,25.41,-5.88
2020-11-26,23,SAN MARTIN,655.77,635.04,26.32,-5.58
2020-11-26,24,SAN MARTIN,596.35,576.35,23.54,-3.54
2020-11-26,1,TAMPICO,496.84,532.11,-35.28,0
2020-11-26,2,TAMPICO,459.31,487.9,-28.59,0
2020-11-26,3,TAMPICO,448.04,472.14,-24.1,0
2020-11-26,4,TAMPICO,440.32,462.72,-22.4,0
2020-11-26,5,TAMPICO,431.08,453.51,-22.43,0
2020-11-26,6,TAMPICO,443.44,466.71,-23.28,0
2020-11-26,7,TAMPICO,453.76,482.82,-29.06,0
2020-11-26,8,TAMPICO,479.86,513.14,-33.28,0
2020-11-26,9,TAMPICO,463.14,501.03,-37.89,0
2020-11-26,10,TAMPICO,482.65,518.59,-35.64,-.31
2020-11-26,11,TAMPICO,484.84,521.04,-36.2,0
2020-11-26,12,TAMPICO,474.76,513.55,-37.7,-1.08
2020-11-26,13,TAMPICO,479.86,516.62,-36.51,-.25
2020-11-26,14,TAMPICO,471.95,508.58,-36.62,0
2020-11-26,15,TAMPICO,475.08,511.98,-36.91,0
2020-11-26,16,TAMPICO,483.44,522.33,-38.89,0
2020-11-26,17,TAMPICO,485.4,525.03,-39.63,0
2020-11-26,18,TAMPICO,523.37,565.88,-40.25,-2.26
2020-11-26,19,TAMPICO,662.77,761.21,-58.56,-39.88
2020-11-26,20,TAMPICO,611.46,692.65,-52.76,-28.43
2020-11-26,21,TAMPICO,608.9,683.43,-52.34,-22.19
2020-11-26,22,TAMPICO,608.55,683.64,-53.4,-21.68
2020-11-26,23,TAMPICO,565.41,635.04,-49.23,-20.4
2020-11-26,24,TAMPICO,523.6,576.35,-39.89,-12.87
2020-11-26,1,TAPACHULA,562.62,532.11,30.5,0
2020-11-26,2,TAPACHULA,510.89,487.9,22.99,0
2020-11-26,3,TAPACHULA,488.45,472.14,16.31,0
2020-11-26,4,TAPACHULA,473.52,462.72,10.79,0
2020-11-26,5,TAPACHULA,461.18,453.51,7.67,0
2020-11-26,6,TAPACHULA,476.65,466.71,9.94,0
2020-11-26,7,TAPACHULA,495.58,482.82,12.76,0
2020-11-26,8,TAPACHULA,526.8,513.14,13.67,0
2020-11-26,9,TAPACHULA,520.27,501.03,19.24,0
2020-11-26,10,TAPACHULA,535.78,518.59,17.21,-.02
2020-11-26,11,TAPACHULA,537.81,521.04,16.77,0
2020-11-26,12,TAPACHULA,539.02,513.55,25.7,-.22
2020-11-26,13,TAPACHULA,541.5,516.62,24.93,-.05
2020-11-26,14,TAPACHULA,532.83,508.58,24.26,0
2020-11-26,15,TAPACHULA,537.88,511.98,25.9,0
2020-11-26,16,TAPACHULA,546.99,522.33,24.66,0
2020-11-26,17,TAPACHULA,550.23,525.03,25.2,0
2020-11-26,18,TAPACHULA,586.73,565.88,21.49,-.64
2020-11-26,19,TAPACHULA,769.11,761.21,19.04,-11.14
2020-11-26,20,TAPACHULA,712.42,692.65,27.74,-7.97
2020-11-26,21,TAPACHULA,699.46,683.43,22.24,-6.21
2020-11-26,22,TAPACHULA,703.57,683.64,26.06,-6.13
2020-11-26,23,TAPACHULA,671.69,635.04,42.47,-5.82
2020-11-26,24,TAPACHULA,606.27,576.35,33.61,-3.69
2020-11-26,1,TECAMACHALCO,550.44,532.11,18.33,0
2020-11-26,2,TECAMACHALCO,502.05,487.9,14.15,0
2020-11-26,3,TECAMACHALCO,482.82,472.14,10.68,0
2020-11-26,4,TECAMACHALCO,471.29,462.72,8.57,0
2020-11-26,5,TECAMACHALCO,461.42,453.51,7.91,0
2020-11-26,6,TECAMACHALCO,477.47,466.71,10.76,0
2020-11-26,7,TECAMACHALCO,496.62,482.82,13.8,0
2020-11-26,8,TECAMACHALCO,529.84,513.14,16.71,0
2020-11-26,9,TECAMACHALCO,523.17,501.03,22.14,0
2020-11-26,10,TECAMACHALCO,542.17,518.59,23.6,-.03
2020-11-26,11,TECAMACHALCO,544.64,521.04,23.6,0
2020-11-26,12,TECAMACHALCO,539.09,513.55,25.78,-.24
2020-11-26,13,TECAMACHALCO,542.09,516.62,25.53,-.06
2020-11-26,14,TECAMACHALCO,531.95,508.58,23.37,0
2020-11-26,15,TECAMACHALCO,536.77,511.98,24.79,0
2020-11-26,16,TECAMACHALCO,547.06,522.33,24.73,0
2020-11-26,17,TECAMACHALCO,547.27,525.03,22.24,0
2020-11-26,18,TECAMACHALCO,583.83,565.88,18.61,-.66
2020-11-26,19,TECAMACHALCO,777.38,761.21,27.76,-11.59
2020-11-26,20,TECAMACHALCO,716.08,692.65,31.71,-8.29
2020-11-26,21,TECAMACHALCO,705.54,683.43,28.57,-6.46
2020-11-26,22,TECAMACHALCO,704.97,683.64,27.61,-6.27
2020-11-26,23,TECAMACHALCO,657.38,635.04,28.29,-5.94
2020-11-26,24,TECAMACHALCO,597.86,576.35,25.26,-3.76
2020-11-26,1,TEHUACAN,561.35,532.11,29.24,0
2020-11-26,2,TEHUACAN,511.55,487.9,23.64,0
2020-11-26,3,TEHUACAN,491.49,472.14,19.35,0
2020-11-26,4,TEHUACAN,479.2,462.72,16.48,0
2020-11-26,5,TEHUACAN,469.37,453.51,15.86,0
2020-11-26,6,TEHUACAN,486.25,466.71,19.54,0
2020-11-26,7,TEHUACAN,506.82,482.82,24,0
2020-11-26,8,TEHUACAN,541.32,513.14,28.19,0
2020-11-26,9,TEHUACAN,535.34,501.03,34.31,0
2020-11-26,10,TEHUACAN,554.23,518.59,35.66,-.03
2020-11-26,11,TEHUACAN,555.84,521.04,34.8,0
2020-11-26,12,TEHUACAN,550.54,513.55,37.22,-.23
2020-11-26,13,TEHUACAN,553.91,516.62,37.35,-.05
2020-11-26,14,TEHUACAN,542.98,508.58,34.4,0
2020-11-26,15,TEHUACAN,548.12,511.98,36.14,0
2020-11-26,16,TEHUACAN,558.01,522.33,35.68,0
2020-11-26,17,TEHUACAN,558.17,525.03,33.14,0
2020-11-26,18,TEHUACAN,595.78,565.88,30.56,-.65
2020-11-26,19,TEHUACAN,792.96,761.21,43.15,-11.4
2020-11-26,20,TEHUACAN,731.27,692.65,46.77,-8.15
2020-11-26,21,TEHUACAN,720.99,683.43,43.91,-6.35
2020-11-26,22,TEHUACAN,721.18,683.64,43.71,-6.16
2020-11-26,23,TEHUACAN,673.98,635.04,44.79,-5.85
2020-11-26,24,TEHUACAN,612.03,576.35,39.38,-3.71
2020-11-26,1,TEHUANTEPEC,545.79,532.11,13.68,0
2020-11-26,2,TEHUANTEPEC,491.03,487.9,3.13,0
2020-11-26,3,TEHUANTEPEC,468.59,472.14,-3.55,0
2020-11-26,4,TEHUANTEPEC,452.74,462.72,-9.98,0
2020-11-26,5,TEHUANTEPEC,436.83,453.51,-16.68,0
2020-11-26,6,TEHUANTEPEC,455.22,466.71,-11.49,0
2020-11-26,7,TEHUANTEPEC,478.58,482.82,-4.24,0
2020-11-26,8,TEHUANTEPEC,511.56,513.14,-1.58,0
2020-11-26,9,TEHUANTEPEC,502.92,501.03,1.89,0
2020-11-26,10,TEHUANTEPEC,510.86,518.59,-7.72,-.02
2020-11-26,11,TEHUANTEPEC,508.55,521.04,-12.49,0
2020-11-26,12,TEHUANTEPEC,508.57,513.55,-4.76,-.22
2020-11-26,13,TEHUANTEPEC,506.98,516.62,-9.58,-.05
2020-11-26,14,TEHUANTEPEC,494.96,508.58,-13.62,0
2020-11-26,15,TEHUANTEPEC,498.55,511.98,-13.43,0
2020-11-26,16,TEHUANTEPEC,508.12,522.33,-14.21,0
2020-11-26,17,TEHUANTEPEC,512.11,525.03,-12.93,0
2020-11-26,18,TEHUANTEPEC,548.54,565.88,-16.71,-.63
2020-11-26,19,TEHUANTEPEC,730.57,761.21,-19.56,-11.08
2020-11-26,20,TEHUANTEPEC,677.85,692.65,-6.88,-7.93
2020-11-26,21,TEHUANTEPEC,667.56,683.43,-9.69,-6.18
2020-11-26,22,TEHUANTEPEC,677.81,683.64,.28,-6.1
2020-11-26,23,TEHUANTEPEC,643.68,635.04,14.43,-5.79
2020-11-26,24,TEHUANTEPEC,583.07,576.35,10.39,-3.67
2020-11-26,1,TEPIC VALLARTA,542.61,532.11,10.5,0
2020-11-26,2,TEPIC VALLARTA,494.15,487.9,6.25,0
2020-11-26,3,TEPIC VALLARTA,476.72,472.14,4.58,0
2020-11-26,4,TEPIC VALLARTA,467.81,462.72,5.09,0
2020-11-26,5,TEPIC VALLARTA,459.81,453.51,6.31,0
2020-11-26,6,TEPIC VALLARTA,469.59,466.71,2.87,0
2020-11-26,7,TEPIC VALLARTA,486.18,482.82,3.36,0
2020-11-26,8,TEPIC VALLARTA,517.17,513.14,4.04,0
2020-11-26,9,TEPIC VALLARTA,504.86,501.03,3.83,0
2020-11-26,10,TEPIC VALLARTA,518.17,518.59,-2.15,1.73
2020-11-26,11,TEPIC VALLARTA,524.59,521.04,3.56,0
2020-11-26,12,TEPIC VALLARTA,514.79,513.55,1.66,-.41
2020-11-26,13,TEPIC VALLARTA,512.42,516.62,-4.11,-.1
2020-11-26,14,TEPIC VALLARTA,513.24,508.58,4.67,0
2020-11-26,15,TEPIC VALLARTA,512.05,511.98,.07,0
2020-11-26,16,TEPIC VALLARTA,522.96,522.33,.63,0
2020-11-26,17,TEPIC VALLARTA,524.14,525.03,-.89,0
2020-11-26,18,TEPIC VALLARTA,567.64,565.88,2.64,-.88
2020-11-26,19,TEPIC VALLARTA,748.51,761.21,2.49,-15.19
2020-11-26,20,TEPIC VALLARTA,676.19,692.65,-5.01,-11.45
2020-11-26,21,TEPIC VALLARTA,674.96,683.43,.59,-9.05
2020-11-26,22,TEPIC VALLARTA,692.27,683.64,17.44,-8.8
2020-11-26,23,TEPIC VALLARTA,643.49,635.04,16.83,-8.37
2020-11-26,24,TEPIC VALLARTA,583.21,576.35,12.19,-5.33
2020-11-26,1,TEZIUTLAN,542.07,532.11,9.96,0
2020-11-26,2,TEZIUTLAN,497.22,487.9,9.32,0
2020-11-26,3,TEZIUTLAN,480.17,472.14,8.03,0
2020-11-26,4,TEZIUTLAN,469.2,462.72,6.48,0
2020-11-26,5,TEZIUTLAN,459.6,453.51,6.09,0
2020-11-26,6,TEZIUTLAN,473.69,466.71,6.98,0
2020-11-26,7,TEZIUTLAN,489.46,482.82,6.64,0
2020-11-26,8,TEZIUTLAN,518.53,513.14,5.39,0
2020-11-26,9,TEZIUTLAN,511.16,501.03,10.13,0
2020-11-26,10,TEZIUTLAN,531.33,518.59,12.79,-.06
2020-11-26,11,TEZIUTLAN,533.92,521.04,12.89,0
2020-11-26,12,TEZIUTLAN,527.19,513.55,13.97,-.34
2020-11-26,13,TEZIUTLAN,529.65,516.62,13.1,-.08
2020-11-26,14,TEZIUTLAN,521.18,508.58,12.6,0
2020-11-26,15,TEZIUTLAN,525.64,511.98,13.65,0
2020-11-26,16,TEZIUTLAN,536.99,522.33,14.66,0
2020-11-26,17,TEZIUTLAN,538.14,525.03,13.11,0
2020-11-26,18,TEZIUTLAN,570.3,565.88,5.34,-.92
2020-11-26,19,TEZIUTLAN,759.42,761.21,14.48,-16.27
2020-11-26,20,TEZIUTLAN,699.58,692.65,18.57,-11.64
2020-11-26,21,TEZIUTLAN,690.55,683.43,16.19,-9.07
2020-11-26,22,TEZIUTLAN,688.54,683.64,13.67,-8.77
2020-11-26,23,TEZIUTLAN,636.1,635.04,9.36,-8.3
2020-11-26,24,TEZIUTLAN,583.09,576.35,12.01,-5.27
2020-11-26,1,TICUL,571,532.11,38.89,0
2020-11-26,2,TICUL,522.07,487.9,34.17,0
2020-11-26,3,TICUL,498.22,472.14,26.08,0
2020-11-26,4,TICUL,482.75,462.72,20.03,0
2020-11-26,5,TICUL,471.82,453.51,18.31,0
2020-11-26,6,TICUL,485.45,466.71,18.74,0
2020-11-26,7,TICUL,499.59,482.82,16.77,0
2020-11-26,8,TICUL,531.98,513.14,18.84,0
2020-11-26,9,TICUL,529.56,501.03,28.53,0
2020-11-26,10,TICUL,540.62,518.59,22.05,-.02
2020-11-26,11,TICUL,550.2,521.04,29.16,0
2020-11-26,12,TICUL,550.16,513.55,36.83,-.22
2020-11-26,13,TICUL,548.5,516.62,31.94,-.05
2020-11-26,14,TICUL,541.23,508.58,32.66,0
2020-11-26,15,TICUL,545.01,511.98,33.03,0
2020-11-26,16,TICUL,551.26,522.33,28.93,0
2020-11-26,17,TICUL,558.29,525.03,33.26,0
2020-11-26,18,TICUL,597.08,565.88,31.84,-.64
2020-11-26,19,TICUL,788.73,761.21,38.67,-11.14
2020-11-26,20,TICUL,728.95,692.65,44.27,-7.97
2020-11-26,21,TICUL,715.2,683.43,37.98,-6.21
2020-11-26,22,TICUL,719.75,683.64,42.25,-6.13
2020-11-26,23,TICUL,693.34,635.04,64.13,-5.82
2020-11-26,24,TICUL,625.37,576.35,52.71,-3.69
2020-11-26,1,TLAXCALA,550.57,532.11,18.46,0
2020-11-26,2,TLAXCALA,503.34,487.9,15.44,0
2020-11-26,3,TLAXCALA,484.36,472.14,12.22,0
2020-11-26,4,TLAXCALA,473.59,462.72,10.87,0
2020-11-26,5,TLAXCALA,463.86,453.51,10.35,0
2020-11-26,6,TLAXCALA,478.63,466.71,11.92,0
2020-11-26,7,TLAXCALA,496.98,482.82,14.16,0
2020-11-26,8,TLAXCALA,529.04,513.14,15.91,0
2020-11-26,9,TLAXCALA,519.58,501.03,18.55,0
2020-11-26,10,TLAXCALA,538.71,518.59,20.14,-.03
2020-11-26,11,TLAXCALA,541.36,521.04,20.32,0
2020-11-26,12,TLAXCALA,535.18,513.55,21.87,-.24
2020-11-26,13,TLAXCALA,537.74,516.62,21.18,-.06
2020-11-26,14,TLAXCALA,527.71,508.58,19.14,0
2020-11-26,15,TLAXCALA,533.05,511.98,21.07,0
2020-11-26,16,TLAXCALA,543.83,522.33,21.5,0
2020-11-26,17,TLAXCALA,545.19,525.03,20.16,0
2020-11-26,18,TLAXCALA,582.95,565.88,17.74,-.66
2020-11-26,19,TLAXCALA,777.66,761.21,28.07,-11.62
2020-11-26,20,TLAXCALA,714.93,692.65,30.6,-8.32
2020-11-26,21,TLAXCALA,704.69,683.43,27.73,-6.47
2020-11-26,22,TLAXCALA,703.18,683.64,25.83,-6.29
2020-11-26,23,TLAXCALA,653.19,635.04,24.13,-5.98
2020-11-26,24,TLAXCALA,595.38,576.35,22.82,-3.79
2020-11-26,1,TUXTLA,555.65,532.11,23.54,0
2020-11-26,2,TUXTLA,504.93,487.9,17.02,0
2020-11-26,3,TUXTLA,483.17,472.14,11.03,0
2020-11-26,4,TUXTLA,468.79,462.72,6.07,0
2020-11-26,5,TUXTLA,456.99,453.51,3.48,0
2020-11-26,6,TUXTLA,472.89,466.71,6.18,0
2020-11-26,7,TUXTLA,490.99,482.82,8.17,0
2020-11-26,8,TUXTLA,522.38,513.14,9.25,0
2020-11-26,9,TUXTLA,516.22,501.03,15.19,0
2020-11-26,10,TUXTLA,530.93,518.6,12.36,-.02
2020-11-26,11,TUXTLA,533.44,521.04,12.4,0
2020-11-26,12,TUXTLA,531.71,513.55,18.38,-.22
2020-11-26,13,TUXTLA,534.17,516.62,17.6,-.05
2020-11-26,14,TUXTLA,525.07,508.58,16.5,0
2020-11-26,15,TUXTLA,529.66,511.98,17.68,0
2020-11-26,16,TUXTLA,538.75,522.33,16.42,0
2020-11-26,17,TUXTLA,541.35,525.03,16.32,0
2020-11-26,18,TUXTLA,577.05,565.88,11.81,-.64
2020-11-26,19,TUXTLA,755.58,761.21,5.52,-11.14
2020-11-26,20,TUXTLA,701.07,692.65,16.39,-7.97
2020-11-26,21,TUXTLA,689.96,683.43,12.74,-6.21
2020-11-26,22,TUXTLA,696.51,683.64,19,-6.13
2020-11-26,23,TUXTLA,665.16,635.04,35.95,-5.82
2020-11-26,24,TUXTLA,601.61,576.35,28.95,-3.69
2020-11-26,1,URUAPAN,554.72,532.11,22.61,0
2020-11-26,2,URUAPAN,504.67,487.9,16.77,0
2020-11-26,3,URUAPAN,486.9,472.14,14.76,0
2020-11-26,4,URUAPAN,476.66,462.72,13.94,0
2020-11-26,5,URUAPAN,467.14,453.51,13.64,0
2020-11-26,6,URUAPAN,481.05,466.71,14.34,0
2020-11-26,7,URUAPAN,500.13,482.82,17.3,0
2020-11-26,8,URUAPAN,535.91,513.14,22.78,0
2020-11-26,9,URUAPAN,526.3,501.03,25.27,0
2020-11-26,10,URUAPAN,544.96,518.59,26.1,.26
2020-11-26,11,URUAPAN,546.11,521.04,25.07,0
2020-11-26,12,URUAPAN,539.68,513.55,25.88,.25
2020-11-26,13,URUAPAN,541.26,516.62,24.58,.06
2020-11-26,14,URUAPAN,533.94,508.58,25.37,0
2020-11-26,15,URUAPAN,535.68,511.98,23.69,0
2020-11-26,16,URUAPAN,547.68,522.33,25.35,0
2020-11-26,17,URUAPAN,551.61,525.03,26.58,0
2020-11-26,18,URUAPAN,594.04,565.88,27.6,.57
2020-11-26,19,URUAPAN,810.25,761.21,39.08,9.96
2020-11-26,20,URUAPAN,733.98,692.65,34.27,7.05
2020-11-26,21,URUAPAN,723.19,683.43,34.28,5.48
2020-11-26,22,URUAPAN,723.43,683.64,34.48,5.31
2020-11-26,23,URUAPAN,672.44,635.04,32.36,5.04
2020-11-26,24,URUAPAN,605.65,576.35,26.1,3.2
2020-11-26,1,VDM CENTRO,555.69,532.11,23.58,0
2020-11-26,2,VDM CENTRO,507.33,487.9,19.43,0
2020-11-26,3,VDM CENTRO,488.76,472.14,16.62,0
2020-11-26,4,VDM CENTRO,477.99,462.72,15.27,0
2020-11-26,5,VDM CENTRO,467.99,453.51,14.48,0
2020-11-26,6,VDM CENTRO,483.09,466.71,16.38,0
2020-11-26,7,VDM CENTRO,501.9,482.82,19.07,0
2020-11-26,8,VDM CENTRO,535.03,513.14,21.89,0
2020-11-26,9,VDM CENTRO,526.8,501.03,25.77,0
2020-11-26,10,VDM CENTRO,546.72,518.59,28.13,-.01
2020-11-26,11,VDM CENTRO,548.55,521.04,27.51,0
2020-11-26,12,VDM CENTRO,542.65,513.55,29.29,-.18
2020-11-26,13,VDM CENTRO,545.71,516.62,29.14,-.04
2020-11-26,14,VDM CENTRO,536.37,508.58,27.79,0
2020-11-26,15,VDM CENTRO,541.46,511.98,29.48,0
2020-11-26,16,VDM CENTRO,552.54,522.33,30.21,0
2020-11-26,17,VDM CENTRO,552.87,525.03,27.84,0
2020-11-26,18,VDM CENTRO,591.39,565.88,26.04,-.52
2020-11-26,19,VDM CENTRO,791.07,761.21,38.99,-9.14
2020-11-26,20,VDM CENTRO,725.1,692.65,39,-6.55
2020-11-26,21,VDM CENTRO,714.78,683.43,36.45,-5.1
2020-11-26,22,VDM CENTRO,712.39,683.64,33.7,-4.96
2020-11-26,23,VDM CENTRO,661.51,635.04,31.18,-4.7
2020-11-26,24,VDM CENTRO,600.56,576.35,27.19,-2.98
2020-11-26,1,VDM NORTE,554.59,532.11,22.47,0
2020-11-26,2,VDM NORTE,506.64,487.9,18.74,0
2020-11-26,3,VDM NORTE,488.24,472.14,16.1,0
2020-11-26,4,VDM NORTE,477.62,462.72,14.9,0
2020-11-26,5,VDM NORTE,467.69,453.51,14.18,0
2020-11-26,6,VDM NORTE,482.54,466.71,15.82,0
2020-11-26,7,VDM NORTE,501.05,482.82,18.23,0
2020-11-26,8,VDM NORTE,533.72,513.14,20.58,0
2020-11-26,9,VDM NORTE,525.16,501.03,24.13,0
2020-11-26,10,VDM NORTE,544.82,518.59,26.23,-.01
2020-11-26,11,VDM NORTE,546.48,521.04,25.45,0
2020-11-26,12,VDM NORTE,540.55,513.55,27.18,-.18
2020-11-26,13,VDM NORTE,543.5,516.62,26.92,-.04
2020-11-26,14,VDM NORTE,534.09,508.58,25.52,0
2020-11-26,15,VDM NORTE,539.2,511.98,27.22,0
2020-11-26,16,VDM NORTE,550.27,522.33,27.94,0
2020-11-26,17,VDM NORTE,550.53,525.03,25.5,0
2020-11-26,18,VDM NORTE,588.88,565.88,23.51,-.51
2020-11-26,19,VDM NORTE,787.55,761.21,35.24,-8.9
2020-11-26,20,VDM NORTE,721.84,692.65,35.56,-6.37
2020-11-26,21,VDM NORTE,711.68,683.43,33.21,-4.96
2020-11-26,22,VDM NORTE,709.29,683.64,30.47,-4.82
2020-11-26,23,VDM NORTE,658.83,635.04,28.37,-4.58
2020-11-26,24,VDM NORTE,598.9,576.35,25.45,-2.9
2020-11-26,1,VDM SUR,559.51,532.11,27.4,0
2020-11-26,2,VDM SUR,511.16,487.9,23.26,0
2020-11-26,3,VDM SUR,492.53,472.14,20.39,0
2020-11-26,4,VDM SUR,481.69,462.72,18.97,0
2020-11-26,5,VDM SUR,471.63,453.51,18.12,0
2020-11-26,6,VDM SUR,486.87,466.71,20.16,0
2020-11-26,7,VDM SUR,505.84,482.82,23.02,0
2020-11-26,8,VDM SUR,539.47,513.14,26.33,0
2020-11-26,9,VDM SUR,530.81,501.03,29.78,0
2020-11-26,10,VDM SUR,550.74,518.6,32.14,0
2020-11-26,11,VDM SUR,552.11,521.04,31.07,0
2020-11-26,12,VDM SUR,546.12,513.55,32.75,-.18
2020-11-26,13,VDM SUR,548.98,516.62,32.4,-.04
2020-11-26,14,VDM SUR,539.71,508.58,31.13,0
2020-11-26,15,VDM SUR,544.48,511.98,32.5,0
2020-11-26,16,VDM SUR,555.56,522.33,33.24,0
2020-11-26,17,VDM SUR,556.08,525.03,31.05,0
2020-11-26,18,VDM SUR,594.7,565.88,29.32,-.5
2020-11-26,19,VDM SUR,795.26,761.21,42.91,-8.86
2020-11-26,20,VDM SUR,728.99,692.65,42.68,-6.34
2020-11-26,21,VDM SUR,718.59,683.43,40.1,-4.94
2020-11-26,22,VDM SUR,716.41,683.64,37.57,-4.8
2020-11-26,23,VDM SUR,665.76,635.04,35.27,-4.55
2020-11-26,24,VDM SUR,604.57,576.35,31.1,-2.88
2020-11-26,1,VERACRUZ,547.27,532.11,15.15,0
2020-11-26,2,VERACRUZ,498.88,487.9,10.98,0
2020-11-26,3,VERACRUZ,479.61,472.14,7.47,0
2020-11-26,4,VERACRUZ,465.55,462.72,2.82,0
2020-11-26,5,VERACRUZ,454.98,453.51,1.47,0
2020-11-26,6,VERACRUZ,469.79,466.71,3.08,0
2020-11-26,7,VERACRUZ,487.28,482.82,4.46,0
2020-11-26,8,VERACRUZ,518.39,513.14,5.26,0
2020-11-26,9,VERACRUZ,512.74,501.03,11.71,0
2020-11-26,10,VERACRUZ,531.54,518.59,12.98,-.04
2020-11-26,11,VERACRUZ,534.14,521.04,13.1,0
2020-11-26,12,VERACRUZ,527.54,513.55,14.26,-.27
2020-11-26,13,VERACRUZ,531.9,516.62,15.34,-.06
2020-11-26,14,VERACRUZ,524.3,508.58,15.72,0
2020-11-26,15,VERACRUZ,529.5,511.98,17.51,0
2020-11-26,16,VERACRUZ,539.43,522.33,17.1,0
2020-11-26,17,VERACRUZ,538.53,525.03,13.49,0
2020-11-26,18,VERACRUZ,572.91,565.88,7.79,-.76
2020-11-26,19,VERACRUZ,759.99,761.21,12.1,-13.31
2020-11-26,20,VERACRUZ,700.95,692.65,17.81,-9.51
2020-11-26,21,VERACRUZ,691.47,683.43,15.45,-7.41
2020-11-26,22,VERACRUZ,693.18,683.64,16.6,-7.06
2020-11-26,23,VERACRUZ,649.25,635.04,20.93,-6.72
2020-11-26,24,VERACRUZ,590.84,576.35,18.75,-4.26
2020-11-26,1,VICTORIA,487.15,532.11,-44.97,0
2020-11-26,2,VICTORIA,448.12,487.9,-39.78,0
2020-11-26,3,VICTORIA,435.76,472.14,-36.38,0
2020-11-26,4,VICTORIA,428.91,462.72,-33.82,0
2020-11-26,5,VICTORIA,419.48,453.51,-34.03,0
2020-11-26,6,VICTORIA,431.22,466.71,-35.5,0
2020-11-26,7,VICTORIA,442.73,482.82,-40.09,0
2020-11-26,8,VICTORIA,468.81,513.14,-44.33,0
2020-11-26,9,VICTORIA,453.3,501.03,-47.73,0
2020-11-26,10,VICTORIA,470.01,518.59,-47.81,-.78
2020-11-26,11,VICTORIA,472.32,521.04,-48.71,0
2020-11-26,12,VICTORIA,458.54,513.55,-51.8,-3.21
2020-11-26,13,VICTORIA,463.48,516.62,-52.4,-.74
2020-11-26,14,VICTORIA,458.95,508.58,-49.62,0
2020-11-26,15,VICTORIA,462.42,511.98,-49.57,0
2020-11-26,16,VICTORIA,466.86,522.33,-55.47,0
2020-11-26,17,VICTORIA,469.69,525.03,-55.34,0
2020-11-26,18,VICTORIA,502.11,565.88,-56.78,-6.99
2020-11-26,19,VICTORIA,559.68,761.21,-78.76,-122.76
2020-11-26,20,VICTORIA,532.87,692.65,-72.03,-87.76
2020-11-26,21,VICTORIA,543.49,683.43,-71.62,-68.32
2020-11-26,22,VICTORIA,545.31,683.64,-72.11,-66.22
2020-11-26,23,VICTORIA,503.96,635.04,-68.22,-62.85
2020-11-26,24,VICTORIA,475.81,576.35,-60.68,-39.86
2020-11-26,1,VILLAHERMOSA,552.51,532.11,20.4,0
2020-11-26,2,VILLAHERMOSA,501.91,487.9,14,0
2020-11-26,3,VILLAHERMOSA,479.41,472.14,7.27,0
2020-11-26,4,VILLAHERMOSA,464.51,462.72,1.79,0
2020-11-26,5,VILLAHERMOSA,452.46,453.51,-1.05,0
2020-11-26,6,VILLAHERMOSA,467.61,466.71,.9,0
2020-11-26,7,VILLAHERMOSA,483.8,482.82,.98,0
2020-11-26,8,VILLAHERMOSA,514.77,513.14,1.64,0
2020-11-26,9,VILLAHERMOSA,509.94,501.03,8.91,0
2020-11-26,10,VILLAHERMOSA,523.77,518.59,5.19,-.02
2020-11-26,11,VILLAHERMOSA,527.39,521.04,6.35,0
2020-11-26,12,VILLAHERMOSA,526.13,513.55,12.8,-.22
2020-11-26,13,VILLAHERMOSA,528.51,516.62,11.95,-.05
2020-11-26,14,VILLAHERMOSA,519.54,508.58,10.97,0
2020-11-26,15,VILLAHERMOSA,524.47,511.98,12.48,0
2020-11-26,16,VILLAHERMOSA,533.14,522.33,10.81,0
2020-11-26,17,VILLAHERMOSA,535.99,525.03,10.96,0
2020-11-26,18,VILLAHERMOSA,571.96,565.88,6.72,-.64
2020-11-26,19,VILLAHERMOSA,753.95,761.21,3.89,-11.14
2020-11-26,20,VILLAHERMOSA,700.1,692.65,15.42,-7.97
2020-11-26,21,VILLAHERMOSA,689.73,683.43,12.51,-6.21
2020-11-26,22,VILLAHERMOSA,696.11,683.64,18.61,-6.13
2020-11-26,23,VILLAHERMOSA,665.07,635.04,35.86,-5.82
2020-11-26,24,VILLAHERMOSA,601.21,576.35,28.55,-3.69
2020-11-26,1,XALAPA,548.52,532.11,16.41,0
2020-11-26,2,XALAPA,501.85,487.9,13.95,0
2020-11-26,3,XALAPA,483.58,472.14,11.44,0
2020-11-26,4,XALAPA,471.88,462.72,9.16,0
2020-11-26,5,XALAPA,462.1,453.51,8.59,0
2020-11-26,6,XALAPA,476.73,466.71,10.02,0
2020-11-26,7,XALAPA,494.22,482.82,11.39,0
2020-11-26,8,XALAPA,524.23,513.14,11.09,0
2020-11-26,9,XALAPA,515.54,501.03,14.51,0
2020-11-26,10,XALAPA,535.71,518.59,17.17,-.06
2020-11-26,11,XALAPA,538.6,521.04,17.56,0
2020-11-26,12,XALAPA,532.26,513.55,19.04,-.32
2020-11-26,13,XALAPA,534.16,516.62,17.62,-.08
2020-11-26,14,XALAPA,525.6,508.58,17.03,0
2020-11-26,15,XALAPA,530.94,511.98,18.95,0
2020-11-26,16,XALAPA,542.93,522.33,20.6,0
2020-11-26,17,XALAPA,544.17,525.03,19.14,0
2020-11-26,18,XALAPA,577.71,565.88,12.72,-.89
2020-11-26,19,XALAPA,771.57,761.21,25.97,-15.61
2020-11-26,20,XALAPA,710.61,692.65,29.12,-11.16
2020-11-26,21,XALAPA,700.87,683.43,26.13,-8.69
2020-11-26,22,XALAPA,698.68,683.64,23.41,-8.37
2020-11-26,23,XALAPA,644.91,635.04,17.81,-7.93
2020-11-26,24,XALAPA,592.01,576.35,20.68,-5.02
2020-11-26,1,ZACAPU,550.31,532.11,18.2,0
2020-11-26,2,ZACAPU,501.15,487.9,13.25,0
2020-11-26,3,ZACAPU,483.73,472.14,11.59,0
2020-11-26,4,ZACAPU,473.72,462.72,11,0
2020-11-26,5,ZACAPU,464.44,453.51,10.93,0
2020-11-26,6,ZACAPU,478.22,466.71,11.51,0
2020-11-26,7,ZACAPU,496.88,482.82,14.06,0
2020-11-26,8,ZACAPU,531.23,513.14,18.1,0
2020-11-26,9,ZACAPU,520.31,501.03,19.28,0
2020-11-26,10,ZACAPU,537.9,518.59,19.04,.27
2020-11-26,11,ZACAPU,538.6,521.04,17.56,0
2020-11-26,12,ZACAPU,531.98,513.55,18.17,.26
2020-11-26,13,ZACAPU,533.36,516.62,16.69,.06
2020-11-26,14,ZACAPU,525.7,508.58,17.13,0
2020-11-26,15,ZACAPU,527.72,511.98,15.73,0
2020-11-26,16,ZACAPU,539.46,522.33,17.13,0
2020-11-26,17,ZACAPU,543.42,525.03,18.38,0
2020-11-26,18,ZACAPU,585.42,565.88,18.96,.58
2020-11-26,19,ZACAPU,798.48,761.21,27,10.27
2020-11-26,20,ZACAPU,723.35,692.65,23.43,7.27
2020-11-26,21,ZACAPU,713.27,683.43,24.19,5.65
2020-11-26,22,ZACAPU,714.34,683.64,25.23,5.47
2020-11-26,23,ZACAPU,664.92,635.04,24.68,5.2
2020-11-26,24,ZACAPU,599.69,576.35,20.04,3.3
2020-11-26,1,ZACATECAS,545.67,532.11,13.56,0
2020-11-26,2,ZACATECAS,498.14,487.9,10.24,0
2020-11-26,3,ZACATECAS,482.3,472.14,10.16,0
2020-11-26,4,ZACATECAS,473.04,462.72,10.32,0
2020-11-26,5,ZACATECAS,463.69,453.51,10.18,0
2020-11-26,6,ZACATECAS,476.29,466.71,9.58,0
2020-11-26,7,ZACATECAS,493.09,482.82,10.27,0
2020-11-26,8,ZACATECAS,523.72,513.14,10.59,0
2020-11-26,9,ZACATECAS,506.86,501.03,5.83,0
2020-11-26,10,ZACATECAS,519.56,518.59,1.5,-.53
2020-11-26,11,ZACATECAS,524.27,521.04,3.23,0
2020-11-26,12,ZACATECAS,514.5,513.55,.17,.78
2020-11-26,13,ZACATECAS,515.48,516.62,-1.32,.18
2020-11-26,14,ZACATECAS,509.41,508.58,.84,0
2020-11-26,15,ZACATECAS,512.21,511.98,.23,0
2020-11-26,16,ZACATECAS,523.14,522.33,.81,0
2020-11-26,17,ZACATECAS,529.64,525.03,4.61,0
2020-11-26,18,ZACATECAS,581.99,565.88,14.3,1.81
2020-11-26,19,ZACATECAS,818.49,761.21,24.02,33.26
2020-11-26,20,ZACATECAS,736.83,692.65,20.37,23.81
2020-11-26,21,ZACATECAS,723.6,683.43,22.19,17.98
2020-11-26,22,ZACATECAS,725.4,683.64,23.76,18
2020-11-26,23,ZACATECAS,671.03,635.04,19.15,16.85
2020-11-26,24,ZACATECAS,600.88,576.35,14.1,10.44
2020-11-26,1,ZAMORA,553.8,532.11,21.68,0
2020-11-26,2,ZAMORA,503.47,487.9,15.57,0
2020-11-26,3,ZAMORA,486.24,472.14,14.1,0
2020-11-26,4,ZAMORA,476.43,462.72,13.71,0
2020-11-26,5,ZAMORA,467.16,453.51,13.65,0
2020-11-26,6,ZAMORA,480.65,466.71,13.93,0
2020-11-26,7,ZAMORA,499.7,482.82,16.88,0
2020-11-26,8,ZAMORA,534.68,513.14,21.55,0
2020-11-26,9,ZAMORA,525.2,501.03,24.17,0
2020-11-26,10,ZAMORA,542.49,518.59,23.57,.32
2020-11-26,11,ZAMORA,544.28,521.04,23.24,0
2020-11-26,12,ZAMORA,537.49,513.55,23.67,.27
2020-11-26,13,ZAMORA,538.79,516.62,22.1,.06
2020-11-26,14,ZAMORA,531.8,508.58,23.23,0
2020-11-26,15,ZAMORA,533.38,511.98,21.4,0
2020-11-26,16,ZAMORA,544.85,522.33,22.52,0
2020-11-26,17,ZAMORA,548.54,525.03,23.51,0
2020-11-26,18,ZAMORA,591.21,565.88,24.71,.63
2020-11-26,19,ZAMORA,805.27,761.21,33.04,11.02
2020-11-26,20,ZAMORA,728.04,692.65,27.59,7.8
2020-11-26,21,ZAMORA,718.32,683.43,28.84,6.06
2020-11-26,22,ZAMORA,720.47,683.64,30.95,5.88
2020-11-26,23,ZAMORA,670.2,635.04,29.58,5.58
2020-11-26,24,ZAMORA,604.46,576.35,24.56,3.54
2020-11-26,1,ZAPOTLAN,547.1,532.11,14.98,0
2020-11-26,2,ZAPOTLAN,497.09,487.9,9.19,0
2020-11-26,3,ZAPOTLAN,480.12,472.14,7.98,0
2020-11-26,4,ZAPOTLAN,470.6,462.72,7.88,0
2020-11-26,5,ZAPOTLAN,461.55,453.51,8.04,0
2020-11-26,6,ZAPOTLAN,473.78,466.71,7.07,0
2020-11-26,7,ZAPOTLAN,491.72,482.82,8.9,0
2020-11-26,8,ZAPOTLAN,526.39,513.14,13.25,0
2020-11-26,9,ZAPOTLAN,518.55,501.03,17.52,0
2020-11-26,10,ZAPOTLAN,534.74,518.59,15.51,.64
2020-11-26,11,ZAPOTLAN,538.09,521.04,17.05,0
2020-11-26,12,ZAPOTLAN,530.35,513.55,16.58,.23
2020-11-26,13,ZAPOTLAN,530.9,516.62,14.23,.05
2020-11-26,14,ZAPOTLAN,525.97,508.58,17.4,0
2020-11-26,15,ZAPOTLAN,526.99,511.98,15.01,0
2020-11-26,16,ZAPOTLAN,538.1,522.33,15.77,0
2020-11-26,17,ZAPOTLAN,541.19,525.03,16.15,0
2020-11-26,18,ZAPOTLAN,583.76,565.88,17.34,.54
2020-11-26,19,ZAPOTLAN,791.86,761.21,21.06,9.59
2020-11-26,20,ZAPOTLAN,714.61,692.65,15.29,6.67
2020-11-26,21,ZAPOTLAN,707.19,683.43,18.62,5.15
2020-11-26,22,ZAPOTLAN,712.6,683.64,23.97,4.99
2020-11-26,23,ZAPOTLAN,662.45,635.04,22.67,4.74
2020-11-26,24,ZAPOTLAN,597.39,576.35,18.03,3.01
2020-11-26,1,ZIHUATANEJO,577.06,532.11,44.94,0
2020-11-26,2,ZIHUATANEJO,528.03,487.9,40.13,0
2020-11-26,3,ZIHUATANEJO,507.87,472.14,35.73,0
2020-11-26,4,ZIHUATANEJO,495.84,462.72,33.12,0
2020-11-26,5,ZIHUATANEJO,485.06,453.51,31.55,0
2020-11-26,6,ZIHUATANEJO,501.46,466.71,34.75,0
2020-11-26,7,ZIHUATANEJO,521.36,482.82,38.54,0
2020-11-26,8,ZIHUATANEJO,557.74,513.14,44.61,0
2020-11-26,9,ZIHUATANEJO,542.41,501.03,41.38,0
2020-11-26,10,ZIHUATANEJO,562.28,518.59,43.55,.14
2020-11-26,11,ZIHUATANEJO,562.02,521.04,40.98,0
2020-11-26,12,ZIHUATANEJO,557.37,513.55,43.84,-.02
2020-11-26,13,ZIHUATANEJO,559.02,516.62,42.4,0
2020-11-26,14,ZIHUATANEJO,549.36,508.58,40.79,0
2020-11-26,15,ZIHUATANEJO,550.22,511.98,38.24,0
2020-11-26,16,ZIHUATANEJO,560.74,522.33,38.41,0
2020-11-26,17,ZIHUATANEJO,561.53,525.03,36.5,0
2020-11-26,18,ZIHUATANEJO,600.2,565.88,34.43,-.1
2020-11-26,19,ZIHUATANEJO,797.89,761.21,38.52,-1.84
2020-11-26,20,ZIHUATANEJO,729.99,692.65,38.73,-1.39
2020-11-26,21,ZIHUATANEJO,720.29,683.43,37.95,-1.09
2020-11-26,22,ZIHUATANEJO,721.35,683.64,38.78,-1.06
2020-11-26,23,ZIHUATANEJO,677.8,635.04,43.78,-1.02
2020-11-26,24,ZIHUATANEJO,619.55,576.35,43.85,-.65
2020-11-27,1,ACAPULCO,589.22,531.42,57.8,0
2020-11-27,2,ACAPULCO,561.21,509.26,51.95,0
2020-11-27,3,ACAPULCO,537.26,488.16,49.1,0
2020-11-27,4,ACAPULCO,529.72,482.5,47.22,0
2020-11-27,5,ACAPULCO,534.35,486.96,47.39,0
2020-11-27,6,ACAPULCO,540.27,491.07,49.2,0
2020-11-27,7,ACAPULCO,560.27,510.12,50.14,0
2020-11-27,8,ACAPULCO,568.8,519.28,49.52,0
2020-11-27,9,ACAPULCO,563.61,510.65,52.96,0
2020-11-27,10,ACAPULCO,584.09,527.49,56.6,0
2020-11-27,11,ACAPULCO,583.94,526.67,57.27,0
2020-11-27,12,ACAPULCO,594.69,536.37,58.32,0
2020-11-27,13,ACAPULCO,608.74,547.07,61.67,0
2020-11-27,14,ACAPULCO,612.35,546.07,66.28,0
2020-11-27,15,ACAPULCO,714.67,633.7,80.97,0
2020-11-27,16,ACAPULCO,714.99,634.72,80.28,0
2020-11-27,17,ACAPULCO,860.86,766.54,96.03,-1.71
2020-11-27,18,ACAPULCO,948.56,857.91,98.2,-7.55
2020-11-27,19,ACAPULCO,1167.35,1061.04,118.36,-12.05
2020-11-27,20,ACAPULCO,1135.62,1027.46,119.5,-11.35
2020-11-27,21,ACAPULCO,966.2,868.15,104.34,-6.29
2020-11-27,22,ACAPULCO,954.54,852.09,107.79,-5.34
2020-11-27,23,ACAPULCO,888.82,746.2,104.34,38.28
2020-11-27,24,ACAPULCO,952.98,841.35,116.32,-4.69
2020-11-27,1,AGUASCALIENTES,532.2,531.42,.78,0
2020-11-27,2,AGUASCALIENTES,510.06,509.26,.8,0
2020-11-27,3,AGUASCALIENTES,487.57,488.16,-.59,0
2020-11-27,4,AGUASCALIENTES,483.23,482.5,.73,0
2020-11-27,5,AGUASCALIENTES,487.89,486.96,.93,0
2020-11-27,6,AGUASCALIENTES,492.34,491.07,1.27,0
2020-11-27,7,AGUASCALIENTES,509.88,510.12,-.24,0
2020-11-27,8,AGUASCALIENTES,520.16,519.28,.88,0
2020-11-27,9,AGUASCALIENTES,506.92,510.65,-3.73,0
2020-11-27,10,AGUASCALIENTES,520.34,527.49,-7.15,0
2020-11-27,11,AGUASCALIENTES,518.87,526.67,-7.8,0
2020-11-27,12,AGUASCALIENTES,529.19,536.37,-7.18,0
2020-11-27,13,AGUASCALIENTES,540.29,547.07,-6.78,0
2020-11-27,14,AGUASCALIENTES,538.01,546.07,-8.07,0
2020-11-27,15,AGUASCALIENTES,622.03,633.7,-11.67,0
2020-11-27,16,AGUASCALIENTES,623.22,634.72,-11.5,0
2020-11-27,17,AGUASCALIENTES,766.47,766.54,-13.66,13.59
2020-11-27,18,AGUASCALIENTES,916.24,857.91,-1.55,59.88
2020-11-27,19,AGUASCALIENTES,1150.39,1061.04,-4.55,93.9
2020-11-27,20,AGUASCALIENTES,1111.54,1027.46,-4.21,88.29
2020-11-27,21,AGUASCALIENTES,915.8,868.15,-1.63,49.28
2020-11-27,22,AGUASCALIENTES,888.62,852.09,-5.37,41.9
2020-11-27,23,AGUASCALIENTES,723.97,746.2,-7.62,-14.61
2020-11-27,24,AGUASCALIENTES,874.55,841.35,-6.59,39.79
2020-11-27,1,APATZINGAN,565.85,531.42,34.43,0
2020-11-27,2,APATZINGAN,538.61,509.26,29.34,0
2020-11-27,3,APATZINGAN,512.53,488.16,24.37,0
2020-11-27,4,APATZINGAN,507.16,482.5,24.66,0
2020-11-27,5,APATZINGAN,510.95,486.96,23.99,0
2020-11-27,6,APATZINGAN,516.68,491.07,25.61,0
2020-11-27,7,APATZINGAN,537.51,510.12,27.39,0
2020-11-27,8,APATZINGAN,550.74,519.28,31.47,0
2020-11-27,9,APATZINGAN,546.51,510.65,35.86,0
2020-11-27,10,APATZINGAN,567.33,527.49,39.84,0
2020-11-27,11,APATZINGAN,566.76,526.67,40.09,0
2020-11-27,12,APATZINGAN,578.94,536.37,42.58,0
2020-11-27,13,APATZINGAN,591.95,547.07,44.88,0
2020-11-27,14,APATZINGAN,589.81,546.07,43.74,0
2020-11-27,15,APATZINGAN,684.52,633.7,50.83,0
2020-11-27,16,APATZINGAN,686.61,634.72,51.9,0
2020-11-27,17,APATZINGAN,831.26,766.54,61.69,3.03
2020-11-27,18,APATZINGAN,941.45,857.91,70.18,13.37
2020-11-27,19,APATZINGAN,1166.34,1061.04,84.93,20.37
2020-11-27,20,APATZINGAN,1132.76,1027.46,86.15,19.14
2020-11-27,21,APATZINGAN,950.55,868.15,71.7,10.69
2020-11-27,22,APATZINGAN,925.83,852.09,64.65,9.09
2020-11-27,23,APATZINGAN,798.5,746.2,50.85,1.45
2020-11-27,24,APATZINGAN,906.6,841.35,55.65,9.6
2020-11-27,1,CABORCA,469.96,531.42,-61.46,0
2020-11-27,2,CABORCA,449.4,509.26,-59.86,0
2020-11-27,3,CABORCA,438.39,488.16,-49.77,0
2020-11-27,4,CABORCA,435.35,482.5,-47.15,0
2020-11-27,5,CABORCA,437.67,486.96,-49.29,0
2020-11-27,6,CABORCA,440.3,491.07,-50.77,0
2020-11-27,7,CABORCA,442.11,510.12,-68.02,0
2020-11-27,8,CABORCA,453.87,519.28,-65.41,0
2020-11-27,9,CABORCA,442.23,510.65,-68.42,0
2020-11-27,10,CABORCA,424.71,527.49,-102.78,0
2020-11-27,11,CABORCA,443.95,526.67,-82.72,0
2020-11-27,12,CABORCA,452.98,536.37,-83.39,0
2020-11-27,13,CABORCA,458.7,547.07,-88.36,0
2020-11-27,14,CABORCA,452.49,546.07,-93.58,0
2020-11-27,15,CABORCA,513.48,633.7,-120.22,0
2020-11-27,16,CABORCA,513.43,634.71,-121.28,0
2020-11-27,17,CABORCA,576.74,766.54,-159.25,-30.55
2020-11-27,18,CABORCA,583.2,857.91,-139.99,-134.72
2020-11-27,19,CABORCA,706.2,1061.04,-126.6,-228.25
2020-11-27,20,CABORCA,614.09,1027.46,-197.63,-215.74
2020-11-27,21,CABORCA,590.51,868.15,-157.16,-120.48
2020-11-27,22,CABORCA,588.97,852.09,-160.69,-102.42
2020-11-27,23,CABORCA,487.72,746.2,-152.79,-105.69
2020-11-27,24,CABORCA,467.42,841.35,-183.86,-190.07
2020-11-27,1,CAMARGO,481.75,531.42,-49.67,0
2020-11-27,2,CAMARGO,463.95,509.26,-45.32,0
2020-11-27,3,CAMARGO,450.42,488.16,-37.74,0
2020-11-27,4,CAMARGO,447.85,482.5,-34.64,0
2020-11-27,5,CAMARGO,455.6,486.96,-31.36,0
2020-11-27,6,CAMARGO,456.29,491.07,-34.78,0
2020-11-27,7,CAMARGO,460.57,510.12,-49.56,0
2020-11-27,8,CAMARGO,472.55,519.28,-46.73,0
2020-11-27,9,CAMARGO,465.82,510.65,-44.83,0
2020-11-27,10,CAMARGO,466.03,527.49,-61.46,0
2020-11-27,11,CAMARGO,463.51,526.67,-63.16,0
2020-11-27,12,CAMARGO,475.42,536.37,-60.95,0
2020-11-27,13,CAMARGO,481.76,547.07,-65.31,0
2020-11-27,14,CAMARGO,471.19,546.07,-74.88,0
2020-11-27,15,CAMARGO,542.65,633.7,-91.05,0
2020-11-27,16,CAMARGO,544.81,634.71,-89.9,0
2020-11-27,17,CAMARGO,582.31,766.54,-130.27,-53.95
2020-11-27,18,CAMARGO,534.32,857.91,-85.54,-238.04
2020-11-27,19,CAMARGO,605.09,1061.04,-93.5,-362.45
2020-11-27,20,CAMARGO,570.83,1027.46,-116.02,-340.61
2020-11-27,21,CAMARGO,578.66,868.15,-99.24,-190.25
2020-11-27,22,CAMARGO,586.33,852.09,-104.03,-161.73
2020-11-27,23,CAMARGO,536.69,746.2,-92.26,-117.26
2020-11-27,24,CAMARGO,553.03,841.35,-107.17,-181.16
2020-11-27,1,CAMPECHE,583.44,531.42,52.02,0
2020-11-27,2,CAMPECHE,550.76,509.26,41.5,0
2020-11-27,3,CAMPECHE,527.63,488.16,39.47,0
2020-11-27,4,CAMPECHE,511.91,482.5,29.41,0
2020-11-27,5,CAMPECHE,516.12,486.96,29.16,0
2020-11-27,6,CAMPECHE,530.36,491.07,39.29,0
2020-11-27,7,CAMPECHE,547.94,510.12,37.81,0
2020-11-27,8,CAMPECHE,555.95,519.28,36.68,0
2020-11-27,9,CAMPECHE,552.67,510.65,42.02,0
2020-11-27,10,CAMPECHE,579.31,527.49,51.82,0
2020-11-27,11,CAMPECHE,584.77,526.67,58.1,0
2020-11-27,12,CAMPECHE,597.78,536.37,61.42,0
2020-11-27,13,CAMPECHE,610.81,547.07,63.74,0
2020-11-27,14,CAMPECHE,602.57,546.07,56.5,0
2020-11-27,15,CAMPECHE,701.23,633.7,67.53,0
2020-11-27,16,CAMPECHE,702.82,634.71,68.11,0
2020-11-27,17,CAMPECHE,846.22,766.54,83.15,-3.47
2020-11-27,18,CAMPECHE,915.13,857.91,72.55,-15.33
2020-11-27,19,CAMPECHE,1122.75,1061.04,85.69,-23.97
2020-11-27,20,CAMPECHE,1083.59,1027.46,78.66,-22.53
2020-11-27,21,CAMPECHE,926.75,868.15,70.95,-12.36
2020-11-27,22,CAMPECHE,942.11,852.09,100.52,-10.5
2020-11-27,23,CAMPECHE,906.33,746.2,103.68,56.44
2020-11-27,24,CAMPECHE,944.93,841.35,113.82,-10.23
2020-11-27,1,CANCUN,571.9,531.42,40.48,0
2020-11-27,2,CANCUN,539.85,509.26,30.59,0
2020-11-27,3,CANCUN,521,488.16,32.84,0
2020-11-27,4,CANCUN,504.95,482.5,22.45,0
2020-11-27,5,CANCUN,509.42,486.96,22.46,0
2020-11-27,6,CANCUN,514.87,491.07,23.81,0
2020-11-27,7,CANCUN,532.32,510.12,22.2,0
2020-11-27,8,CANCUN,542.31,519.28,23.03,0
2020-11-27,9,CANCUN,541.14,510.65,30.48,0
2020-11-27,10,CANCUN,568.29,527.49,40.8,0
2020-11-27,11,CANCUN,574.8,526.67,48.13,0
2020-11-27,12,CANCUN,588.03,536.37,51.67,0
2020-11-27,13,CANCUN,600.06,547.07,53,0
2020-11-27,14,CANCUN,581.66,546.07,35.58,0
2020-11-27,15,CANCUN,673.4,633.7,39.7,0
2020-11-27,16,CANCUN,674.07,634.72,39.35,0
2020-11-27,17,CANCUN,808.51,766.54,45.45,-3.47
2020-11-27,18,CANCUN,890.42,857.91,47.84,-15.33
2020-11-27,19,CANCUN,1089.77,1061.04,52.7,-23.97
2020-11-27,20,CANCUN,1050.55,1027.46,45.61,-22.53
2020-11-27,21,CANCUN,897.74,868.15,41.95,-12.36
2020-11-27,22,CANCUN,912.94,852.09,71.36,-10.5
2020-11-27,23,CANCUN,881.1,746.2,78.46,56.44
2020-11-27,24,CANCUN,915.59,841.35,84.47,-10.23
2020-11-27,1,CARMEN,613.27,531.42,81.85,0
2020-11-27,2,CARMEN,577.87,509.26,68.61,0
2020-11-27,3,CARMEN,551.37,488.16,63.21,0
2020-11-27,4,CARMEN,534.51,482.5,52.01,0
2020-11-27,5,CARMEN,537.74,486.96,50.78,0
2020-11-27,6,CARMEN,548.66,491.07,57.6,0
2020-11-27,7,CARMEN,565.6,510.12,55.47,0
2020-11-27,8,CARMEN,573.2,519.28,53.92,0
2020-11-27,9,CARMEN,570.33,510.65,59.68,0
2020-11-27,10,CARMEN,597.75,527.49,70.26,0
2020-11-27,11,CARMEN,603.34,526.67,76.67,0
2020-11-27,12,CARMEN,617.25,536.37,80.88,0
2020-11-27,13,CARMEN,631.25,547.07,84.18,0
2020-11-27,14,CARMEN,624.65,546.07,78.58,0
2020-11-27,15,CARMEN,726.9,633.7,93.2,0
2020-11-27,16,CARMEN,728.73,634.71,94.01,0
2020-11-27,17,CARMEN,877.62,766.54,114.55,-3.47
2020-11-27,18,CARMEN,956.71,857.91,114.12,-15.33
2020-11-27,19,CARMEN,1178.73,1061.04,141.67,-23.97
2020-11-27,20,CARMEN,1139.15,1027.46,134.22,-22.53
2020-11-27,21,CARMEN,974.47,868.15,118.67,-12.36
2020-11-27,22,CARMEN,989.88,852.09,148.29,-10.5
2020-11-27,23,CARMEN,948.46,746.2,145.82,56.44
2020-11-27,24,CARMEN,992.38,841.35,161.27,-10.23
2020-11-27,1,CASAS GRANDES,438.81,531.42,-92.61,0
2020-11-27,2,CASAS GRANDES,423.25,509.26,-86.02,0
2020-11-27,3,CASAS GRANDES,414.79,488.16,-73.37,0
2020-11-27,4,CASAS GRANDES,410.99,482.5,-71.51,0
2020-11-27,5,CASAS GRANDES,417.47,486.96,-69.49,0
2020-11-27,6,CASAS GRANDES,417.65,491.07,-73.42,0
2020-11-27,7,CASAS GRANDES,418.19,510.12,-91.93,0
2020-11-27,8,CASAS GRANDES,428.56,519.28,-90.72,0
2020-11-27,9,CASAS GRANDES,422.29,510.65,-88.36,0
2020-11-27,10,CASAS GRANDES,415.18,527.49,-112.31,0
2020-11-27,11,CASAS GRANDES,416.79,526.67,-109.89,0
2020-11-27,12,CASAS GRANDES,430.51,536.37,-105.86,0
2020-11-27,13,CASAS GRANDES,434.47,547.07,-112.6,0
2020-11-27,14,CASAS GRANDES,424.15,546.07,-121.92,0
2020-11-27,15,CASAS GRANDES,485.95,633.7,-147.75,0
2020-11-27,16,CASAS GRANDES,487.67,634.72,-147.05,0
2020-11-27,17,CASAS GRANDES,513.95,766.54,-203.21,-49.39
2020-11-27,18,CASAS GRANDES,482.19,857.91,-158,-217.72
2020-11-27,19,CASAS GRANDES,567.73,1061.04,-171.37,-321.94
2020-11-27,20,CASAS GRANDES,507.29,1027.46,-217.9,-302.27
2020-11-27,21,CASAS GRANDES,515.89,868.15,-183.43,-168.84
2020-11-27,22,CASAS GRANDES,520.42,852.09,-188.1,-143.58
2020-11-27,23,CASAS GRANDES,467.32,746.2,-164.83,-114.05
2020-11-27,24,CASAS GRANDES,464.67,841.35,-188.15,-188.53
2020-11-27,1,CELAYA,539.11,531.42,7.69,0
2020-11-27,2,CELAYA,515.99,509.26,6.73,0
2020-11-27,3,CELAYA,494.06,488.16,5.9,0
2020-11-27,4,CELAYA,488.68,482.5,6.19,0
2020-11-27,5,CELAYA,493.32,486.96,6.36,0
2020-11-27,6,CELAYA,497.6,491.07,6.54,0
2020-11-27,7,CELAYA,516.53,510.12,6.41,0
2020-11-27,8,CELAYA,526.63,519.28,7.36,0
2020-11-27,9,CELAYA,517.41,510.65,6.76,0
2020-11-27,10,CELAYA,534.15,527.49,6.66,0
2020-11-27,11,CELAYA,533.39,526.67,6.72,0
2020-11-27,12,CELAYA,543.72,536.37,7.35,0
2020-11-27,13,CELAYA,555.12,547.07,8.05,0
2020-11-27,14,CELAYA,553.85,546.07,7.77,0
2020-11-27,15,CELAYA,641,633.7,7.3,0
2020-11-27,16,CELAYA,643.19,634.72,8.47,0
2020-11-27,17,CELAYA,778.46,766.54,9.77,2.15
2020-11-27,18,CELAYA,880.98,857.91,13.61,9.47
2020-11-27,19,CELAYA,1092.1,1061.04,16.27,14.79
2020-11-27,20,CELAYA,1056.66,1027.46,15.36,13.84
2020-11-27,21,CELAYA,888.31,868.15,12.43,7.72
2020-11-27,22,CELAYA,868.07,852.09,9.6,6.38
2020-11-27,23,CELAYA,752.92,746.2,8.26,-1.54
2020-11-27,24,CELAYA,857.36,841.35,9.67,6.34
2020-11-27,1,CENTRO ORIENTE,549.44,531.42,18.02,0
2020-11-27,2,CENTRO ORIENTE,525.59,509.26,16.33,0
2020-11-27,3,CENTRO ORIENTE,504.41,488.16,16.25,0
2020-11-27,4,CENTRO ORIENTE,496.62,482.5,14.13,0
2020-11-27,5,CENTRO ORIENTE,501.41,486.96,14.45,0
2020-11-27,6,CENTRO ORIENTE,506.62,491.07,15.55,0
2020-11-27,7,CENTRO ORIENTE,528.22,510.12,18.1,0
2020-11-27,8,CENTRO ORIENTE,536.98,519.28,17.7,0
2020-11-27,9,CENTRO ORIENTE,530.36,510.65,19.7,0
2020-11-27,10,CENTRO ORIENTE,549.5,527.49,22.01,0
2020-11-27,11,CENTRO ORIENTE,548.58,526.67,21.91,0
2020-11-27,12,CENTRO ORIENTE,558.39,536.37,22.03,0
2020-11-27,13,CENTRO ORIENTE,569.1,547.07,22.03,0
2020-11-27,14,CENTRO ORIENTE,568.96,546.07,22.89,0
2020-11-27,15,CENTRO ORIENTE,664.59,633.7,30.89,0
2020-11-27,16,CENTRO ORIENTE,665.02,634.71,30.3,0
2020-11-27,17,CENTRO ORIENTE,800.75,766.54,36.92,-2.71
2020-11-27,18,CENTRO ORIENTE,881.38,857.91,35.43,-11.96
2020-11-27,19,CENTRO ORIENTE,1089.93,1061.04,47.68,-18.8
2020-11-27,20,CENTRO ORIENTE,1059.08,1027.46,49.27,-17.66
2020-11-27,21,CENTRO ORIENTE,899.65,868.15,41.36,-9.86
2020-11-27,22,CENTRO ORIENTE,887.07,852.09,43.35,-8.36
2020-11-27,23,CENTRO ORIENTE,828.18,746.2,37.83,44.15
2020-11-27,24,CENTRO ORIENTE,872.97,841.35,39.54,-7.92
2020-11-27,1,CENTRO SUR,560.27,531.42,28.85,0
2020-11-27,2,CENTRO SUR,535.04,509.26,25.77,0
2020-11-27,3,CENTRO SUR,513.74,488.16,25.59,0
2020-11-27,4,CENTRO SUR,506.21,482.5,23.72,0
2020-11-27,5,CENTRO SUR,511.04,486.96,24.08,0
2020-11-27,6,CENTRO SUR,516.64,491.07,25.57,0
2020-11-27,7,CENTRO SUR,538.2,510.12,28.08,0
2020-11-27,8,CENTRO SUR,547.57,519.28,28.29,0
2020-11-27,9,CENTRO SUR,541.01,510.65,30.36,0
2020-11-27,10,CENTRO SUR,560.45,527.49,32.96,0
2020-11-27,11,CENTRO SUR,558.98,526.67,32.31,0
2020-11-27,12,CENTRO SUR,568.63,536.37,32.26,0
2020-11-27,13,CENTRO SUR,580.4,547.07,33.33,0
2020-11-27,14,CENTRO SUR,579.63,546.07,33.56,0
2020-11-27,15,CENTRO SUR,676.97,633.7,43.27,0
2020-11-27,16,CENTRO SUR,677.71,634.72,42.99,0
2020-11-27,17,CENTRO SUR,816.12,766.54,51.43,-1.85
2020-11-27,18,CENTRO SUR,901.35,857.91,51.62,-8.18
2020-11-27,19,CENTRO SUR,1112.87,1061.04,64.75,-12.92
2020-11-27,20,CENTRO SUR,1078.78,1027.46,63.45,-12.13
2020-11-27,21,CENTRO SUR,914.81,868.15,53.4,-6.74
2020-11-27,22,CENTRO SUR,902.96,852.09,56.6,-5.73
2020-11-27,23,CENTRO SUR,834.21,746.2,50.97,37.04
2020-11-27,24,CENTRO SUR,892.46,841.35,56.38,-5.27
2020-11-27,1,CHETUMAL,586,531.42,54.58,0
2020-11-27,2,CHETUMAL,552.86,509.26,43.6,0
2020-11-27,3,CHETUMAL,529.42,488.16,41.26,0
2020-11-27,4,CHETUMAL,513.7,482.5,31.2,0
2020-11-27,5,CHETUMAL,517.94,486.96,30.99,0
2020-11-27,6,CHETUMAL,526.18,491.07,35.12,0
2020-11-27,7,CHETUMAL,544.25,510.12,34.13,0
2020-11-27,8,CHETUMAL,552.21,519.28,32.94,0
2020-11-27,9,CHETUMAL,548.6,510.65,37.95,0
2020-11-27,10,CHETUMAL,574.96,527.49,47.47,0
2020-11-27,11,CHETUMAL,580.99,526.67,54.32,0
2020-11-27,12,CHETUMAL,593.64,536.37,57.27,0
2020-11-27,13,CHETUMAL,605.51,547.07,58.44,0
2020-11-27,14,CHETUMAL,594.93,546.07,48.86,0
2020-11-27,15,CHETUMAL,692.19,633.7,58.49,0
2020-11-27,16,CHETUMAL,694.19,634.71,59.47,0
2020-11-27,17,CHETUMAL,835.65,766.54,72.59,-3.47
2020-11-27,18,CHETUMAL,918.16,857.91,75.58,-15.33
2020-11-27,19,CHETUMAL,1127.35,1061.04,90.28,-23.97
2020-11-27,20,CHETUMAL,1087.18,1027.46,82.25,-22.53
2020-11-27,21,CHETUMAL,929.27,868.15,73.48,-12.36
2020-11-27,22,CHETUMAL,944.05,852.09,102.47,-10.5
2020-11-27,23,CHETUMAL,907,746.2,104.35,56.44
2020-11-27,24,CHETUMAL,944.7,841.35,113.58,-10.23
2020-11-27,1,CHIHUAHUA,451.36,531.42,-80.06,0
2020-11-27,2,CHIHUAHUA,434.98,509.26,-74.28,0
2020-11-27,3,CHIHUAHUA,424.25,488.16,-63.91,0
2020-11-27,4,CHIHUAHUA,420.24,482.5,-62.26,0
2020-11-27,5,CHIHUAHUA,427.67,486.96,-59.29,0
2020-11-27,6,CHIHUAHUA,428.08,491.07,-62.99,0
2020-11-27,7,CHIHUAHUA,430.85,510.12,-79.27,0
2020-11-27,8,CHIHUAHUA,441.78,519.28,-77.5,0
2020-11-27,9,CHIHUAHUA,436.77,510.65,-73.89,0
2020-11-27,10,CHIHUAHUA,434.3,527.49,-93.19,0
2020-11-27,11,CHIHUAHUA,431.99,526.67,-94.68,0
2020-11-27,12,CHIHUAHUA,445.03,536.37,-91.34,0
2020-11-27,13,CHIHUAHUA,449.7,547.07,-97.36,0
2020-11-27,14,CHIHUAHUA,437.87,546.07,-108.2,0
2020-11-27,15,CHIHUAHUA,504.17,633.7,-129.53,0
2020-11-27,16,CHIHUAHUA,505.84,634.71,-128.87,0
2020-11-27,17,CHIHUAHUA,531.92,766.54,-180.55,-54.07
2020-11-27,18,CHIHUAHUA,480.34,857.91,-139.04,-238.53
2020-11-27,19,CHIHUAHUA,541.96,1061.04,-158.17,-360.91
2020-11-27,20,CHIHUAHUA,504.7,1027.46,-183.6,-339.16
2020-11-27,21,CHIHUAHUA,522.06,868.15,-156.65,-189.44
2020-11-27,22,CHIHUAHUA,530.43,852.09,-160.61,-161.05
2020-11-27,23,CHIHUAHUA,488.48,746.2,-140.18,-117.55
2020-11-27,24,CHIHUAHUA,493.75,841.35,-160.55,-187.05
2020-11-27,1,CHILPANCINGO,583.98,531.42,52.56,0
2020-11-27,2,CHILPANCINGO,556.44,509.26,47.18,0
2020-11-27,3,CHILPANCINGO,532.87,488.16,44.71,0
2020-11-27,4,CHILPANCINGO,525.37,482.5,42.88,0
2020-11-27,5,CHILPANCINGO,530.14,486.96,43.18,0
2020-11-27,6,CHILPANCINGO,536.19,491.07,45.12,0
2020-11-27,7,CHILPANCINGO,557.37,510.12,47.24,0
2020-11-27,8,CHILPANCINGO,565.44,519.28,46.16,0
2020-11-27,9,CHILPANCINGO,560.11,510.65,49.46,0
2020-11-27,10,CHILPANCINGO,580.66,527.49,53.17,0
2020-11-27,11,CHILPANCINGO,580.2,526.67,53.53,0
2020-11-27,12,CHILPANCINGO,590.77,536.37,54.4,0
2020-11-27,13,CHILPANCINGO,604.08,547.07,57.02,0
2020-11-27,14,CHILPANCINGO,609.89,546.07,63.81,0
2020-11-27,15,CHILPANCINGO,712.11,633.7,78.41,0
2020-11-27,16,CHILPANCINGO,712.63,634.71,77.92,0
2020-11-27,17,CHILPANCINGO,857.75,766.54,93.22,-2.01
2020-11-27,18,CHILPANCINGO,942.48,857.91,93.45,-8.88
2020-11-27,19,CHILPANCINGO,1156.4,1061.04,109.37,-14.01
2020-11-27,20,CHILPANCINGO,1125.25,1027.46,110.95,-13.16
2020-11-27,21,CHILPANCINGO,957.76,868.15,96.91,-7.31
2020-11-27,22,CHILPANCINGO,947.63,852.09,101.76,-6.21
2020-11-27,23,CHILPANCINGO,887.99,746.2,101.13,40.66
2020-11-27,24,CHILPANCINGO,947.94,841.35,112.18,-5.59
2020-11-27,1,CHONTALPA,554.77,531.42,23.35,0
2020-11-27,2,CHONTALPA,525.7,509.26,16.44,0
2020-11-27,3,CHONTALPA,502.62,488.16,14.47,0
2020-11-27,4,CHONTALPA,489.17,482.5,6.68,0
2020-11-27,5,CHONTALPA,493.52,486.96,6.56,0
2020-11-27,6,CHONTALPA,500.18,491.07,9.12,0
2020-11-27,7,CHONTALPA,518.49,510.12,8.37,0
2020-11-27,8,CHONTALPA,524.14,519.28,4.87,0
2020-11-27,9,CHONTALPA,517.83,510.65,7.17,0
2020-11-27,10,CHONTALPA,539.4,527.49,11.91,0
2020-11-27,11,CHONTALPA,541.76,526.67,15.09,0
2020-11-27,12,CHONTALPA,552.55,536.37,16.18,0
2020-11-27,13,CHONTALPA,565.37,547.07,18.3,0
2020-11-27,14,CHONTALPA,561.93,546.07,15.86,0
2020-11-27,15,CHONTALPA,653.72,633.7,20.02,0
2020-11-27,16,CHONTALPA,655.64,634.71,20.92,0
2020-11-27,17,CHONTALPA,791.05,766.54,27.98,-3.47
2020-11-27,18,CHONTALPA,866.15,857.91,23.57,-15.33
2020-11-27,19,CHONTALPA,1060.16,1061.04,23.1,-23.97
2020-11-27,20,CHONTALPA,1026.76,1027.46,21.83,-22.53
2020-11-27,21,CHONTALPA,881.6,868.15,25.81,-12.36
2020-11-27,22,CHONTALPA,899.45,852.09,57.86,-10.5
2020-11-27,23,CHONTALPA,868.78,746.2,66.13,56.44
2020-11-27,24,CHONTALPA,904.39,841.35,73.27,-10.23
2020-11-27,1,CIENEGA,545.37,531.42,13.95,0
2020-11-27,2,CIENEGA,520.33,509.26,11.07,0
2020-11-27,3,CIENEGA,495.25,488.16,7.09,0
2020-11-27,4,CIENEGA,491.29,482.5,8.8,0
2020-11-27,5,CIENEGA,495.18,486.96,8.22,0
2020-11-27,6,CIENEGA,500.15,491.07,9.09,0
2020-11-27,7,CIENEGA,518.58,510.12,8.46,0
2020-11-27,8,CIENEGA,530.51,519.28,11.23,0
2020-11-27,9,CIENEGA,521.56,510.65,10.91,0
2020-11-27,10,CIENEGA,539.5,527.49,12.01,0
2020-11-27,11,CIENEGA,538.8,526.67,12.13,0
2020-11-27,12,CIENEGA,550.66,536.37,14.3,0
2020-11-27,13,CIENEGA,562.42,547.07,15.36,0
2020-11-27,14,CIENEGA,559.66,546.07,13.59,0
2020-11-27,15,CIENEGA,646.95,633.7,13.25,0
2020-11-27,16,CIENEGA,649.3,634.71,14.59,0
2020-11-27,17,CIENEGA,785.6,766.54,15.69,3.38
2020-11-27,18,CIENEGA,894.06,857.91,21.23,14.92
2020-11-27,19,CIENEGA,1092.89,1061.04,9.73,22.12
2020-11-27,20,CIENEGA,1058.89,1027.46,10.66,20.76
2020-11-27,21,CIENEGA,894.48,868.15,14.75,11.58
2020-11-27,22,CIENEGA,871.7,852.09,9.78,9.84
2020-11-27,23,CIENEGA,745.08,746.2,4.81,-5.93
2020-11-27,24,CIENEGA,864.61,841.35,11.69,11.57
2020-11-27,1,COATZACOALCOS,552.34,531.42,20.92,0
2020-11-27,2,COATZACOALCOS,524.74,509.26,15.47,0
2020-11-27,3,COATZACOALCOS,502.14,488.16,13.98,0
2020-11-27,4,COATZACOALCOS,490.11,482.5,7.61,0
2020-11-27,5,COATZACOALCOS,495.09,486.96,8.13,0
2020-11-27,6,COATZACOALCOS,502.01,491.07,10.94,0
2020-11-27,7,COATZACOALCOS,521.8,510.12,11.67,0
2020-11-27,8,COATZACOALCOS,528.33,519.28,9.05,0
2020-11-27,9,COATZACOALCOS,521.82,510.65,11.16,0
2020-11-27,10,COATZACOALCOS,542.38,527.49,14.89,0
2020-11-27,11,COATZACOALCOS,543.8,526.67,17.13,0
2020-11-27,12,COATZACOALCOS,555.04,536.37,18.67,0
2020-11-27,13,COATZACOALCOS,567.14,547.07,20.07,0
2020-11-27,14,COATZACOALCOS,563.76,546.07,17.69,0
2020-11-27,15,COATZACOALCOS,656.26,633.7,22.57,0
2020-11-27,16,COATZACOALCOS,657.87,634.72,23.16,0
2020-11-27,17,COATZACOALCOS,794,766.54,30.93,-3.48
2020-11-27,18,COATZACOALCOS,868.43,857.91,25.86,-15.34
2020-11-27,19,COATZACOALCOS,1058.78,1061.04,21.74,-24
2020-11-27,20,COATZACOALCOS,1024.34,1027.46,19.44,-22.56
2020-11-27,21,COATZACOALCOS,878.75,868.15,22.97,-12.37
2020-11-27,22,COATZACOALCOS,893.46,852.09,51.89,-10.52
2020-11-27,23,COATZACOALCOS,862.74,746.2,60.04,56.5
2020-11-27,24,COATZACOALCOS,898.8,841.35,67.7,-10.24
2020-11-27,1,COLIMA,546.5,531.42,15.08,0
2020-11-27,2,COLIMA,520.89,509.26,11.63,0
2020-11-27,3,COLIMA,494.5,488.16,6.34,0
2020-11-27,4,COLIMA,491.88,482.5,9.38,0
2020-11-27,5,COLIMA,494.99,486.96,8.03,0
2020-11-27,6,COLIMA,499.97,491.07,8.91,0
2020-11-27,7,COLIMA,517.7,510.12,7.58,0
2020-11-27,8,COLIMA,528.95,519.28,9.67,0
2020-11-27,9,COLIMA,520.73,510.65,10.08,0
2020-11-27,10,COLIMA,539.76,527.49,12.27,0
2020-11-27,11,COLIMA,539.32,526.67,12.65,0
2020-11-27,12,COLIMA,552.7,536.37,16.33,0
2020-11-27,13,COLIMA,561.81,547.07,14.74,0
2020-11-27,14,COLIMA,559.22,546.07,13.15,0
2020-11-27,15,COLIMA,646.96,633.7,13.26,0
2020-11-27,16,COLIMA,650.27,634.71,15.56,0
2020-11-27,17,COLIMA,782.91,766.54,13.33,3.04
2020-11-27,18,COLIMA,888.07,857.91,16.75,13.41
2020-11-27,19,COLIMA,1081.36,1061.04,.62,19.7
2020-11-27,20,COLIMA,1045.92,1027.46,-.05,18.51
2020-11-27,21,COLIMA,885.28,868.15,6.79,10.34
2020-11-27,22,COLIMA,863.7,852.09,2.83,8.79
2020-11-27,23,COLIMA,742.86,746.2,1.22,-4.56
2020-11-27,24,COLIMA,861.23,841.35,9.3,10.59
2020-11-27,1,CORDOBA,547.84,531.42,16.42,0
2020-11-27,2,CORDOBA,522.34,509.26,13.08,0
2020-11-27,3,CORDOBA,500.31,488.16,12.15,0
2020-11-27,4,CORDOBA,490.36,482.5,7.86,0
2020-11-27,5,CORDOBA,495.29,486.96,8.33,0
2020-11-27,6,CORDOBA,501.18,491.07,10.11,0
2020-11-27,7,CORDOBA,522.11,510.12,11.98,0
2020-11-27,8,CORDOBA,529.37,519.28,10.1,0
2020-11-27,9,CORDOBA,522.45,510.65,11.8,0
2020-11-27,10,CORDOBA,543.92,527.49,16.43,0
2020-11-27,11,CORDOBA,543.8,526.67,17.13,0
2020-11-27,12,CORDOBA,553.93,536.37,17.56,0
2020-11-27,13,CORDOBA,564.99,547.07,17.92,0
2020-11-27,14,CORDOBA,563.22,546.07,17.15,0
2020-11-27,15,CORDOBA,656.53,633.7,22.83,0
2020-11-27,16,CORDOBA,657.58,634.71,22.87,0
2020-11-27,17,CORDOBA,792.37,766.54,29.57,-3.73
2020-11-27,18,CORDOBA,868,857.91,26.54,-16.46
2020-11-27,19,CORDOBA,1068.11,1061.04,32.78,-25.71
2020-11-27,20,CORDOBA,1036.4,1027.46,33.09,-24.15
2020-11-27,21,CORDOBA,884.34,868.15,29.8,-13.61
2020-11-27,22,CORDOBA,882.62,852.09,42.11,-11.58
2020-11-27,23,CORDOBA,849.4,746.2,41.8,61.4
2020-11-27,24,CORDOBA,874.74,841.35,44.67,-11.28
2020-11-27,1,CUAUHTEMOC,469.29,531.42,-62.14,0
2020-11-27,2,CUAUHTEMOC,452.18,509.26,-57.09,0
2020-11-27,3,CUAUHTEMOC,440.64,488.16,-47.52,0
2020-11-27,4,CUAUHTEMOC,436.25,482.5,-46.24,0
2020-11-27,5,CUAUHTEMOC,444.17,486.96,-42.79,0
2020-11-27,6,CUAUHTEMOC,444.72,491.07,-46.35,0
2020-11-27,7,CUAUHTEMOC,448.09,510.12,-62.04,0
2020-11-27,8,CUAUHTEMOC,459.09,519.28,-60.19,0
2020-11-27,9,CUAUHTEMOC,453.96,510.65,-56.7,0
2020-11-27,10,CUAUHTEMOC,452.98,527.49,-74.52,0
2020-11-27,11,CUAUHTEMOC,450.66,526.67,-76.01,0
2020-11-27,12,CUAUHTEMOC,462.58,536.37,-73.79,0
2020-11-27,13,CUAUHTEMOC,468.4,547.07,-78.66,0
2020-11-27,14,CUAUHTEMOC,456.84,546.07,-89.23,0
2020-11-27,15,CUAUHTEMOC,527.28,633.7,-106.42,0
2020-11-27,16,CUAUHTEMOC,529.59,634.72,-105.13,0
2020-11-27,17,CUAUHTEMOC,560.32,766.54,-152.01,-54.22
2020-11-27,18,CUAUHTEMOC,511.24,857.91,-107.47,-239.2
2020-11-27,19,CUAUHTEMOC,576.93,1061.04,-122.02,-362.09
2020-11-27,20,CUAUHTEMOC,535.96,1027.46,-151.25,-340.25
2020-11-27,21,CUAUHTEMOC,548.41,868.15,-129.69,-190.05
2020-11-27,22,CUAUHTEMOC,556.36,852.09,-134.17,-161.56
2020-11-27,23,CUAUHTEMOC,511.06,746.2,-117.48,-117.66
2020-11-27,24,CUAUHTEMOC,520.74,841.35,-133.44,-187.17
2020-11-27,1,CUAUTLA,561.05,531.42,29.63,0
2020-11-27,2,CUAUTLA,535.45,509.26,26.18,0
2020-11-27,3,CUAUTLA,513.05,488.16,24.89,0
2020-11-27,4,CUAUTLA,505.98,482.5,23.48,0
2020-11-27,5,CUAUTLA,510.82,486.96,23.87,0
2020-11-27,6,CUAUTLA,516.68,491.07,25.61,0
2020-11-27,7,CUAUTLA,539.05,510.12,28.93,0
2020-11-27,8,CUAUTLA,545.96,519.28,26.69,0
2020-11-27,9,CUAUTLA,539.15,510.65,28.5,0
2020-11-27,10,CUAUTLA,559.69,527.49,32.2,0
2020-11-27,11,CUAUTLA,559.17,526.67,32.5,0
2020-11-27,12,CUAUTLA,569.46,536.37,33.09,0
2020-11-27,13,CUAUTLA,580.79,547.07,33.73,0
2020-11-27,14,CUAUTLA,580.67,546.07,34.6,0
2020-11-27,15,CUAUTLA,677.82,633.7,44.12,0
2020-11-27,16,CUAUTLA,678.75,634.71,44.04,0
2020-11-27,17,CUAUTLA,817.9,766.54,54.32,-2.96
2020-11-27,18,CUAUTLA,899.06,857.91,54.21,-13.06
2020-11-27,19,CUAUTLA,1108.83,1061.04,68.25,-20.46
2020-11-27,20,CUAUTLA,1075.94,1027.46,67.71,-19.23
2020-11-27,21,CUAUTLA,915.62,868.15,58.16,-10.69
2020-11-27,22,CUAUTLA,908.24,852.09,65.25,-9.09
2020-11-27,23,CUAUTLA,857.24,746.2,62.44,48.6
2020-11-27,24,CUAUTLA,900.43,841.35,67.49,-8.42
2020-11-27,1,CUERNAVACA,559.3,531.42,27.88,0
2020-11-27,2,CUERNAVACA,533.55,509.26,24.29,0
2020-11-27,3,CUERNAVACA,511.26,488.16,23.1,0
2020-11-27,4,CUERNAVACA,504.06,482.5,21.57,0
2020-11-27,5,CUERNAVACA,508.99,486.96,22.03,0
2020-11-27,6,CUERNAVACA,514.91,491.07,23.85,0
2020-11-27,7,CUERNAVACA,536.65,510.12,26.53,0
2020-11-27,8,CUERNAVACA,543.75,519.28,24.48,0
2020-11-27,9,CUERNAVACA,537.42,510.65,26.76,0
2020-11-27,10,CUERNAVACA,557.92,527.49,30.43,0
2020-11-27,11,CUERNAVACA,557.4,526.67,30.73,0
2020-11-27,12,CUERNAVACA,567.8,536.37,31.43,0
2020-11-27,13,CUERNAVACA,579.39,547.07,32.33,0
2020-11-27,14,CUERNAVACA,580.22,546.07,34.15,0
2020-11-27,15,CUERNAVACA,677.6,633.7,43.9,0
2020-11-27,16,CUERNAVACA,678.36,634.71,43.65,0
2020-11-27,17,CUERNAVACA,817.14,766.54,53.39,-2.79
2020-11-27,18,CUERNAVACA,898.19,857.91,52.59,-12.31
2020-11-27,19,CUERNAVACA,1105.21,1061.04,63.48,-19.31
2020-11-27,20,CUERNAVACA,1072.14,1027.46,62.82,-18.15
2020-11-27,21,CUERNAVACA,912.44,868.15,54.38,-10.09
2020-11-27,22,CUERNAVACA,904.98,852.09,61.47,-8.58
2020-11-27,23,CUERNAVACA,853.86,746.2,60.52,47.14
2020-11-27,24,CUERNAVACA,899.02,841.35,65.63,-7.96
2020-11-27,1,CULIACAN,479.98,531.42,-51.44,0
2020-11-27,2,CULIACAN,457.64,509.26,-51.63,0
2020-11-27,3,CULIACAN,439.81,488.16,-48.35,0
2020-11-27,4,CULIACAN,435.33,482.5,-47.17,0
2020-11-27,5,CULIACAN,437.68,486.96,-49.28,0
2020-11-27,6,CULIACAN,440.72,491.07,-50.35,0
2020-11-27,7,CULIACAN,449.42,510.12,-60.7,0
2020-11-27,8,CULIACAN,460.43,519.28,-58.84,0
2020-11-27,9,CULIACAN,450.92,510.65,-59.73,0
2020-11-27,10,CULIACAN,459.01,527.49,-68.49,0
2020-11-27,11,CULIACAN,463.86,526.67,-62.81,0
2020-11-27,12,CULIACAN,473.99,536.37,-62.38,0
2020-11-27,13,CULIACAN,485.67,547.07,-61.4,0
2020-11-27,14,CULIACAN,481.55,546.07,-64.52,0
2020-11-27,15,CULIACAN,555.61,633.7,-78.09,0
2020-11-27,16,CULIACAN,556.69,634.71,-78.02,0
2020-11-27,17,CULIACAN,645.14,766.54,-100.3,-21.1
2020-11-27,18,CULIACAN,669.77,857.91,-95.01,-93.13
2020-11-27,19,CULIACAN,802.31,1061.04,-106.19,-152.54
2020-11-27,20,CULIACAN,748.37,1027.46,-135.66,-143.44
2020-11-27,21,CULIACAN,687,868.15,-101.04,-80.12
2020-11-27,22,CULIACAN,679.73,852.09,-104.25,-68.11
2020-11-27,23,CULIACAN,543.49,746.2,-104.02,-98.69
2020-11-27,24,CULIACAN,686.55,841.35,-109.37,-45.43
2020-11-27,1,DURANGO,500.49,531.42,-30.93,0
2020-11-27,2,DURANGO,478.99,509.26,-30.28,0
2020-11-27,3,DURANGO,458.6,488.16,-29.56,0
2020-11-27,4,DURANGO,454.92,482.5,-27.58,0
2020-11-27,5,DURANGO,459.27,486.96,-27.69,0
2020-11-27,6,DURANGO,462.25,491.07,-28.82,0
2020-11-27,7,DURANGO,474.39,510.12,-35.73,0
2020-11-27,8,DURANGO,486.06,519.28,-33.22,0
2020-11-27,9,DURANGO,471.81,510.65,-38.84,0
2020-11-27,10,DURANGO,480.47,527.49,-47.02,0
2020-11-27,11,DURANGO,478.54,526.67,-48.13,0
2020-11-27,12,DURANGO,489.07,536.37,-47.3,0
2020-11-27,13,DURANGO,502.16,547.07,-44.91,0
2020-11-27,14,DURANGO,495.83,546.07,-50.25,0
2020-11-27,15,DURANGO,573.92,633.7,-59.78,0
2020-11-27,16,DURANGO,576.83,634.71,-57.89,0
2020-11-27,17,DURANGO,659.89,766.54,-76.44,-30.21
2020-11-27,18,DURANGO,663.18,857.91,-61.44,-133.29
2020-11-27,19,DURANGO,778.39,1061.04,-73.16,-209.48
2020-11-27,20,DURANGO,750.07,1027.46,-80.48,-196.91
2020-11-27,21,DURANGO,698.62,868.15,-59.55,-109.99
2020-11-27,22,DURANGO,693.53,852.09,-65.06,-93.5
2020-11-27,23,DURANGO,585.5,746.2,-65.07,-95.63
2020-11-27,24,DURANGO,687.25,841.35,-68.19,-85.91
2020-11-27,1,FRESNILLO,513.47,531.42,-17.95,0
2020-11-27,2,FRESNILLO,492.98,509.26,-16.29,0
2020-11-27,3,FRESNILLO,471.49,488.16,-16.67,0
2020-11-27,4,FRESNILLO,467.68,482.5,-14.82,0
2020-11-27,5,FRESNILLO,473.03,486.96,-13.93,0
2020-11-27,6,FRESNILLO,477.26,491.07,-13.81,0
2020-11-27,7,FRESNILLO,492.38,510.12,-17.75,0
2020-11-27,8,FRESNILLO,503.97,519.28,-15.31,0
2020-11-27,9,FRESNILLO,493.01,510.65,-17.65,0
2020-11-27,10,FRESNILLO,506.18,527.49,-21.31,0
2020-11-27,11,FRESNILLO,503.29,526.67,-23.38,0
2020-11-27,12,FRESNILLO,514.24,536.37,-22.13,0
2020-11-27,13,FRESNILLO,526.4,547.07,-20.67,0
2020-11-27,14,FRESNILLO,522.92,546.07,-23.16,0
2020-11-27,15,FRESNILLO,603.66,633.7,-30.04,0
2020-11-27,16,FRESNILLO,603.08,634.72,-31.64,0
2020-11-27,17,FRESNILLO,675.6,766.54,-42.41,-48.53
2020-11-27,18,FRESNILLO,1010.25,857.91,-28.17,180.51
2020-11-27,19,FRESNILLO,1311.9,1061.04,-34.46,285.33
2020-11-27,20,FRESNILLO,1259.52,1027.46,-33.05,265.11
2020-11-27,21,FRESNILLO,991.42,868.15,-26.51,149.78
2020-11-27,22,FRESNILLO,950.59,852.09,-30.97,129.47
2020-11-27,23,FRESNILLO,708.08,746.2,-32.67,-5.45
2020-11-27,24,FRESNILLO,931.08,841.35,-36.26,126
2020-11-27,1,GUADALAJARA,540.49,531.42,9.07,0
2020-11-27,2,GUADALAJARA,515.75,509.26,6.48,0
2020-11-27,3,GUADALAJARA,490.99,488.16,2.83,0
2020-11-27,4,GUADALAJARA,487.16,482.5,4.66,0
2020-11-27,5,GUADALAJARA,491.02,486.96,4.06,0
2020-11-27,6,GUADALAJARA,495.66,491.07,4.59,0
2020-11-27,7,GUADALAJARA,513.6,510.12,3.47,0
2020-11-27,8,GUADALAJARA,525.24,519.28,5.97,0
2020-11-27,9,GUADALAJARA,515.92,510.65,5.27,0
2020-11-27,10,GUADALAJARA,533.27,527.49,5.78,0
2020-11-27,11,GUADALAJARA,532.96,526.67,6.29,0
2020-11-27,12,GUADALAJARA,544.83,536.37,8.46,0
2020-11-27,13,GUADALAJARA,556,547.07,8.93,0
2020-11-27,14,GUADALAJARA,553.54,546.07,7.46,0
2020-11-27,15,GUADALAJARA,639.88,633.7,6.18,0
2020-11-27,16,GUADALAJARA,641.98,634.72,7.27,0
2020-11-27,17,GUADALAJARA,776.08,766.54,6.51,3.03
2020-11-27,18,GUADALAJARA,882.29,857.91,11.02,13.37
2020-11-27,19,GUADALAJARA,1075.97,1061.04,-4.59,19.52
2020-11-27,20,GUADALAJARA,1042.54,1027.46,-3.25,18.33
2020-11-27,21,GUADALAJARA,882.65,868.15,4.24,10.25
2020-11-27,22,GUADALAJARA,860.47,852.09,-.33,8.71
2020-11-27,23,GUADALAJARA,735.66,746.2,-3.9,-6.65
2020-11-27,24,GUADALAJARA,855.31,841.35,3.13,10.83
2020-11-27,1,GUASAVE,456.5,531.42,-74.92,0
2020-11-27,2,GUASAVE,435.3,509.26,-73.96,0
2020-11-27,3,GUASAVE,420.42,488.16,-67.74,0
2020-11-27,4,GUASAVE,416.38,482.5,-66.12,0
2020-11-27,5,GUASAVE,418.43,486.96,-68.53,0
2020-11-27,6,GUASAVE,421.52,491.07,-69.54,0
2020-11-27,7,GUASAVE,427.79,510.12,-82.34,0
2020-11-27,8,GUASAVE,439.26,519.28,-80.02,0
2020-11-27,9,GUASAVE,430.71,510.65,-79.95,0
2020-11-27,10,GUASAVE,436.16,527.49,-91.34,0
2020-11-27,11,GUASAVE,442.38,526.67,-84.29,0
2020-11-27,12,GUASAVE,449.41,536.37,-86.96,0
2020-11-27,13,GUASAVE,461.12,547.07,-85.95,0
2020-11-27,14,GUASAVE,456.73,546.07,-89.34,0
2020-11-27,15,GUASAVE,526.19,633.7,-107.51,0
2020-11-27,16,GUASAVE,527.23,634.71,-107.49,0
2020-11-27,17,GUASAVE,607.73,766.54,-136.38,-22.43
2020-11-27,18,GUASAVE,629.13,857.91,-129.75,-99.02
2020-11-27,19,GUASAVE,759.88,1061.04,-137.74,-163.43
2020-11-27,20,GUASAVE,696.16,1027.46,-177.62,-153.68
2020-11-27,21,GUASAVE,646.91,868.15,-135.4,-85.85
2020-11-27,22,GUASAVE,642.22,852.09,-136.89,-72.98
2020-11-27,23,GUASAVE,511.94,746.2,-134.57,-99.69
2020-11-27,24,GUASAVE,649.73,841.35,-146.41,-45.21
2020-11-27,1,GUAYMAS,435.08,531.42,-96.34,0
2020-11-27,2,GUAYMAS,415.86,509.26,-93.41,0
2020-11-27,3,GUAYMAS,405.38,488.16,-82.77,0
2020-11-27,4,GUAYMAS,402.11,482.5,-80.39,0
2020-11-27,5,GUAYMAS,404.19,486.96,-82.77,0
2020-11-27,6,GUAYMAS,406.9,491.07,-84.16,0
2020-11-27,7,GUAYMAS,408.58,510.12,-101.55,0
2020-11-27,8,GUAYMAS,419.83,519.28,-99.45,0
2020-11-27,9,GUAYMAS,411.85,510.65,-98.8,0
2020-11-27,10,GUAYMAS,412.52,527.49,-114.97,0
2020-11-27,11,GUAYMAS,425.68,526.67,-100.99,0
2020-11-27,12,GUAYMAS,434.23,536.37,-102.14,0
2020-11-27,13,GUAYMAS,444.12,547.07,-102.95,0
2020-11-27,14,GUAYMAS,438.61,546.07,-107.46,0
2020-11-27,15,GUAYMAS,502.69,633.7,-131.01,0
2020-11-27,16,GUAYMAS,503.8,634.71,-130.91,0
2020-11-27,17,GUAYMAS,571.36,766.54,-167.92,-27.26
2020-11-27,18,GUAYMAS,580.89,857.91,-156.85,-120.17
2020-11-27,19,GUAYMAS,706.34,1061.04,-152.18,-202.52
2020-11-27,20,GUAYMAS,614.43,1027.46,-222.52,-190.52
2020-11-27,21,GUAYMAS,589.4,868.15,-172.33,-106.43
2020-11-27,22,GUAYMAS,585.88,852.09,-175.73,-90.48
2020-11-27,23,GUAYMAS,470.12,746.2,-172.82,-103.26
2020-11-27,24,GUAYMAS,456.97,841.35,-193.86,-190.52
2020-11-27,1,HERMOSILLO,428.22,531.42,-103.2,0
2020-11-27,2,HERMOSILLO,410.35,509.26,-98.91,0
2020-11-27,3,HERMOSILLO,401.02,488.16,-87.13,0
2020-11-27,4,HERMOSILLO,398.97,482.5,-83.53,0
2020-11-27,5,HERMOSILLO,402.19,486.96,-84.77,0
2020-11-27,6,HERMOSILLO,404.55,491.07,-86.52,0
2020-11-27,7,HERMOSILLO,404.59,510.12,-105.53,0
2020-11-27,8,HERMOSILLO,413.86,519.28,-105.41,0
2020-11-27,9,HERMOSILLO,406.6,510.65,-104.06,0
2020-11-27,10,HERMOSILLO,408.47,527.49,-119.02,0
2020-11-27,11,HERMOSILLO,421.68,526.67,-104.99,0
2020-11-27,12,HERMOSILLO,430.4,536.37,-105.97,0
2020-11-27,13,HERMOSILLO,438.7,547.07,-108.37,0
2020-11-27,14,HERMOSILLO,433.14,546.07,-112.94,0
2020-11-27,15,HERMOSILLO,495.54,633.7,-138.16,0
2020-11-27,16,HERMOSILLO,496.02,634.72,-138.7,0
2020-11-27,17,HERMOSILLO,558.63,766.54,-178.97,-28.94
2020-11-27,18,HERMOSILLO,565.42,857.91,-164.89,-127.6
2020-11-27,19,HERMOSILLO,682.3,1061.04,-162.56,-216.19
2020-11-27,20,HERMOSILLO,578.32,1027.46,-245.83,-203.32
2020-11-27,21,HERMOSILLO,560.81,868.15,-193.78,-113.56
2020-11-27,22,HERMOSILLO,558.93,852.09,-196.63,-96.54
2020-11-27,23,HERMOSILLO,454.1,746.2,-187.62,-104.49
2020-11-27,24,HERMOSILLO,440.09,841.35,-210.97,-190.29
2020-11-27,1,HUAJUAPAN,582.91,531.42,51.49,0
2020-11-27,2,HUAJUAPAN,554.58,509.26,45.32,0
2020-11-27,3,HUAJUAPAN,530.75,488.16,42.59,0
2020-11-27,4,HUAJUAPAN,519.83,482.5,37.34,0
2020-11-27,5,HUAJUAPAN,525.43,486.96,38.47,0
2020-11-27,6,HUAJUAPAN,533.21,491.07,42.14,0
2020-11-27,7,HUAJUAPAN,557.07,510.12,46.95,0
2020-11-27,8,HUAJUAPAN,565.58,519.28,46.3,0
2020-11-27,9,HUAJUAPAN,557.9,510.65,47.24,0
2020-11-27,10,HUAJUAPAN,579.82,527.49,52.33,0
2020-11-27,11,HUAJUAPAN,579.73,526.67,53.06,0
2020-11-27,12,HUAJUAPAN,590.83,536.37,54.46,0
2020-11-27,13,HUAJUAPAN,603.67,547.07,56.6,0
2020-11-27,14,HUAJUAPAN,602.82,546.07,56.75,0
2020-11-27,15,HUAJUAPAN,703.09,633.7,69.39,0
2020-11-27,16,HUAJUAPAN,704.27,634.71,69.56,0
2020-11-27,17,HUAJUAPAN,849.61,766.54,86.52,-3.44
2020-11-27,18,HUAJUAPAN,933.94,857.91,91.22,-15.19
2020-11-27,19,HUAJUAPAN,1166.57,1061.04,129.27,-23.75
2020-11-27,20,HUAJUAPAN,1137.12,1027.46,131.97,-22.31
2020-11-27,21,HUAJUAPAN,968.53,868.15,112.6,-12.23
2020-11-27,22,HUAJUAPAN,960.74,852.09,119.05,-10.4
2020-11-27,23,HUAJUAPAN,907.27,746.2,105.18,55.89
2020-11-27,24,HUAJUAPAN,941.56,841.35,110.33,-10.12
2020-11-27,1,HUASTECA,512.94,531.42,-18.48,0
2020-11-27,2,HUASTECA,494.73,509.26,-14.53,0
2020-11-27,3,HUASTECA,474.9,488.16,-13.26,0
2020-11-27,4,HUASTECA,470.63,482.5,-11.87,0
2020-11-27,5,HUASTECA,475.33,486.96,-11.63,0
2020-11-27,6,HUASTECA,478.92,491.07,-12.15,0
2020-11-27,7,HUASTECA,496.51,510.12,-13.62,0
2020-11-27,8,HUASTECA,502.95,519.28,-16.32,0
2020-11-27,9,HUASTECA,493.39,510.65,-17.27,0
2020-11-27,10,HUASTECA,508.15,527.49,-19.35,0
2020-11-27,11,HUASTECA,507.13,526.67,-19.54,0
2020-11-27,12,HUASTECA,515.6,536.37,-20.77,0
2020-11-27,13,HUASTECA,525.66,547.07,-21.41,0
2020-11-27,14,HUASTECA,525.18,546.07,-20.9,0
2020-11-27,15,HUASTECA,607.01,633.7,-26.68,0
2020-11-27,16,HUASTECA,607.53,634.71,-27.19,0
2020-11-27,17,HUASTECA,724.08,766.54,-32.51,-9.95
2020-11-27,18,HUASTECA,782.03,857.91,-32.03,-43.86
2020-11-27,19,HUASTECA,962.62,1061.04,-30.19,-68.22
2020-11-27,20,HUASTECA,937.06,1027.46,-26.29,-64.12
2020-11-27,21,HUASTECA,809.84,868.15,-22.45,-35.86
2020-11-27,22,HUASTECA,796.54,852.09,-25.04,-30.51
2020-11-27,23,HUASTECA,618.12,746.2,-25.74,-102.34
2020-11-27,24,HUASTECA,779.68,841.35,-31.85,-29.83
2020-11-27,1,HUATULCO,618.53,531.42,87.11,0
2020-11-27,2,HUATULCO,587.44,509.26,78.17,0
2020-11-27,3,HUATULCO,560.36,488.16,72.2,0
2020-11-27,4,HUATULCO,548.92,482.5,66.42,0
2020-11-27,5,HUATULCO,554.53,486.96,67.57,0
2020-11-27,6,HUATULCO,562.5,491.07,71.44,0
2020-11-27,7,HUATULCO,586.06,510.12,75.93,0
2020-11-27,8,HUATULCO,589.74,519.28,70.47,0
2020-11-27,9,HUATULCO,582.81,510.65,72.15,0
2020-11-27,10,HUATULCO,606.39,527.49,78.9,0
2020-11-27,11,HUATULCO,607.57,526.67,80.9,0
2020-11-27,12,HUATULCO,620.29,536.37,83.93,0
2020-11-27,13,HUATULCO,634.76,547.07,87.69,0
2020-11-27,14,HUATULCO,633.9,546.07,87.82,0
2020-11-27,15,HUATULCO,738.97,633.7,105.27,0
2020-11-27,16,HUATULCO,741.13,634.71,106.42,0
2020-11-27,17,HUATULCO,898.54,766.54,134.87,-2.87
2020-11-27,18,HUATULCO,988.32,857.91,143.07,-12.65
2020-11-27,19,HUATULCO,1247.76,1061.04,206.52,-19.8
2020-11-27,20,HUATULCO,1226.2,1027.46,217.29,-18.56
2020-11-27,21,HUATULCO,1048.49,868.15,190.47,-10.13
2020-11-27,22,HUATULCO,1043.19,852.09,199.73,-8.63
2020-11-27,23,HUATULCO,971.49,746.2,175.34,49.94
2020-11-27,24,HUATULCO,1023.33,841.35,190.23,-8.25
2020-11-27,1,HUEJUTLA,511.3,531.42,-20.12,0
2020-11-27,2,HUEJUTLA,492.6,509.26,-16.66,0
2020-11-27,3,HUEJUTLA,475.44,488.16,-12.72,0
2020-11-27,4,HUEJUTLA,467.68,482.5,-14.82,0
2020-11-27,5,HUEJUTLA,471.51,486.96,-15.45,0
2020-11-27,6,HUEJUTLA,475.53,491.07,-15.54,0
2020-11-27,7,HUEJUTLA,493.8,510.12,-16.33,0
2020-11-27,8,HUEJUTLA,500.9,519.28,-18.38,0
2020-11-27,9,HUEJUTLA,494.22,510.65,-16.44,0
2020-11-27,10,HUEJUTLA,507.74,527.49,-19.75,0
2020-11-27,11,HUEJUTLA,506.15,526.67,-20.52,0
2020-11-27,12,HUEJUTLA,514.55,536.37,-21.82,0
2020-11-27,13,HUEJUTLA,525.43,547.07,-21.64,0
2020-11-27,14,HUEJUTLA,531.14,546.07,-14.93,0
2020-11-27,15,HUEJUTLA,610.06,633.7,-23.64,0
2020-11-27,16,HUEJUTLA,607.2,634.71,-27.52,0
2020-11-27,17,HUEJUTLA,723.47,766.54,-31.41,-11.66
2020-11-27,18,HUEJUTLA,769.3,857.91,-37.17,-51.44
2020-11-27,19,HUEJUTLA,943.35,1061.04,-37.93,-79.76
2020-11-27,20,HUEJUTLA,920.97,1027.46,-31.55,-74.95
2020-11-27,21,HUEJUTLA,794.08,868.15,-31.98,-42.1
2020-11-27,22,HUEJUTLA,784.91,852.09,-31.39,-35.79
2020-11-27,23,HUEJUTLA,601.5,746.2,-28.59,-116.12
2020-11-27,24,HUEJUTLA,772.93,841.35,-33.6,-34.82
2020-11-27,1,IGUALA,579.38,531.42,47.96,0
2020-11-27,2,IGUALA,552.19,509.26,42.93,0
2020-11-27,3,IGUALA,528.86,488.16,40.71,0
2020-11-27,4,IGUALA,521.48,482.5,38.98,0
2020-11-27,5,IGUALA,526.34,486.96,39.38,0
2020-11-27,6,IGUALA,532.25,491.07,41.18,0
2020-11-27,7,IGUALA,553.15,510.12,43.02,0
2020-11-27,8,IGUALA,561.73,519.28,42.45,0
2020-11-27,9,IGUALA,556.25,510.65,45.59,0
2020-11-27,10,IGUALA,577.01,527.49,49.52,0
2020-11-27,11,IGUALA,576.75,526.67,50.08,0
2020-11-27,12,IGUALA,587.37,536.37,51,0
2020-11-27,13,IGUALA,600.41,547.07,53.34,0
2020-11-27,14,IGUALA,607.07,546.07,61,0
2020-11-27,15,IGUALA,709.16,633.7,75.46,0
2020-11-27,16,IGUALA,708.97,634.71,74.25,0
2020-11-27,17,IGUALA,854.28,766.54,89.85,-2.11
2020-11-27,18,IGUALA,935.48,857.91,86.86,-9.3
2020-11-27,19,IGUALA,1143.9,1061.04,97.52,-14.66
2020-11-27,20,IGUALA,1111.19,1027.46,97.52,-13.78
2020-11-27,21,IGUALA,946.82,868.15,86.33,-7.66
2020-11-27,22,IGUALA,938.84,852.09,93.27,-6.51
2020-11-27,23,IGUALA,883.21,746.2,95.6,41.41
2020-11-27,24,IGUALA,941.26,841.35,105.78,-5.88
2020-11-27,1,IRAPUATO,545.95,531.42,14.53,0
2020-11-27,2,IRAPUATO,522.39,509.26,13.13,0
2020-11-27,3,IRAPUATO,499.32,488.16,11.16,0
2020-11-27,4,IRAPUATO,494.05,482.5,11.55,0
2020-11-27,5,IRAPUATO,498.46,486.96,11.5,0
2020-11-27,6,IRAPUATO,503.11,491.07,12.04,0
2020-11-27,7,IRAPUATO,522.3,510.12,12.17,0
2020-11-27,8,IRAPUATO,533.06,519.28,13.79,0
2020-11-27,9,IRAPUATO,524.13,510.65,13.48,0
2020-11-27,10,IRAPUATO,540.96,527.49,13.47,0
2020-11-27,11,IRAPUATO,540.04,526.67,13.37,0
2020-11-27,12,IRAPUATO,550.88,536.37,14.51,0
2020-11-27,13,IRAPUATO,562.57,547.07,15.5,0
2020-11-27,14,IRAPUATO,560.78,546.07,14.71,0
2020-11-27,15,IRAPUATO,649.24,633.7,15.54,0
2020-11-27,16,IRAPUATO,650.61,634.71,15.9,0
2020-11-27,17,IRAPUATO,789.69,766.54,18.25,4.91
2020-11-27,18,IRAPUATO,903.5,857.91,23.93,21.66
2020-11-27,19,IRAPUATO,1124.01,1061.04,29.11,33.86
2020-11-27,20,IRAPUATO,1087.22,1027.46,27.91,31.85
2020-11-27,21,IRAPUATO,909.26,868.15,23.34,17.76
2020-11-27,22,IRAPUATO,887.76,852.09,20.57,15.1
2020-11-27,23,IRAPUATO,758.4,746.2,16.12,-3.92
2020-11-27,24,IRAPUATO,875.22,841.35,19.41,14.46
2020-11-27,1,IXMIQUILPAN,558.95,531.42,27.53,0
2020-11-27,2,IXMIQUILPAN,535.31,509.26,26.05,0
2020-11-27,3,IXMIQUILPAN,513.62,488.16,25.46,0
2020-11-27,4,IXMIQUILPAN,506.2,482.5,23.7,0
2020-11-27,5,IXMIQUILPAN,511.4,486.96,24.44,0
2020-11-27,6,IXMIQUILPAN,516.64,491.07,25.57,0
2020-11-27,7,IXMIQUILPAN,538.74,510.12,28.62,0
2020-11-27,8,IXMIQUILPAN,549.54,519.28,30.26,0
2020-11-27,9,IXMIQUILPAN,540.38,510.65,29.73,0
2020-11-27,10,IXMIQUILPAN,557.8,527.49,30.31,0
2020-11-27,11,IXMIQUILPAN,558.68,526.67,32.01,0
2020-11-27,12,IXMIQUILPAN,567.18,536.37,30.81,0
2020-11-27,13,IXMIQUILPAN,578.1,547.07,31.04,0
2020-11-27,14,IXMIQUILPAN,577.17,546.07,31.1,0
2020-11-27,15,IXMIQUILPAN,672.1,633.7,38.4,0
2020-11-27,16,IXMIQUILPAN,671.01,634.71,36.3,0
2020-11-27,17,IXMIQUILPAN,806.15,766.54,40.52,-.9
2020-11-27,18,IXMIQUILPAN,873.43,857.91,19.53,-4.01
2020-11-27,19,IXMIQUILPAN,1084.73,1061.04,29.77,-6.09
2020-11-27,20,IXMIQUILPAN,1054.15,1027.46,32.16,-5.47
2020-11-27,21,IXMIQUILPAN,893.39,868.15,28.25,-3.01
2020-11-27,22,IXMIQUILPAN,877.92,852.09,28.43,-2.6
2020-11-27,23,IXMIQUILPAN,791.41,746.2,23.05,22.16
2020-11-27,24,IXMIQUILPAN,869.28,841.35,30.53,-2.59
2020-11-27,1,IZUCAR,567.99,531.42,36.57,0
2020-11-27,2,IZUCAR,541.39,509.26,32.13,0
2020-11-27,3,IZUCAR,518.64,488.16,30.49,0
2020-11-27,4,IZUCAR,508.73,482.5,26.23,0
2020-11-27,5,IZUCAR,513.96,486.96,27,0
2020-11-27,6,IZUCAR,520.84,491.07,29.77,0
2020-11-27,7,IZUCAR,543.5,510.12,33.38,0
2020-11-27,8,IZUCAR,552.44,519.28,33.17,0
2020-11-27,9,IZUCAR,544.92,510.65,34.27,0
2020-11-27,10,IZUCAR,566.03,527.49,38.53,0
2020-11-27,11,IZUCAR,565.51,526.67,38.84,0
2020-11-27,12,IZUCAR,576.27,536.37,39.9,0
2020-11-27,13,IZUCAR,588.04,547.07,40.97,0
2020-11-27,14,IZUCAR,587.62,546.07,41.55,0
2020-11-27,15,IZUCAR,685.97,633.7,52.27,0
2020-11-27,16,IZUCAR,686.69,634.71,51.98,0
2020-11-27,17,IZUCAR,827.01,766.54,63.84,-3.37
2020-11-27,18,IZUCAR,908.64,857.91,65.58,-14.85
2020-11-27,19,IZUCAR,1124.9,1061.04,87.09,-23.23
2020-11-27,20,IZUCAR,1092.99,1027.46,87.36,-21.84
2020-11-27,21,IZUCAR,930.54,868.15,74.5,-12.11
2020-11-27,22,IZUCAR,924.23,852.09,82.43,-10.29
2020-11-27,23,IZUCAR,874.33,746.2,72.98,55.15
2020-11-27,24,IZUCAR,909.52,841.35,78.17,-10
2020-11-27,1,JIQUILPAN,545.31,531.42,13.89,0
2020-11-27,2,JIQUILPAN,520.24,509.26,10.97,0
2020-11-27,3,JIQUILPAN,494.35,488.16,6.19,0
2020-11-27,4,JIQUILPAN,490.31,482.5,7.81,0
2020-11-27,5,JIQUILPAN,494.07,486.96,7.11,0
2020-11-27,6,JIQUILPAN,499.17,491.07,8.11,0
2020-11-27,7,JIQUILPAN,517.55,510.12,7.42,0
2020-11-27,8,JIQUILPAN,529.34,519.28,10.07,0
2020-11-27,9,JIQUILPAN,521.79,510.65,11.13,0
2020-11-27,10,JIQUILPAN,541.56,527.49,14.07,0
2020-11-27,11,JIQUILPAN,540.44,526.67,13.77,0
2020-11-27,12,JIQUILPAN,551.63,536.37,15.26,0
2020-11-27,13,JIQUILPAN,563.36,547.07,16.29,0
2020-11-27,14,JIQUILPAN,560.44,546.07,14.37,0
2020-11-27,15,JIQUILPAN,649.04,633.7,15.34,0
2020-11-27,16,JIQUILPAN,651.08,634.71,16.36,0
2020-11-27,17,JIQUILPAN,786.75,766.54,16.87,3.33
2020-11-27,18,JIQUILPAN,893.34,857.91,20.73,14.71
2020-11-27,19,JIQUILPAN,1096.02,1061.04,12.79,22.2
2020-11-27,20,JIQUILPAN,1060.69,1027.46,12.36,20.87
2020-11-27,21,JIQUILPAN,894.3,868.15,14.49,11.65
2020-11-27,22,JIQUILPAN,872.73,852.09,10.73,9.91
2020-11-27,23,JIQUILPAN,753.03,746.2,7.73,-.91
2020-11-27,24,JIQUILPAN,866.52,841.35,14.33,10.84
2020-11-27,1,JUAREZ,424.24,531.42,-107.18,0
2020-11-27,2,JUAREZ,410.74,509.26,-98.53,0
2020-11-27,3,JUAREZ,406.26,488.16,-81.9,0
2020-11-27,4,JUAREZ,400.51,482.5,-81.99,0
2020-11-27,5,JUAREZ,410.19,486.96,-76.78,0
2020-11-27,6,JUAREZ,408.04,491.07,-83.03,0
2020-11-27,7,JUAREZ,405.86,510.12,-104.27,0
2020-11-27,8,JUAREZ,414.85,519.28,-104.43,0
2020-11-27,9,JUAREZ,413.27,510.65,-97.39,0
2020-11-27,10,JUAREZ,408.44,527.49,-119.05,0
2020-11-27,11,JUAREZ,400.68,526.67,-125.99,0
2020-11-27,12,JUAREZ,417.08,536.37,-119.29,0
2020-11-27,13,JUAREZ,417.3,547.07,-129.77,0
2020-11-27,14,JUAREZ,404.97,546.07,-141.11,0
2020-11-27,15,JUAREZ,462.41,633.7,-171.29,0
2020-11-27,16,JUAREZ,466.55,634.71,-168.16,0
2020-11-27,17,JUAREZ,468,766.54,-246.87,-51.68
2020-11-27,18,JUAREZ,436.66,857.91,-193.27,-227.98
2020-11-27,19,JUAREZ,490.03,1061.04,-229.9,-341.11
2020-11-27,20,JUAREZ,455.93,1027.46,-251.02,-320.51
2020-11-27,21,JUAREZ,470.49,868.15,-218.64,-179.02
2020-11-27,22,JUAREZ,471.8,852.09,-228.1,-152.19
2020-11-27,23,JUAREZ,441.5,746.2,-188.89,-115.81
2020-11-27,24,JUAREZ,436.8,841.35,-216.35,-188.21
2020-11-27,1,LAGUNA,497.64,531.42,-33.79,0
2020-11-27,2,LAGUNA,478.28,509.26,-30.98,0
2020-11-27,3,LAGUNA,458.08,488.16,-30.08,0
2020-11-27,4,LAGUNA,454.64,482.5,-27.86,0
2020-11-27,5,LAGUNA,460.6,486.96,-26.36,0
2020-11-27,6,LAGUNA,463.99,491.07,-27.07,0
2020-11-27,7,LAGUNA,475.68,510.12,-34.44,0
2020-11-27,8,LAGUNA,487.3,519.28,-31.98,0
2020-11-27,9,LAGUNA,472.03,510.65,-38.62,0
2020-11-27,10,LAGUNA,477.32,527.49,-50.17,0
2020-11-27,11,LAGUNA,472.7,526.67,-53.97,0
2020-11-27,12,LAGUNA,483.9,536.37,-52.47,0
2020-11-27,13,LAGUNA,497.42,547.07,-49.65,0
2020-11-27,14,LAGUNA,492.33,546.07,-53.74,0
2020-11-27,15,LAGUNA,569.74,633.7,-63.96,0
2020-11-27,16,LAGUNA,571.7,634.71,-63.02,0
2020-11-27,17,LAGUNA,624,766.54,-89.46,-53.09
2020-11-27,18,LAGUNA,554.91,857.91,-68.79,-234.21
2020-11-27,19,LAGUNA,614.21,1061.04,-82.72,-364.11
2020-11-27,20,LAGUNA,599.67,1027.46,-85.53,-342.26
2020-11-27,21,LAGUNA,605.8,868.15,-71.18,-191.17
2020-11-27,22,LAGUNA,613.89,852.09,-75.7,-162.51
2020-11-27,23,LAGUNA,560.32,746.2,-70,-115.88
2020-11-27,24,LAGUNA,603.71,841.35,-77.73,-159.91
2020-11-27,1,LAZARO CARDENAS,557.58,531.42,26.16,0
2020-11-27,2,LAZARO CARDENAS,532.43,509.26,23.17,0
2020-11-27,3,LAZARO CARDENAS,511.19,488.16,23.03,0
2020-11-27,4,LAZARO CARDENAS,506.05,482.5,23.55,0
2020-11-27,5,LAZARO CARDENAS,509.6,486.96,22.64,0
2020-11-27,6,LAZARO CARDENAS,515.99,491.07,24.92,0
2020-11-27,7,LAZARO CARDENAS,532.33,510.12,22.2,0
2020-11-27,8,LAZARO CARDENAS,543.32,519.28,24.04,0
2020-11-27,9,LAZARO CARDENAS,539.25,510.65,28.6,0
2020-11-27,10,LAZARO CARDENAS,555.03,527.49,27.54,0
2020-11-27,11,LAZARO CARDENAS,552.37,526.67,25.7,0
2020-11-27,12,LAZARO CARDENAS,559.87,536.37,23.5,0
2020-11-27,13,LAZARO CARDENAS,574.48,547.07,27.41,0
2020-11-27,14,LAZARO CARDENAS,569.47,546.07,23.4,0
2020-11-27,15,LAZARO CARDENAS,663.86,633.7,30.17,0
2020-11-27,16,LAZARO CARDENAS,664.52,634.71,29.81,0
2020-11-27,17,LAZARO CARDENAS,798.74,766.54,31.96,.25
2020-11-27,18,LAZARO CARDENAS,895.12,857.91,36.13,1.08
2020-11-27,19,LAZARO CARDENAS,1095.19,1061.04,32.85,1.29
2020-11-27,20,LAZARO CARDENAS,1056.79,1027.46,28.1,1.23
2020-11-27,21,LAZARO CARDENAS,894.69,868.15,25.83,.7
2020-11-27,22,LAZARO CARDENAS,878.18,852.09,25.5,.59
2020-11-27,23,LAZARO CARDENAS,795.9,746.2,28.27,21.44
2020-11-27,24,LAZARO CARDENAS,885.44,841.35,42.81,1.28
2020-11-27,1,LEON,545.84,531.42,14.42,0
2020-11-27,2,LEON,522.12,509.26,12.85,0
2020-11-27,3,LEON,498.9,488.16,10.75,0
2020-11-27,4,LEON,493.9,482.5,11.4,0
2020-11-27,5,LEON,498.51,486.96,11.55,0
2020-11-27,6,LEON,503.16,491.07,12.1,0
2020-11-27,7,LEON,522.38,510.12,12.26,0
2020-11-27,8,LEON,533.91,519.28,14.63,0
2020-11-27,9,LEON,525.14,510.65,14.49,0
2020-11-27,10,LEON,541.97,527.49,14.48,0
2020-11-27,11,LEON,541,526.67,14.33,0
2020-11-27,12,LEON,551.64,536.37,15.27,0
2020-11-27,13,LEON,563.03,547.07,15.96,0
2020-11-27,14,LEON,561.75,546.07,15.68,0
2020-11-27,15,LEON,649.92,633.7,16.22,0
2020-11-27,16,LEON,651.97,634.71,17.26,0
2020-11-27,17,LEON,794.2,766.54,20.55,7.12
2020-11-27,18,LEON,918.4,857.91,29.1,31.39
2020-11-27,19,LEON,1142.9,1061.04,32.93,48.93
2020-11-27,20,LEON,1104.26,1027.46,30.82,45.98
2020-11-27,21,LEON,919.93,868.15,26.1,25.67
2020-11-27,22,LEON,896.21,852.09,22.31,21.82
2020-11-27,23,LEON,756.47,746.2,17.24,-6.97
2020-11-27,24,LEON,884.81,841.35,21.99,21.48
2020-11-27,1,LOS ALTOS,547.23,531.42,15.8,0
2020-11-27,2,LOS ALTOS,523.36,509.26,14.09,0
2020-11-27,3,LOS ALTOS,499.63,488.16,11.47,0
2020-11-27,4,LOS ALTOS,495.36,482.5,12.86,0
2020-11-27,5,LOS ALTOS,500.14,486.96,13.18,0
2020-11-27,6,LOS ALTOS,505.26,491.07,14.19,0
2020-11-27,7,LOS ALTOS,524.51,510.12,14.39,0
2020-11-27,8,LOS ALTOS,536.23,519.28,16.95,0
2020-11-27,9,LOS ALTOS,525.56,510.65,14.91,0
2020-11-27,10,LOS ALTOS,541.97,527.49,14.48,0
2020-11-27,11,LOS ALTOS,540.7,526.67,14.02,0
2020-11-27,12,LOS ALTOS,551.98,536.37,15.61,0
2020-11-27,13,LOS ALTOS,563.35,547.07,16.28,0
2020-11-27,14,LOS ALTOS,561.01,546.07,14.94,0
2020-11-27,15,LOS ALTOS,648.16,633.7,14.46,0
2020-11-27,16,LOS ALTOS,650.29,634.71,15.58,0
2020-11-27,17,LOS ALTOS,794.88,766.54,19.07,9.26
2020-11-27,18,LOS ALTOS,929.35,857.91,30.31,41.13
2020-11-27,19,LOS ALTOS,1154.86,1061.04,29.78,64.04
2020-11-27,20,LOS ALTOS,1116.43,1027.46,29.13,59.84
2020-11-27,21,LOS ALTOS,927.23,868.15,25.73,33.36
2020-11-27,22,LOS ALTOS,900.56,852.09,20.17,28.3
2020-11-27,23,LOS ALTOS,749.53,746.2,13.26,-9.93
2020-11-27,24,LOS ALTOS,886.8,841.35,17.39,28.06
2020-11-27,1,LOS MOCHIS,444.04,531.42,-87.38,0
2020-11-27,2,LOS MOCHIS,423.47,509.26,-85.8,0
2020-11-27,3,LOS MOCHIS,410.39,488.16,-77.76,0
2020-11-27,4,LOS MOCHIS,406.63,482.5,-75.86,0
2020-11-27,5,LOS MOCHIS,408.09,486.96,-78.87,0
2020-11-27,6,LOS MOCHIS,411.54,491.07,-79.52,0
2020-11-27,7,LOS MOCHIS,415.9,510.12,-94.22,0
2020-11-27,8,LOS MOCHIS,427.21,519.28,-92.06,0
2020-11-27,9,LOS MOCHIS,419.08,510.65,-91.57,0
2020-11-27,10,LOS MOCHIS,423.06,527.49,-104.43,0
2020-11-27,11,LOS MOCHIS,429.36,526.67,-97.31,0
2020-11-27,12,LOS MOCHIS,437.57,536.37,-98.8,0
2020-11-27,13,LOS MOCHIS,448.84,547.07,-98.23,0
2020-11-27,14,LOS MOCHIS,444.37,546.07,-101.7,0
2020-11-27,15,LOS MOCHIS,511.69,633.7,-122.01,0
2020-11-27,16,LOS MOCHIS,512.54,634.72,-122.17,0
2020-11-27,17,LOS MOCHIS,588.89,766.54,-154.55,-23.1
2020-11-27,18,LOS MOCHIS,608.17,857.91,-147.72,-102.01
2020-11-27,19,LOS MOCHIS,736.05,1061.04,-156.04,-168.95
2020-11-27,20,LOS MOCHIS,668.3,1027.46,-200.27,-158.89
2020-11-27,21,LOS MOCHIS,625.77,868.15,-153.63,-88.76
2020-11-27,22,LOS MOCHIS,620.54,852.09,-156.09,-75.45
2020-11-27,23,LOS MOCHIS,492.6,746.2,-153.4,-100.2
2020-11-27,24,LOS MOCHIS,482.31,841.35,-167.95,-191.09
2020-11-27,1,LOS RIOS,563.83,531.42,32.41,0
2020-11-27,2,LOS RIOS,533.73,509.26,24.47,0
2020-11-27,3,LOS RIOS,510.63,488.16,22.48,0
2020-11-27,4,LOS RIOS,496.88,482.5,14.38,0
2020-11-27,5,LOS RIOS,501.41,486.96,14.45,0
2020-11-27,6,LOS RIOS,509.5,491.07,18.44,0
2020-11-27,7,LOS RIOS,527.74,510.12,17.62,0
2020-11-27,8,LOS RIOS,533.85,519.28,14.57,0
2020-11-27,9,LOS RIOS,528.05,510.65,17.39,0
2020-11-27,10,LOS RIOS,550.84,527.49,23.35,0
2020-11-27,11,LOS RIOS,553.93,526.67,27.26,0
2020-11-27,12,LOS RIOS,564.69,536.37,28.32,0
2020-11-27,13,LOS RIOS,577.74,547.07,30.67,0
2020-11-27,14,LOS RIOS,573.23,546.07,27.15,0
2020-11-27,15,LOS RIOS,667.16,633.7,33.46,0
2020-11-27,16,LOS RIOS,668.88,634.72,34.17,0
2020-11-27,17,LOS RIOS,806.74,766.54,43.67,-3.47
2020-11-27,18,LOS RIOS,883.52,857.91,40.94,-15.33
2020-11-27,19,LOS RIOS,1082.09,1061.04,45.03,-23.97
2020-11-27,20,LOS RIOS,1046.42,1027.46,41.49,-22.53
2020-11-27,21,LOS RIOS,897.01,868.15,41.21,-12.36
2020-11-27,22,LOS RIOS,914.09,852.09,72.51,-10.5
2020-11-27,23,LOS RIOS,881.49,746.2,78.85,56.44
2020-11-27,24,LOS RIOS,918.19,841.35,87.07,-10.23
2020-11-27,1,LOS TUXTLAS,556.25,531.42,24.83,0
2020-11-27,2,LOS TUXTLAS,528.22,509.26,18.96,0
2020-11-27,3,LOS TUXTLAS,504.96,488.16,16.8,0
2020-11-27,4,LOS TUXTLAS,493.12,482.5,10.62,0
2020-11-27,5,LOS TUXTLAS,497.99,486.96,11.03,0
2020-11-27,6,LOS TUXTLAS,504.27,491.07,13.2,0
2020-11-27,7,LOS TUXTLAS,524.8,510.12,14.67,0
2020-11-27,8,LOS TUXTLAS,531.91,519.28,12.64,0
2020-11-27,9,LOS TUXTLAS,525.72,510.65,15.07,0
2020-11-27,10,LOS TUXTLAS,547.49,527.49,20,0
2020-11-27,11,LOS TUXTLAS,548.16,526.67,21.49,0
2020-11-27,12,LOS TUXTLAS,558.36,536.37,21.99,0
2020-11-27,13,LOS TUXTLAS,570.91,547.07,23.85,0
2020-11-27,14,LOS TUXTLAS,572.42,546.07,26.35,0
2020-11-27,15,LOS TUXTLAS,663.51,633.7,29.81,0
2020-11-27,16,LOS TUXTLAS,662.9,634.71,28.19,0
2020-11-27,17,LOS TUXTLAS,799.39,766.54,36.39,-3.53
2020-11-27,18,LOS TUXTLAS,877.52,857.91,35.2,-15.59
2020-11-27,19,LOS TUXTLAS,1085.05,1061.04,48.39,-24.38
2020-11-27,20,LOS TUXTLAS,1052.76,1027.46,48.22,-22.92
2020-11-27,21,LOS TUXTLAS,899.73,868.15,44.2,-12.63
2020-11-27,22,LOS TUXTLAS,903.66,852.09,62.31,-10.74
2020-11-27,23,LOS TUXTLAS,865.85,746.2,62.15,57.5
2020-11-27,24,LOS TUXTLAS,897.3,841.35,66.4,-10.45
2020-11-27,1,MANZANILLO,537.56,531.42,6.14,0
2020-11-27,2,MANZANILLO,511.98,509.26,2.72,0
2020-11-27,3,MANZANILLO,486.1,488.16,-2.05,0
2020-11-27,4,MANZANILLO,483.69,482.5,1.19,0
2020-11-27,5,MANZANILLO,486.67,486.96,-.29,0
2020-11-27,6,MANZANILLO,491.33,491.07,.26,0
2020-11-27,7,MANZANILLO,508.87,510.12,-1.26,0
2020-11-27,8,MANZANILLO,519.07,519.28,-.21,0
2020-11-27,9,MANZANILLO,510.08,510.65,-.57,0
2020-11-27,10,MANZANILLO,528.92,527.49,1.43,0
2020-11-27,11,MANZANILLO,528.81,526.67,2.14,0
2020-11-27,12,MANZANILLO,541.7,536.37,5.33,0
2020-11-27,13,MANZANILLO,551.16,547.07,4.09,0
2020-11-27,14,MANZANILLO,548.55,546.07,2.47,0
2020-11-27,15,MANZANILLO,634.27,633.7,.57,0
2020-11-27,16,MANZANILLO,637.95,634.71,3.24,0
2020-11-27,17,MANZANILLO,768.53,766.54,-1.05,3.03
2020-11-27,18,MANZANILLO,874.09,857.91,2.81,13.37
2020-11-27,19,MANZANILLO,1064.44,1061.04,-16.26,19.66
2020-11-27,20,MANZANILLO,1030.1,1027.46,-15.84,18.47
2020-11-27,21,MANZANILLO,872.43,868.15,-6.04,10.31
2020-11-27,22,MANZANILLO,850.89,852.09,-9.96,8.77
2020-11-27,23,MANZANILLO,730.19,746.2,-11.45,-4.57
2020-11-27,24,MANZANILLO,845.38,841.35,-6.53,10.56
2020-11-27,1,MATAMOROS,438.1,531.42,-93.32,0
2020-11-27,2,MATAMOROS,420.56,509.26,-88.7,0
2020-11-27,3,MATAMOROS,401.68,488.16,-86.47,0
2020-11-27,4,MATAMOROS,402,482.5,-80.5,0
2020-11-27,5,MATAMOROS,411.46,486.96,-75.5,0
2020-11-27,6,MATAMOROS,414.1,491.07,-76.97,0
2020-11-27,7,MATAMOROS,418.45,510.12,-91.68,0
2020-11-27,8,MATAMOROS,437.26,519.28,-82.02,0
2020-11-27,9,MATAMOROS,436.24,510.65,-74.42,0
2020-11-27,10,MATAMOROS,449.33,527.49,-78.16,0
2020-11-27,11,MATAMOROS,441.98,526.67,-84.7,0
2020-11-27,12,MATAMOROS,453.37,536.37,-83,0
2020-11-27,13,MATAMOROS,466.86,547.07,-80.21,0
2020-11-27,14,MATAMOROS,462.39,546.07,-83.68,0
2020-11-27,15,MATAMOROS,534.32,633.7,-99.38,0
2020-11-27,16,MATAMOROS,525.46,634.71,-109.26,0
2020-11-27,17,MATAMOROS,541.23,766.54,-155.2,-70.11
2020-11-27,18,MATAMOROS,390.58,857.91,-158.01,-309.32
2020-11-27,19,MATAMOROS,386.39,1061.04,-192.91,-481.74
2020-11-27,20,MATAMOROS,393.61,1027.46,-181.05,-452.8
2020-11-27,21,MATAMOROS,467.59,868.15,-147.65,-252.92
2020-11-27,22,MATAMOROS,490.36,852.09,-146.72,-215.01
2020-11-27,23,MATAMOROS,484.9,746.2,-130.41,-130.89
2020-11-27,24,MATAMOROS,485.97,841.35,-146.64,-208.74
2020-11-27,1,MATEHUALA,544.25,531.42,12.83,0
2020-11-27,2,MATEHUALA,524.81,509.26,15.55,0
2020-11-27,3,MATEHUALA,503.33,488.16,15.17,0
2020-11-27,4,MATEHUALA,499.18,482.5,16.68,0
2020-11-27,5,MATEHUALA,505.42,486.96,18.46,0
2020-11-27,6,MATEHUALA,510.52,491.07,19.45,0
2020-11-27,7,MATEHUALA,529.68,510.12,19.56,0
2020-11-27,8,MATEHUALA,541.02,519.28,21.74,0
2020-11-27,9,MATEHUALA,529.33,510.65,18.68,0
2020-11-27,10,MATEHUALA,538.21,527.49,10.72,0
2020-11-27,11,MATEHUALA,534.56,526.67,7.89,0
2020-11-27,12,MATEHUALA,544.1,536.37,7.73,0
2020-11-27,13,MATEHUALA,554.97,547.07,7.9,0
2020-11-27,14,MATEHUALA,553.99,546.07,7.91,0
2020-11-27,15,MATEHUALA,639.69,633.7,5.99,0
2020-11-27,16,MATEHUALA,639.24,634.71,4.53,0
2020-11-27,17,MATEHUALA,779.3,766.54,7.14,5.62
2020-11-27,18,MATEHUALA,904.52,857.91,21.81,24.8
2020-11-27,19,MATEHUALA,1112.43,1061.04,12.71,38.68
2020-11-27,20,MATEHUALA,1075.58,1027.46,11.76,36.35
2020-11-27,21,MATEHUALA,895.87,868.15,7.43,20.3
2020-11-27,22,MATEHUALA,871.47,852.09,2.13,17.25
2020-11-27,23,MATEHUALA,721.42,746.2,11.12,-35.89
2020-11-27,24,MATEHUALA,878.25,841.35,20.64,16.26
2020-11-27,1,MAZATLAN,504.17,531.42,-27.25,0
2020-11-27,2,MAZATLAN,480.92,509.26,-28.34,0
2020-11-27,3,MAZATLAN,460.27,488.16,-27.89,0
2020-11-27,4,MAZATLAN,455.72,482.5,-26.78,0
2020-11-27,5,MAZATLAN,458.77,486.96,-28.19,0
2020-11-27,6,MAZATLAN,462.16,491.07,-28.9,0
2020-11-27,7,MAZATLAN,474.06,510.12,-36.06,0
2020-11-27,8,MAZATLAN,484.85,519.28,-34.43,0
2020-11-27,9,MAZATLAN,473.86,510.65,-36.79,0
2020-11-27,10,MAZATLAN,484.68,527.49,-42.82,0
2020-11-27,11,MAZATLAN,487.23,526.67,-39.44,0
2020-11-27,12,MAZATLAN,498.3,536.37,-38.06,0
2020-11-27,13,MAZATLAN,510.91,547.07,-36.16,0
2020-11-27,14,MAZATLAN,507.03,546.07,-39.04,0
2020-11-27,15,MAZATLAN,585.78,633.7,-47.92,0
2020-11-27,16,MAZATLAN,586.93,634.71,-47.78,0
2020-11-27,17,MAZATLAN,685.05,766.54,-62.29,-19.2
2020-11-27,18,MAZATLAN,716.19,857.91,-56.98,-84.74
2020-11-27,19,MAZATLAN,853,1061.04,-71.42,-136.62
2020-11-27,20,MAZATLAN,812.52,1027.46,-86.5,-128.44
2020-11-27,21,MAZATLAN,735.26,868.15,-61.15,-71.74
2020-11-27,22,MAZATLAN,726.15,852.09,-64.96,-60.98
2020-11-27,23,MAZATLAN,583.22,746.2,-65.93,-97.05
2020-11-27,24,MAZATLAN,731,841.35,-63.64,-46.71
2020-11-27,1,MERIDA,562.85,531.42,31.43,0
2020-11-27,2,MERIDA,531.25,509.26,21.98,0
2020-11-27,3,MERIDA,511.6,488.16,23.45,0
2020-11-27,4,MERIDA,495.35,482.5,12.85,0
2020-11-27,5,MERIDA,500.49,486.96,13.53,0
2020-11-27,6,MERIDA,506.27,491.07,15.21,0
2020-11-27,7,MERIDA,523.42,510.12,13.3,0
2020-11-27,8,MERIDA,532.04,519.28,12.76,0
2020-11-27,9,MERIDA,529.08,510.65,18.43,0
2020-11-27,10,MERIDA,555.7,527.49,28.21,0
2020-11-27,11,MERIDA,562.33,526.67,35.66,0
2020-11-27,12,MERIDA,575.53,536.37,39.16,0
2020-11-27,13,MERIDA,586.55,547.07,39.48,0
2020-11-27,14,MERIDA,573.93,546.07,27.85,0
2020-11-27,15,MERIDA,667.25,633.7,33.55,0
2020-11-27,16,MERIDA,668.52,634.72,33.81,0
2020-11-27,17,MERIDA,803.29,766.54,40.22,-3.47
2020-11-27,18,MERIDA,885.56,857.91,42.98,-15.33
2020-11-27,19,MERIDA,1082.42,1061.04,45.36,-23.97
2020-11-27,20,MERIDA,1042.65,1027.46,37.72,-22.53
2020-11-27,21,MERIDA,890.63,868.15,34.84,-12.36
2020-11-27,22,MERIDA,906.32,852.09,64.74,-10.5
2020-11-27,23,MERIDA,877,746.2,74.35,56.44
2020-11-27,24,MERIDA,912.5,841.35,81.38,-10.23
2020-11-27,1,MINAS,564.66,531.42,33.23,0
2020-11-27,2,MINAS,535.13,509.26,25.87,0
2020-11-27,3,MINAS,509.72,488.16,21.57,0
2020-11-27,4,MINAS,504.62,482.5,22.12,0
2020-11-27,5,MINAS,508.64,486.96,21.68,0
2020-11-27,6,MINAS,512.8,491.07,21.73,0
2020-11-27,7,MINAS,535.15,510.12,25.03,0
2020-11-27,8,MINAS,550.17,519.28,30.89,0
2020-11-27,9,MINAS,540.67,510.65,30.02,0
2020-11-27,10,MINAS,561.46,527.49,33.97,0
2020-11-27,11,MINAS,561.59,526.67,34.92,0
2020-11-27,12,MINAS,573.06,536.37,36.69,0
2020-11-27,13,MINAS,586.21,547.07,39.14,0
2020-11-27,14,MINAS,584.51,546.07,38.44,0
2020-11-27,15,MINAS,669.9,633.7,36.21,0
2020-11-27,16,MINAS,669.76,634.72,35.05,0
2020-11-27,17,MINAS,812.28,766.54,43.67,2.07
2020-11-27,18,MINAS,927.02,857.91,59.92,9.2
2020-11-27,19,MINAS,1137.6,1061.04,63.76,12.79
2020-11-27,20,MINAS,1103.84,1027.46,64.33,12.04
2020-11-27,21,MINAS,937.29,868.15,62.47,6.67
2020-11-27,22,MINAS,910.94,852.09,53.18,5.68
2020-11-27,23,MINAS,772.58,746.2,40.93,-14.55
2020-11-27,24,MINAS,897.29,841.35,47.73,8.21
2020-11-27,1,MONCLOVA,462.52,531.42,-68.9,0
2020-11-27,2,MONCLOVA,446.51,509.26,-62.75,0
2020-11-27,3,MONCLOVA,428.2,488.16,-59.95,0
2020-11-27,4,MONCLOVA,426.26,482.5,-56.24,0
2020-11-27,5,MONCLOVA,434.7,486.96,-52.26,0
2020-11-27,6,MONCLOVA,436.86,491.07,-54.21,0
2020-11-27,7,MONCLOVA,445.6,510.12,-64.52,0
2020-11-27,8,MONCLOVA,458.99,519.28,-60.29,0
2020-11-27,9,MONCLOVA,452.83,510.65,-57.82,0
2020-11-27,10,MONCLOVA,463.6,527.49,-63.89,0
2020-11-27,11,MONCLOVA,458.79,526.67,-67.89,0
2020-11-27,12,MONCLOVA,469.94,536.37,-66.43,0
2020-11-27,13,MONCLOVA,481.12,547.07,-65.95,0
2020-11-27,14,MONCLOVA,475.05,546.07,-71.02,0
2020-11-27,15,MONCLOVA,547.55,633.7,-86.15,0
2020-11-27,16,MONCLOVA,544.34,634.71,-90.37,0
2020-11-27,17,MONCLOVA,570.68,766.54,-125.07,-70.79
2020-11-27,18,MONCLOVA,423.95,857.91,-121.63,-312.33
2020-11-27,19,MONCLOVA,423.94,1061.04,-151.33,-485.78
2020-11-27,20,MONCLOVA,422.28,1027.46,-148.57,-456.61
2020-11-27,21,MONCLOVA,490.27,868.15,-122.84,-255.04
2020-11-27,22,MONCLOVA,512.31,852.09,-122.96,-216.82
2020-11-27,23,MONCLOVA,505.68,746.2,-109.8,-130.72
2020-11-27,24,MONCLOVA,508.2,841.35,-120.64,-212.51
2020-11-27,1,MONTEMORELOS,474.83,531.42,-56.59,0
2020-11-27,2,MONTEMORELOS,457.56,509.26,-51.71,0
2020-11-27,3,MONTEMORELOS,437.92,488.16,-50.24,0
2020-11-27,4,MONTEMORELOS,435.74,482.5,-46.75,0
2020-11-27,5,MONTEMORELOS,442.65,486.96,-44.31,0
2020-11-27,6,MONTEMORELOS,445.58,491.07,-45.49,0
2020-11-27,7,MONTEMORELOS,456.21,510.12,-53.92,0
2020-11-27,8,MONTEMORELOS,469.6,519.28,-49.67,0
2020-11-27,9,MONTEMORELOS,464.13,510.65,-46.52,0
2020-11-27,10,MONTEMORELOS,476.85,527.49,-50.65,0
2020-11-27,11,MONTEMORELOS,472.06,526.67,-54.61,0
2020-11-27,12,MONTEMORELOS,482.84,536.37,-53.53,0
2020-11-27,13,MONTEMORELOS,494.8,547.07,-52.27,0
2020-11-27,14,MONTEMORELOS,489.27,546.07,-56.8,0
2020-11-27,15,MONTEMORELOS,564.35,633.7,-69.35,0
2020-11-27,16,MONTEMORELOS,560.66,634.71,-74.06,0
2020-11-27,17,MONTEMORELOS,601.23,766.54,-103.23,-62.08
2020-11-27,18,MONTEMORELOS,483.67,857.91,-100.17,-274.07
2020-11-27,19,MONTEMORELOS,507.93,1061.04,-122.7,-430.41
2020-11-27,20,MONTEMORELOS,504.16,1027.46,-118.46,-404.84
2020-11-27,21,MONTEMORELOS,543.88,868.15,-98.32,-225.95
2020-11-27,22,MONTEMORELOS,560.34,852.09,-99.67,-192.07
2020-11-27,23,MONTEMORELOS,527.38,746.2,-90.93,-127.89
2020-11-27,24,MONTEMORELOS,554.45,841.35,-101.22,-185.68
2020-11-27,1,MONTERREY,466.42,531.42,-65,0
2020-11-27,2,MONTERREY,449.59,509.26,-59.67,0
2020-11-27,3,MONTERREY,430.39,488.16,-57.76,0
2020-11-27,4,MONTERREY,428.78,482.5,-53.72,0
2020-11-27,5,MONTERREY,435.97,486.96,-50.99,0
2020-11-27,6,MONTERREY,438.7,491.07,-52.37,0
2020-11-27,7,MONTERREY,448.26,510.12,-61.87,0
2020-11-27,8,MONTERREY,462.06,519.28,-57.22,0
2020-11-27,9,MONTERREY,456.16,510.65,-54.5,0
2020-11-27,10,MONTERREY,467.88,527.49,-59.61,0
2020-11-27,11,MONTERREY,462.43,526.67,-64.24,0
2020-11-27,12,MONTERREY,473.46,536.37,-62.91,0
2020-11-27,13,MONTERREY,485.46,547.07,-61.61,0
2020-11-27,14,MONTERREY,479.45,546.07,-66.63,0
2020-11-27,15,MONTERREY,552.73,633.7,-80.97,0
2020-11-27,16,MONTERREY,548.47,634.72,-86.25,0
2020-11-27,17,MONTERREY,577.14,766.54,-119.32,-70.08
2020-11-27,18,MONTERREY,432.33,857.91,-116.42,-309.16
2020-11-27,19,MONTERREY,434.11,1061.04,-145.41,-481.52
2020-11-27,20,MONTERREY,434.43,1027.46,-140.46,-452.57
2020-11-27,21,MONTERREY,499.39,868.15,-115.99,-252.77
2020-11-27,22,MONTERREY,520.69,852.09,-116.5,-214.9
2020-11-27,23,MONTERREY,510.58,746.2,-104.72,-130.9
2020-11-27,24,MONTERREY,517.28,841.35,-115.59,-208.48
2020-11-27,1,MORELIA,553.37,531.42,21.95,0
2020-11-27,2,MORELIA,527.63,509.26,18.37,0
2020-11-27,3,MORELIA,503.24,488.16,15.09,0
2020-11-27,4,MORELIA,498.05,482.5,15.55,0
2020-11-27,5,MORELIA,502.15,486.96,15.19,0
2020-11-27,6,MORELIA,507.71,491.07,16.64,0
2020-11-27,7,MORELIA,528.06,510.12,17.94,0
2020-11-27,8,MORELIA,540.25,519.28,20.97,0
2020-11-27,9,MORELIA,533.98,510.65,23.32,0
2020-11-27,10,MORELIA,553.28,527.49,25.79,0
2020-11-27,11,MORELIA,552.5,526.67,25.83,0
2020-11-27,12,MORELIA,563.79,536.37,27.42,0
2020-11-27,13,MORELIA,576.53,547.07,29.46,0
2020-11-27,14,MORELIA,574.42,546.07,28.35,0
2020-11-27,15,MORELIA,665.49,633.7,31.8,0
2020-11-27,16,MORELIA,666.8,634.72,32.09,0
2020-11-27,17,MORELIA,805.95,766.54,37.32,2.09
2020-11-27,18,MORELIA,910,857.91,42.9,9.19
2020-11-27,19,MORELIA,1124.94,1061.04,49.98,13.92
2020-11-27,20,MORELIA,1091,1027.46,50.49,13.05
2020-11-27,21,MORELIA,918.92,868.15,43.48,7.28
2020-11-27,22,MORELIA,897.28,852.09,38.91,6.29
2020-11-27,23,MORELIA,785.63,746.2,31.56,7.88
2020-11-27,24,MORELIA,883.61,841.35,35.63,6.63
2020-11-27,1,MORELOS,558.73,531.42,27.31,0
2020-11-27,2,MORELOS,533,509.26,23.74,0
2020-11-27,3,MORELOS,510.74,488.16,22.59,0
2020-11-27,4,MORELOS,503.53,482.5,21.03,0
2020-11-27,5,MORELOS,508.47,486.96,21.51,0
2020-11-27,6,MORELOS,514.4,491.07,23.34,0
2020-11-27,7,MORELOS,536.14,510.12,26.01,0
2020-11-27,8,MORELOS,543.32,519.28,24.05,0
2020-11-27,9,MORELOS,536.95,510.65,26.29,0
2020-11-27,10,MORELOS,557.34,527.49,29.84,0
2020-11-27,11,MORELOS,556.72,526.67,30.05,0
2020-11-27,12,MORELOS,567.07,536.37,30.7,0
2020-11-27,13,MORELOS,578.63,547.07,31.56,0
2020-11-27,14,MORELOS,579.34,546.07,33.27,0
2020-11-27,15,MORELOS,676.58,633.7,42.88,0
2020-11-27,16,MORELOS,677.3,634.71,42.59,0
2020-11-27,17,MORELOS,815.78,766.54,52.08,-2.84
2020-11-27,18,MORELOS,896.62,857.91,51.24,-12.52
2020-11-27,19,MORELOS,1103.73,1061.04,62.31,-19.62
2020-11-27,20,MORELOS,1070.88,1027.46,61.85,-18.44
2020-11-27,21,MORELOS,911.47,868.15,53.57,-10.25
2020-11-27,22,MORELOS,904,852.09,60.63,-8.72
2020-11-27,23,MORELOS,853.33,746.2,59.55,47.59
2020-11-27,24,MORELOS,897.67,841.35,64.42,-8.1
2020-11-27,1,MOTUL TIZIMIN,550.65,531.42,19.23,0
2020-11-27,2,MOTUL TIZIMIN,521.12,509.26,11.86,0
2020-11-27,3,MOTUL TIZIMIN,505.44,488.16,17.28,0
2020-11-27,4,MOTUL TIZIMIN,489.57,482.5,7.07,0
2020-11-27,5,MOTUL TIZIMIN,493.76,486.96,6.8,0
2020-11-27,6,MOTUL TIZIMIN,499.77,491.07,8.7,0
2020-11-27,7,MOTUL TIZIMIN,515.4,510.12,5.27,0
2020-11-27,8,MOTUL TIZIMIN,524.21,519.28,4.94,0
2020-11-27,9,MOTUL TIZIMIN,522.93,510.65,12.28,0
2020-11-27,10,MOTUL TIZIMIN,549.14,527.49,21.65,0
2020-11-27,11,MOTUL TIZIMIN,556.29,526.67,29.62,0
2020-11-27,12,MOTUL TIZIMIN,569.04,536.37,32.67,0
2020-11-27,13,MOTUL TIZIMIN,579.31,547.07,32.24,0
2020-11-27,14,MOTUL TIZIMIN,562.41,546.07,16.34,0
2020-11-27,15,MOTUL TIZIMIN,652.13,633.7,18.43,0
2020-11-27,16,MOTUL TIZIMIN,651.97,634.71,17.25,0
2020-11-27,17,MOTUL TIZIMIN,778.55,766.54,15.48,-3.47
2020-11-27,18,MOTUL TIZIMIN,855.31,857.91,12.72,-15.33
2020-11-27,19,MOTUL TIZIMIN,1049.41,1061.04,12.34,-23.97
2020-11-27,20,MOTUL TIZIMIN,1011,1027.46,6.07,-22.53
2020-11-27,21,MOTUL TIZIMIN,861.98,868.15,6.19,-12.36
2020-11-27,22,MOTUL TIZIMIN,876.96,852.09,35.38,-10.5
2020-11-27,23,MOTUL TIZIMIN,853.67,746.2,51.02,56.44
2020-11-27,24,MOTUL TIZIMIN,886.03,841.35,54.92,-10.23
2020-11-27,1,NAVOJOA,431.82,531.42,-99.6,0
2020-11-27,2,NAVOJOA,411.28,509.26,-97.98,0
2020-11-27,3,NAVOJOA,399.43,488.16,-88.72,0
2020-11-27,4,NAVOJOA,395.94,482.5,-86.55,0
2020-11-27,5,NAVOJOA,397.68,486.96,-89.28,0
2020-11-27,6,NAVOJOA,400.8,491.07,-90.27,0
2020-11-27,7,NAVOJOA,403.72,510.12,-106.41,0
2020-11-27,8,NAVOJOA,415.89,519.28,-103.39,0
2020-11-27,9,NAVOJOA,407.26,510.65,-103.4,0
2020-11-27,10,NAVOJOA,406.87,527.49,-120.62,0
2020-11-27,11,NAVOJOA,416.19,526.67,-110.48,0
2020-11-27,12,NAVOJOA,423.43,536.37,-112.94,0
2020-11-27,13,NAVOJOA,434.95,547.07,-112.11,0
2020-11-27,14,NAVOJOA,429.55,546.07,-116.52,0
2020-11-27,15,NAVOJOA,494.1,633.7,-139.6,0
2020-11-27,16,NAVOJOA,494.76,634.71,-139.96,0
2020-11-27,17,NAVOJOA,565.29,766.54,-176.52,-24.73
2020-11-27,18,NAVOJOA,581.02,857.91,-168.15,-108.74
2020-11-27,19,NAVOJOA,708.18,1061.04,-171.5,-181.36
2020-11-27,20,NAVOJOA,629.9,1027.46,-226.98,-170.59
2020-11-27,21,NAVOJOA,598.79,868.15,-174.08,-95.28
2020-11-27,22,NAVOJOA,595.57,852.09,-175.51,-81
2020-11-27,23,NAVOJOA,472.13,746.2,-172.75,-101.33
2020-11-27,24,NAVOJOA,459.03,841.35,-191.44,-190.88
2020-11-27,1,NOGALES,444.46,531.42,-86.96,0
2020-11-27,2,NOGALES,427.74,509.26,-81.53,0
2020-11-27,3,NOGALES,418.35,488.16,-69.81,0
2020-11-27,4,NOGALES,415.89,482.5,-66.6,0
2020-11-27,5,NOGALES,417.96,486.96,-69,0
2020-11-27,6,NOGALES,420.23,491.07,-70.84,0
2020-11-27,7,NOGALES,420.68,510.12,-89.45,0
2020-11-27,8,NOGALES,431.05,519.28,-88.22,0
2020-11-27,9,NOGALES,421.77,510.65,-88.88,0
2020-11-27,10,NOGALES,412.48,527.49,-115.01,0
2020-11-27,11,NOGALES,424.6,526.67,-102.07,0
2020-11-27,12,NOGALES,434.65,536.37,-101.72,0
2020-11-27,13,NOGALES,440.63,547.07,-106.44,0
2020-11-27,14,NOGALES,434.7,546.07,-111.37,0
2020-11-27,15,NOGALES,495.41,633.7,-138.29,0
2020-11-27,16,NOGALES,494.89,634.71,-139.83,0
2020-11-27,17,NOGALES,551.91,766.54,-182.58,-32.04
2020-11-27,18,NOGALES,554.63,857.91,-161.99,-141.3
2020-11-27,19,NOGALES,674.87,1061.04,-144.06,-242.11
2020-11-27,20,NOGALES,566.28,1027.46,-234.25,-226.93
2020-11-27,21,NOGALES,551.6,868.15,-189.76,-126.79
2020-11-27,22,NOGALES,553.14,852.09,-191.16,-107.78
2020-11-27,23,NOGALES,464.5,746.2,-174.93,-106.78
2020-11-27,24,NOGALES,451.44,841.35,-200.04,-189.87
2020-11-27,1,NUEVO LAREDO,460.46,531.42,-70.96,0
2020-11-27,2,NUEVO LAREDO,444.82,509.26,-64.44,0
2020-11-27,3,NUEVO LAREDO,426.98,488.16,-61.18,0
2020-11-27,4,NUEVO LAREDO,424.76,482.5,-57.74,0
2020-11-27,5,NUEVO LAREDO,433.19,486.96,-53.77,0
2020-11-27,6,NUEVO LAREDO,435.61,491.07,-55.45,0
2020-11-27,7,NUEVO LAREDO,444.07,510.12,-66.06,0
2020-11-27,8,NUEVO LAREDO,457.23,519.28,-62.05,0
2020-11-27,9,NUEVO LAREDO,451.28,510.65,-59.37,0
2020-11-27,10,NUEVO LAREDO,461.57,527.49,-65.92,0
2020-11-27,11,NUEVO LAREDO,457.73,526.67,-68.94,0
2020-11-27,12,NUEVO LAREDO,470.02,536.37,-66.35,0
2020-11-27,13,NUEVO LAREDO,481.46,547.07,-65.61,0
2020-11-27,14,NUEVO LAREDO,475.75,546.07,-70.32,0
2020-11-27,15,NUEVO LAREDO,548.88,633.7,-84.82,0
2020-11-27,16,NUEVO LAREDO,546.09,634.72,-88.62,0
2020-11-27,17,NUEVO LAREDO,572.93,766.54,-124.33,-69.28
2020-11-27,18,NUEVO LAREDO,432.83,857.91,-119.44,-305.65
2020-11-27,19,NUEVO LAREDO,439.62,1061.04,-146.62,-474.8
2020-11-27,20,NUEVO LAREDO,435.77,1027.46,-145.41,-446.28
2020-11-27,21,NUEVO LAREDO,498.04,868.15,-120.84,-249.27
2020-11-27,22,NUEVO LAREDO,519.33,852.09,-120.85,-211.91
2020-11-27,23,NUEVO LAREDO,508,746.2,-108.43,-129.78
2020-11-27,24,NUEVO LAREDO,511.12,841.35,-120.97,-209.27
2020-11-27,1,OAXACA,564.81,531.42,33.39,0
2020-11-27,2,OAXACA,536.77,509.26,27.5,0
2020-11-27,3,OAXACA,513.47,488.16,25.32,0
2020-11-27,4,OAXACA,502.33,482.5,19.83,0
2020-11-27,5,OAXACA,507.97,486.96,21.01,0
2020-11-27,6,OAXACA,515.44,491.07,24.38,0
2020-11-27,7,OAXACA,537.67,510.12,27.55,0
2020-11-27,8,OAXACA,545.4,519.28,26.12,0
2020-11-27,9,OAXACA,538.2,510.65,27.54,0
2020-11-27,10,OAXACA,559.73,527.49,32.24,0
2020-11-27,11,OAXACA,560.2,526.67,33.53,0
2020-11-27,12,OAXACA,571.05,536.37,34.68,0
2020-11-27,13,OAXACA,583.68,547.07,36.61,0
2020-11-27,14,OAXACA,582.14,546.07,36.06,0
2020-11-27,15,OAXACA,679.11,633.7,45.42,0
2020-11-27,16,OAXACA,680.68,634.71,45.96,0
2020-11-27,17,OAXACA,822,766.54,58.95,-3.48
2020-11-27,18,OAXACA,902.53,857.91,59.99,-15.37
2020-11-27,19,OAXACA,1119.46,1061.04,82.46,-24.04
2020-11-27,20,OAXACA,1088.43,1027.46,83.56,-22.59
2020-11-27,21,OAXACA,930.46,868.15,74.5,-12.2
2020-11-27,22,OAXACA,930.3,852.09,88.58,-10.37
2020-11-27,23,OAXACA,884.28,746.2,82.11,55.96
2020-11-27,24,OAXACA,918.94,841.35,87.67,-10.08
2020-11-27,1,OBREGON,429.11,531.42,-102.31,0
2020-11-27,2,OBREGON,409.88,509.26,-99.38,0
2020-11-27,3,OBREGON,399.3,488.16,-88.86,0
2020-11-27,4,OBREGON,395.95,482.5,-86.55,0
2020-11-27,5,OBREGON,397.63,486.96,-89.33,0
2020-11-27,6,OBREGON,400.38,491.07,-90.69,0
2020-11-27,7,OBREGON,402.26,510.12,-107.87,0
2020-11-27,8,OBREGON,413.29,519.28,-105.99,0
2020-11-27,9,OBREGON,405.64,510.65,-105.01,0
2020-11-27,10,OBREGON,406.42,527.49,-121.07,0
2020-11-27,11,OBREGON,415.98,526.67,-110.69,0
2020-11-27,12,OBREGON,423.87,536.37,-112.5,0
2020-11-27,13,OBREGON,434.32,547.07,-112.75,0
2020-11-27,14,OBREGON,429.2,546.07,-116.87,0
2020-11-27,15,OBREGON,493.14,633.7,-140.56,0
2020-11-27,16,OBREGON,493.87,634.72,-140.84,0
2020-11-27,17,OBREGON,562.44,766.54,-178.77,-25.33
2020-11-27,18,OBREGON,575.52,857.91,-170.71,-111.68
2020-11-27,19,OBREGON,704.06,1061.04,-170.19,-186.8
2020-11-27,20,OBREGON,618.88,1027.46,-232.89,-175.69
2020-11-27,21,OBREGON,591.18,868.15,-178.83,-98.14
2020-11-27,22,OBREGON,587.46,852.09,-181.2,-83.43
2020-11-27,23,OBREGON,465.51,746.2,-178.87,-101.82
2020-11-27,24,OBREGON,451.69,841.35,-198.87,-190.78
2020-11-27,1,ORIZABA,549.04,531.42,17.62,0
2020-11-27,2,ORIZABA,523.25,509.26,13.98,0
2020-11-27,3,ORIZABA,501.2,488.16,13.04,0
2020-11-27,4,ORIZABA,491.02,482.5,8.53,0
2020-11-27,5,ORIZABA,496.07,486.96,9.11,0
2020-11-27,6,ORIZABA,502.22,491.07,11.16,0
2020-11-27,7,ORIZABA,523.17,510.12,13.05,0
2020-11-27,8,ORIZABA,530.89,519.28,11.62,0
2020-11-27,9,ORIZABA,523.94,510.65,13.28,0
2020-11-27,10,ORIZABA,544.78,527.49,17.29,0
2020-11-27,11,ORIZABA,544.63,526.67,17.96,0
2020-11-27,12,ORIZABA,554.65,536.37,18.28,0
2020-11-27,13,ORIZABA,565.72,547.07,18.65,0
2020-11-27,14,ORIZABA,564.03,546.07,17.95,0
2020-11-27,15,ORIZABA,657.7,633.7,24,0
2020-11-27,16,ORIZABA,658.81,634.71,24.1,0
2020-11-27,17,ORIZABA,794.41,766.54,31.43,-3.57
2020-11-27,18,ORIZABA,870.63,857.91,28.46,-15.74
2020-11-27,19,ORIZABA,1069.62,1061.04,33.39,-24.81
2020-11-27,20,ORIZABA,1037.98,1027.46,34,-23.48
2020-11-27,21,ORIZABA,886.94,868.15,31.93,-13.14
2020-11-27,22,ORIZABA,886.67,852.09,45.76,-11.17
2020-11-27,23,ORIZABA,851.66,746.2,46.44,59.02
2020-11-27,24,ORIZABA,881.63,841.35,51.01,-10.73
2020-11-27,1,PIEDRAS NEGRAS,456.06,531.42,-75.36,0
2020-11-27,2,PIEDRAS NEGRAS,442.4,509.26,-66.87,0
2020-11-27,3,PIEDRAS NEGRAS,424.98,488.16,-63.18,0
2020-11-27,4,PIEDRAS NEGRAS,422.95,482.5,-59.55,0
2020-11-27,5,PIEDRAS NEGRAS,431.52,486.96,-55.44,0
2020-11-27,6,PIEDRAS NEGRAS,434.18,491.07,-56.88,0
2020-11-27,7,PIEDRAS NEGRAS,442.68,510.12,-67.44,0
2020-11-27,8,PIEDRAS NEGRAS,455.15,519.28,-64.13,0
2020-11-27,9,PIEDRAS NEGRAS,447.59,510.65,-63.06,0
2020-11-27,10,PIEDRAS NEGRAS,457.69,527.49,-69.8,0
2020-11-27,11,PIEDRAS NEGRAS,453.45,526.67,-73.22,0
2020-11-27,12,PIEDRAS NEGRAS,465.61,536.37,-70.76,0
2020-11-27,13,PIEDRAS NEGRAS,476.22,547.07,-70.84,0
2020-11-27,14,PIEDRAS NEGRAS,470.95,546.07,-75.12,0
2020-11-27,15,PIEDRAS NEGRAS,542.85,633.7,-90.85,0
2020-11-27,16,PIEDRAS NEGRAS,540.16,634.71,-94.55,0
2020-11-27,17,PIEDRAS NEGRAS,566.19,766.54,-131.18,-69.17
2020-11-27,18,PIEDRAS NEGRAS,423.62,857.91,-129.12,-305.18
2020-11-27,19,PIEDRAS NEGRAS,425.92,1061.04,-161.28,-473.84
2020-11-27,20,PIEDRAS NEGRAS,422.37,1027.46,-159.73,-445.36
2020-11-27,21,PIEDRAS NEGRAS,487.29,868.15,-132.11,-248.76
2020-11-27,22,PIEDRAS NEGRAS,511.06,852.09,-129.56,-211.47
2020-11-27,23,PIEDRAS NEGRAS,501.37,746.2,-115.25,-129.58
2020-11-27,24,PIEDRAS NEGRAS,504.32,841.35,-127.5,-209.53
2020-11-27,1,POZA RICA,529.85,531.42,-1.57,0
2020-11-27,2,POZA RICA,508.07,509.26,-1.2,0
2020-11-27,3,POZA RICA,487.81,488.16,-.35,0
2020-11-27,4,POZA RICA,479.97,482.5,-2.53,0
2020-11-27,5,POZA RICA,484.3,486.96,-2.66,0
2020-11-27,6,POZA RICA,488.6,491.07,-2.47,0
2020-11-27,7,POZA RICA,508.86,510.12,-1.27,0
2020-11-27,8,POZA RICA,516.2,519.28,-3.08,0
2020-11-27,9,POZA RICA,508.9,510.65,-1.75,0
2020-11-27,10,POZA RICA,527.06,527.49,-.44,0
2020-11-27,11,POZA RICA,526.02,526.67,-.65,0
2020-11-27,12,POZA RICA,535.73,536.37,-.64,0
2020-11-27,13,POZA RICA,545.39,547.07,-1.68,0
2020-11-27,14,POZA RICA,545.46,546.07,-.61,0
2020-11-27,15,POZA RICA,637.62,633.7,3.92,0
2020-11-27,16,POZA RICA,637.31,634.71,2.59,0
2020-11-27,17,POZA RICA,763.76,766.54,3.51,-6.28
2020-11-27,18,POZA RICA,826.07,857.91,-4.12,-27.72
2020-11-27,19,POZA RICA,1015.88,1061.04,-2.03,-43.13
2020-11-27,20,POZA RICA,986.35,1027.46,-.5,-40.62
2020-11-27,21,POZA RICA,842.61,868.15,-2.78,-22.76
2020-11-27,22,POZA RICA,834.17,852.09,1.37,-19.28
2020-11-27,23,POZA RICA,834.53,746.2,3.01,85.32
2020-11-27,24,POZA RICA,825.03,841.35,2.2,-18.52
2020-11-27,1,PUEBLA,551.56,531.42,20.14,0
2020-11-27,2,PUEBLA,526.38,509.26,17.12,0
2020-11-27,3,PUEBLA,504.48,488.16,16.32,0
2020-11-27,4,PUEBLA,494.7,482.5,12.2,0
2020-11-27,5,PUEBLA,499.5,486.96,12.55,0
2020-11-27,6,PUEBLA,505.69,491.07,14.62,0
2020-11-27,7,PUEBLA,526.88,510.12,16.75,0
2020-11-27,8,PUEBLA,535.44,519.28,16.16,0
2020-11-27,9,PUEBLA,528.47,510.65,17.82,0
2020-11-27,10,PUEBLA,549.28,527.49,21.79,0
2020-11-27,11,PUEBLA,548.78,526.67,22.11,0
2020-11-27,12,PUEBLA,558.91,536.37,22.54,0
2020-11-27,13,PUEBLA,569.92,547.07,22.85,0
2020-11-27,14,PUEBLA,569.24,546.07,23.17,0
2020-11-27,15,PUEBLA,664.48,633.7,30.78,0
2020-11-27,16,PUEBLA,665.32,634.71,30.61,0
2020-11-27,17,PUEBLA,801.57,766.54,38.4,-3.37
2020-11-27,18,PUEBLA,879.58,857.91,36.54,-14.87
2020-11-27,19,PUEBLA,1082.37,1061.04,44.54,-23.21
2020-11-27,20,PUEBLA,1049.79,1027.46,44.14,-21.82
2020-11-27,21,PUEBLA,894.65,868.15,38.62,-12.13
2020-11-27,22,PUEBLA,889.38,852.09,47.6,-10.31
2020-11-27,23,PUEBLA,847.01,746.2,45.64,55.17
2020-11-27,24,PUEBLA,881.4,841.35,50.08,-10.04
2020-11-27,1,QUERETARO,538.4,531.42,6.98,0
2020-11-27,2,QUERETARO,516.01,509.26,6.74,0
2020-11-27,3,QUERETARO,494.51,488.16,6.36,0
2020-11-27,4,QUERETARO,488.5,482.5,6,0
2020-11-27,5,QUERETARO,493.11,486.96,6.15,0
2020-11-27,6,QUERETARO,497.33,491.07,6.27,0
2020-11-27,7,QUERETARO,517.04,510.12,6.92,0
2020-11-27,8,QUERETARO,526.46,519.28,7.18,0
2020-11-27,9,QUERETARO,516.5,510.65,5.85,0
2020-11-27,10,QUERETARO,533.15,527.49,5.66,0
2020-11-27,11,QUERETARO,532.89,526.67,6.22,0
2020-11-27,12,QUERETARO,543.13,536.37,6.76,0
2020-11-27,13,QUERETARO,554.01,547.07,6.94,0
2020-11-27,14,QUERETARO,553.33,546.07,7.25,0
2020-11-27,15,QUERETARO,641.57,633.7,7.87,0
2020-11-27,16,QUERETARO,642.37,634.72,7.65,0
2020-11-27,17,QUERETARO,777.89,766.54,10.15,1.2
2020-11-27,18,QUERETARO,875.67,857.91,12.44,5.32
2020-11-27,19,QUERETARO,1086.92,1061.04,17.65,8.24
2020-11-27,20,QUERETARO,1052.23,1027.46,16.99,7.77
2020-11-27,21,QUERETARO,886.18,868.15,13.69,4.34
2020-11-27,22,QUERETARO,868.28,852.09,12.51,3.68
2020-11-27,23,QUERETARO,756.82,746.2,9.96,.65
2020-11-27,24,QUERETARO,855.22,841.35,10.33,3.54
2020-11-27,1,REYNOSA,440.48,531.42,-90.94,0
2020-11-27,2,REYNOSA,422.7,509.26,-86.56,0
2020-11-27,3,REYNOSA,404.03,488.16,-84.13,0
2020-11-27,4,REYNOSA,404.58,482.5,-77.92,0
2020-11-27,5,REYNOSA,414.34,486.96,-72.62,0
2020-11-27,6,REYNOSA,416.35,491.07,-74.72,0
2020-11-27,7,REYNOSA,420.53,510.12,-89.6,0
2020-11-27,8,REYNOSA,439.42,519.28,-79.86,0
2020-11-27,9,REYNOSA,438.54,510.65,-72.11,0
2020-11-27,10,REYNOSA,451.76,527.49,-75.74,0
2020-11-27,11,REYNOSA,444.08,526.67,-82.6,0
2020-11-27,12,REYNOSA,456.99,536.37,-79.38,0
2020-11-27,13,REYNOSA,470.6,547.07,-76.47,0
2020-11-27,14,REYNOSA,466.47,546.07,-79.6,0
2020-11-27,15,REYNOSA,539.56,633.7,-94.14,0
2020-11-27,16,REYNOSA,528.26,634.72,-106.45,0
2020-11-27,17,REYNOSA,543.92,766.54,-152.54,-70.08
2020-11-27,18,REYNOSA,393.27,857.91,-155.46,-309.18
2020-11-27,19,REYNOSA,390.04,1061.04,-189.51,-481.5
2020-11-27,20,REYNOSA,398.09,1027.46,-176.8,-452.58
2020-11-27,21,REYNOSA,472.55,868.15,-142.81,-252.79
2020-11-27,22,REYNOSA,495.72,852.09,-141.46,-214.9
2020-11-27,23,REYNOSA,489.17,746.2,-126.17,-130.86
2020-11-27,24,REYNOSA,490.37,841.35,-142.26,-208.72
2020-11-27,1,RIVIERA MAYA,574.34,531.42,42.91,0
2020-11-27,2,RIVIERA MAYA,542.38,509.26,33.12,0
2020-11-27,3,RIVIERA MAYA,522.8,488.16,34.65,0
2020-11-27,4,RIVIERA MAYA,506.87,482.5,24.37,0
2020-11-27,5,RIVIERA MAYA,511.47,486.96,24.51,0
2020-11-27,6,RIVIERA MAYA,516.97,491.07,25.9,0
2020-11-27,7,RIVIERA MAYA,534.78,510.12,24.65,0
2020-11-27,8,RIVIERA MAYA,544.56,519.28,25.28,0
2020-11-27,9,RIVIERA MAYA,543.52,510.65,32.87,0
2020-11-27,10,RIVIERA MAYA,570.58,527.49,43.09,0
2020-11-27,11,RIVIERA MAYA,576.69,526.67,50.02,0
2020-11-27,12,RIVIERA MAYA,589.8,536.37,53.44,0
2020-11-27,13,RIVIERA MAYA,602.12,547.07,55.06,0
2020-11-27,14,RIVIERA MAYA,586.16,546.07,40.08,0
2020-11-27,15,RIVIERA MAYA,678.67,633.7,44.97,0
2020-11-27,16,RIVIERA MAYA,679.68,634.71,44.96,0
2020-11-27,17,RIVIERA MAYA,816.04,766.54,52.98,-3.47
2020-11-27,18,RIVIERA MAYA,898.25,857.91,55.67,-15.33
2020-11-27,19,RIVIERA MAYA,1099.55,1061.04,62.48,-23.97
2020-11-27,20,RIVIERA MAYA,1059.72,1027.46,54.79,-22.53
2020-11-27,21,RIVIERA MAYA,905.43,868.15,49.63,-12.36
2020-11-27,22,RIVIERA MAYA,920.65,852.09,79.07,-10.5
2020-11-27,23,RIVIERA MAYA,887.6,746.2,84.96,56.44
2020-11-27,24,RIVIERA MAYA,923,841.35,91.88,-10.23
2020-11-27,1,SABINAS,458.2,531.42,-73.22,0
2020-11-27,2,SABINAS,443.06,509.26,-66.2,0
2020-11-27,3,SABINAS,425.35,488.16,-62.8,0
2020-11-27,4,SABINAS,423.21,482.5,-59.29,0
2020-11-27,5,SABINAS,431.63,486.96,-55.33,0
2020-11-27,6,SABINAS,433.98,491.07,-57.09,0
2020-11-27,7,SABINAS,442.48,510.12,-67.64,0
2020-11-27,8,SABINAS,455.54,519.28,-63.74,0
2020-11-27,9,SABINAS,449.07,510.65,-61.59,0
2020-11-27,10,SABINAS,459.15,527.49,-68.35,0
2020-11-27,11,SABINAS,454.88,526.67,-71.79,0
2020-11-27,12,SABINAS,466.34,536.37,-70.03,0
2020-11-27,13,SABINAS,477.17,547.07,-69.9,0
2020-11-27,14,SABINAS,471.01,546.07,-75.06,0
2020-11-27,15,SABINAS,542.84,633.7,-90.86,0
2020-11-27,16,SABINAS,540.05,634.71,-94.67,0
2020-11-27,17,SABINAS,565.94,766.54,-130.98,-69.62
2020-11-27,18,SABINAS,423.6,857.91,-127.13,-307.18
2020-11-27,19,SABINAS,426.8,1061.04,-157.07,-477.17
2020-11-27,20,SABINAS,423.77,1027.46,-155.2,-448.5
2020-11-27,21,SABINAS,488.88,868.15,-128.76,-250.51
2020-11-27,22,SABINAS,510.84,852.09,-128.29,-212.96
2020-11-27,23,SABINAS,501.66,746.2,-114.64,-129.9
2020-11-27,24,SABINAS,503.99,841.35,-127.03,-210.33
2020-11-27,1,SALTILLO,474.52,531.42,-56.9,0
2020-11-27,2,SALTILLO,457.28,509.26,-51.99,0
2020-11-27,3,SALTILLO,437.65,488.16,-50.51,0
2020-11-27,4,SALTILLO,435.54,482.5,-46.96,0
2020-11-27,5,SALTILLO,442.69,486.96,-44.27,0
2020-11-27,6,SALTILLO,445.74,491.07,-45.33,0
2020-11-27,7,SALTILLO,456.25,510.12,-53.88,0
2020-11-27,8,SALTILLO,469.48,519.28,-49.8,0
2020-11-27,9,SALTILLO,461.69,510.65,-48.97,0
2020-11-27,10,SALTILLO,472.83,527.49,-54.66,0
2020-11-27,11,SALTILLO,467.24,526.67,-59.43,0
2020-11-27,12,SALTILLO,478.04,536.37,-58.33,0
2020-11-27,13,SALTILLO,489.68,547.07,-57.39,0
2020-11-27,14,SALTILLO,484.29,546.07,-61.79,0
2020-11-27,15,SALTILLO,558.24,633.7,-75.46,0
2020-11-27,16,SALTILLO,555.26,634.72,-79.45,0
2020-11-27,17,SALTILLO,580.38,766.54,-109.19,-76.96
2020-11-27,18,SALTILLO,415.26,857.91,-103.37,-339.28
2020-11-27,19,SALTILLO,402.36,1061.04,-129.54,-529.14
2020-11-27,20,SALTILLO,403.68,1027.46,-126.32,-497.47
2020-11-27,21,SALTILLO,485.45,868.15,-104.94,-277.76
2020-11-27,22,SALTILLO,509.73,852.09,-106.21,-236.15
2020-11-27,23,SALTILLO,515.99,746.2,-96.42,-133.79
2020-11-27,24,SALTILLO,507.12,841.35,-106.13,-228.1
2020-11-27,1,SALVATIERRA,546.62,531.42,15.2,0
2020-11-27,2,SALVATIERRA,521.89,509.26,12.62,0
2020-11-27,3,SALVATIERRA,498.63,488.16,10.47,0
2020-11-27,4,SALVATIERRA,493.31,482.5,10.81,0
2020-11-27,5,SALVATIERRA,497.68,486.96,10.72,0
2020-11-27,6,SALVATIERRA,503.01,491.07,11.94,0
2020-11-27,7,SALVATIERRA,523.57,510.12,13.45,0
2020-11-27,8,SALVATIERRA,535.38,519.28,16.11,0
2020-11-27,9,SALVATIERRA,528.44,510.65,17.79,0
2020-11-27,10,SALVATIERRA,546.59,527.49,19.1,0
2020-11-27,11,SALVATIERRA,545.37,526.67,18.7,0
2020-11-27,12,SALVATIERRA,556.14,536.37,19.77,0
2020-11-27,13,SALVATIERRA,568.45,547.07,21.39,0
2020-11-27,14,SALVATIERRA,567.04,546.07,20.97,0
2020-11-27,15,SALVATIERRA,656.25,633.7,22.55,0
2020-11-27,16,SALVATIERRA,657.38,634.71,22.67,0
2020-11-27,17,SALVATIERRA,796.2,766.54,27.07,2.59
2020-11-27,18,SALVATIERRA,902.27,857.91,32.71,11.65
2020-11-27,19,SALVATIERRA,1118.93,1061.04,39.86,18.03
2020-11-27,20,SALVATIERRA,1084.43,1027.46,40.04,16.93
2020-11-27,21,SALVATIERRA,911.31,868.15,33.8,9.36
2020-11-27,22,SALVATIERRA,889.39,852.09,29.37,7.93
2020-11-27,23,SALVATIERRA,771.15,746.2,23.01,1.94
2020-11-27,24,SALVATIERRA,873.9,841.35,24.7,7.85
2020-11-27,1,SAN CRISTOBAL,576.25,531.42,44.83,0
2020-11-27,2,SAN CRISTOBAL,546.68,509.26,37.42,0
2020-11-27,3,SAN CRISTOBAL,522.64,488.16,34.49,0
2020-11-27,4,SAN CRISTOBAL,509.69,482.5,27.2,0
2020-11-27,5,SAN CRISTOBAL,515.95,486.96,28.99,0
2020-11-27,6,SAN CRISTOBAL,526.3,491.07,35.23,0
2020-11-27,7,SAN CRISTOBAL,547.04,510.12,36.91,0
2020-11-27,8,SAN CRISTOBAL,550.39,519.28,31.11,0
2020-11-27,9,SAN CRISTOBAL,542.16,510.65,31.5,0
2020-11-27,10,SAN CRISTOBAL,563.67,527.49,36.18,0
2020-11-27,11,SAN CRISTOBAL,564.48,526.67,37.81,0
2020-11-27,12,SAN CRISTOBAL,575.11,536.37,38.74,0
2020-11-27,13,SAN CRISTOBAL,587.56,547.07,40.49,0
2020-11-27,14,SAN CRISTOBAL,585.51,546.07,39.44,0
2020-11-27,15,SAN CRISTOBAL,681.37,633.7,47.68,0
2020-11-27,16,SAN CRISTOBAL,684.26,634.71,49.54,0
2020-11-27,17,SAN CRISTOBAL,828.32,766.54,65.25,-3.47
2020-11-27,18,SAN CRISTOBAL,917.3,857.91,74.71,-15.32
2020-11-27,19,SAN CRISTOBAL,1131.98,1061.04,94.9,-23.97
2020-11-27,20,SAN CRISTOBAL,1096.99,1027.46,92.06,-22.53
2020-11-27,21,SAN CRISTOBAL,939.26,868.15,83.47,-12.35
2020-11-27,22,SAN CRISTOBAL,950.7,852.09,109.12,-10.5
2020-11-27,23,SAN CRISTOBAL,908.87,746.2,106.23,56.44
2020-11-27,24,SAN CRISTOBAL,944.02,841.35,112.91,-10.23
2020-11-27,1,SAN JUAN DEL RIO,548.3,531.42,16.88,0
2020-11-27,2,SAN JUAN DEL RIO,525.3,509.26,16.04,0
2020-11-27,3,SAN JUAN DEL RIO,504.12,488.16,15.96,0
2020-11-27,4,SAN JUAN DEL RIO,497.21,482.5,14.71,0
2020-11-27,5,SAN JUAN DEL RIO,502.15,486.96,15.19,0
2020-11-27,6,SAN JUAN DEL RIO,506.78,491.07,15.71,0
2020-11-27,7,SAN JUAN DEL RIO,527.8,510.12,17.67,0
2020-11-27,8,SAN JUAN DEL RIO,537.14,519.28,17.86,0
2020-11-27,9,SAN JUAN DEL RIO,528.92,510.65,18.26,0
2020-11-27,10,SAN JUAN DEL RIO,546.56,527.49,19.07,0
2020-11-27,11,SAN JUAN DEL RIO,546.58,526.67,19.91,0
2020-11-27,12,SAN JUAN DEL RIO,555.82,536.37,19.45,0
2020-11-27,13,SAN JUAN DEL RIO,566.4,547.07,19.33,0
2020-11-27,14,SAN JUAN DEL RIO,565.4,546.07,19.33,0
2020-11-27,15,SAN JUAN DEL RIO,658.54,633.7,24.84,0
2020-11-27,16,SAN JUAN DEL RIO,658.45,634.71,23.74,0
2020-11-27,17,SAN JUAN DEL RIO,795.15,766.54,28.64,-.04
2020-11-27,18,SAN JUAN DEL RIO,878.92,857.91,21.15,-.14
2020-11-27,19,SAN JUAN DEL RIO,1089.92,1061.04,29.14,-.26
2020-11-27,20,SAN JUAN DEL RIO,1056.42,1027.46,29.22,-.26
2020-11-27,21,SAN JUAN DEL RIO,892.17,868.15,24.15,-.13
2020-11-27,22,SAN JUAN DEL RIO,876.08,852.09,24.11,-.12
2020-11-27,23,SAN JUAN DEL RIO,779.7,746.2,20.43,13.07
2020-11-27,24,SAN JUAN DEL RIO,865.32,841.35,24.08,-.12
2020-11-27,1,SAN LUIS POTOSI,522.08,531.42,-9.34,0
2020-11-27,2,SAN LUIS POTOSI,502.44,509.26,-6.83,0
2020-11-27,3,SAN LUIS POTOSI,481.48,488.16,-6.68,0
2020-11-27,4,SAN LUIS POTOSI,476.83,482.5,-5.67,0
2020-11-27,5,SAN LUIS POTOSI,481.57,486.96,-5.39,0
2020-11-27,6,SAN LUIS POTOSI,485.42,491.07,-5.65,0
2020-11-27,7,SAN LUIS POTOSI,502.64,510.12,-7.49,0
2020-11-27,8,SAN LUIS POTOSI,511.27,519.28,-8.01,0
2020-11-27,9,SAN LUIS POTOSI,499.4,510.65,-11.25,0
2020-11-27,10,SAN LUIS POTOSI,512.59,527.49,-14.9,0
2020-11-27,11,SAN LUIS POTOSI,511.61,526.67,-15.06,0
2020-11-27,12,SAN LUIS POTOSI,520.38,536.37,-15.99,0
2020-11-27,13,SAN LUIS POTOSI,530.89,547.07,-16.18,0
2020-11-27,14,SAN LUIS POTOSI,529.78,546.07,-16.29,0
2020-11-27,15,SAN LUIS POTOSI,612.1,633.7,-21.6,0
2020-11-27,16,SAN LUIS POTOSI,612.58,634.72,-22.14,0
2020-11-27,17,SAN LUIS POTOSI,745.83,766.54,-26.19,5.48
2020-11-27,18,SAN LUIS POTOSI,862.57,857.91,-19.53,24.19
2020-11-27,19,SAN LUIS POTOSI,1070.84,1061.04,-27.95,37.75
2020-11-27,20,SAN LUIS POTOSI,1034.87,1027.46,-28.08,35.49
2020-11-27,21,SAN LUIS POTOSI,865.2,868.15,-22.77,19.81
2020-11-27,22,SAN LUIS POTOSI,844.13,852.09,-24.8,16.84
2020-11-27,23,SAN LUIS POTOSI,692.04,746.2,-22.96,-31.2
2020-11-27,24,SAN LUIS POTOSI,833.24,841.35,-24.01,15.9
2020-11-27,1,SAN MARTIN,550.78,531.42,19.36,0
2020-11-27,2,SAN MARTIN,525.9,509.26,16.63,0
2020-11-27,3,SAN MARTIN,504.14,488.16,15.99,0
2020-11-27,4,SAN MARTIN,495.1,482.5,12.6,0
2020-11-27,5,SAN MARTIN,499.74,486.96,12.78,0
2020-11-27,6,SAN MARTIN,505.73,491.07,14.66,0
2020-11-27,7,SAN MARTIN,527.03,510.12,16.91,0
2020-11-27,8,SAN MARTIN,535.72,519.28,16.44,0
2020-11-27,9,SAN MARTIN,528.83,510.65,18.18,0
2020-11-27,10,SAN MARTIN,549.09,527.49,21.6,0
2020-11-27,11,SAN MARTIN,548.29,526.67,21.61,0
2020-11-27,12,SAN MARTIN,558.29,536.37,21.92,0
2020-11-27,13,SAN MARTIN,569.37,547.07,22.3,0
2020-11-27,14,SAN MARTIN,569.07,546.07,22.99,0
2020-11-27,15,SAN MARTIN,664.39,633.7,30.69,0
2020-11-27,16,SAN MARTIN,665.45,634.71,30.74,0
2020-11-27,17,SAN MARTIN,801.01,766.54,37.8,-3.33
2020-11-27,18,SAN MARTIN,878.99,857.91,35.78,-14.7
2020-11-27,19,SAN MARTIN,1081.95,1061.04,43.91,-23
2020-11-27,20,SAN MARTIN,1049.37,1027.46,43.52,-21.61
2020-11-27,21,SAN MARTIN,893.85,868.15,37.72,-12.02
2020-11-27,22,SAN MARTIN,887.34,852.09,45.48,-10.22
2020-11-27,23,SAN MARTIN,844.2,746.2,43.57,54.43
2020-11-27,24,SAN MARTIN,878.71,841.35,47.24,-9.89
2020-11-27,1,TAMPICO,497.38,531.42,-34.05,0
2020-11-27,2,TAMPICO,480.24,509.26,-29.03,0
2020-11-27,3,TAMPICO,462.11,488.16,-26.05,0
2020-11-27,4,TAMPICO,457.28,482.5,-25.22,0
2020-11-27,5,TAMPICO,461.52,486.96,-25.44,0
2020-11-27,6,TAMPICO,464.58,491.07,-26.49,0
2020-11-27,7,TAMPICO,481.22,510.12,-28.9,0
2020-11-27,8,TAMPICO,487.42,519.28,-31.86,0
2020-11-27,9,TAMPICO,478.86,510.65,-31.8,0
2020-11-27,10,TAMPICO,493.61,527.49,-33.88,0
2020-11-27,11,TAMPICO,492.82,526.67,-33.85,0
2020-11-27,12,TAMPICO,500.87,536.37,-35.49,0
2020-11-27,13,TAMPICO,509.89,547.07,-37.18,0
2020-11-27,14,TAMPICO,509.64,546.07,-36.43,0
2020-11-27,15,TAMPICO,589,633.7,-44.7,0
2020-11-27,16,TAMPICO,588.56,634.71,-46.15,0
2020-11-27,17,TAMPICO,699.7,766.54,-54.84,-12.01
2020-11-27,18,TAMPICO,742.65,857.91,-62.48,-52.78
2020-11-27,19,TAMPICO,901.49,1061.04,-77.7,-81.85
2020-11-27,20,TAMPICO,874.41,1027.46,-75.71,-77.34
2020-11-27,21,TAMPICO,760,868.15,-64.35,-43.81
2020-11-27,22,TAMPICO,751.1,852.09,-63.39,-37.59
2020-11-27,23,TAMPICO,576.76,746.2,-55.75,-113.69
2020-11-27,24,TAMPICO,743.92,841.35,-61.23,-36.19
2020-11-27,1,TAPACHULA,557.47,531.42,26.05,0
2020-11-27,2,TAPACHULA,529.18,509.26,19.91,0
2020-11-27,3,TAPACHULA,505.43,488.16,17.28,0
2020-11-27,4,TAPACHULA,491.71,482.5,9.22,0
2020-11-27,5,TAPACHULA,497.03,486.96,10.07,0
2020-11-27,6,TAPACHULA,507.54,491.07,16.47,0
2020-11-27,7,TAPACHULA,527.92,510.12,17.8,0
2020-11-27,8,TAPACHULA,533.56,519.28,14.28,0
2020-11-27,9,TAPACHULA,527.32,510.65,16.67,0
2020-11-27,10,TAPACHULA,549.99,527.49,22.5,0
2020-11-27,11,TAPACHULA,553.76,526.67,27.09,0
2020-11-27,12,TAPACHULA,565.26,536.37,28.89,0
2020-11-27,13,TAPACHULA,577.33,547.07,30.26,0
2020-11-27,14,TAPACHULA,574.73,546.07,28.65,0
2020-11-27,15,TAPACHULA,668.44,633.7,34.74,0
2020-11-27,16,TAPACHULA,670.89,634.71,36.18,0
2020-11-27,17,TAPACHULA,810.78,766.54,47.71,-3.47
2020-11-27,18,TAPACHULA,888.09,857.91,45.5,-15.32
2020-11-27,19,TAPACHULA,1080.08,1061.04,43,-23.96
2020-11-27,20,TAPACHULA,1043.27,1027.46,38.33,-22.52
2020-11-27,21,TAPACHULA,894.38,868.15,38.58,-12.35
2020-11-27,22,TAPACHULA,910.14,852.09,68.55,-10.5
2020-11-27,23,TAPACHULA,878.39,746.2,75.77,56.42
2020-11-27,24,TAPACHULA,914.57,841.35,83.45,-10.23
2020-11-27,1,TECAMACHALCO,552.06,531.42,20.64,0
2020-11-27,2,TECAMACHALCO,526.68,509.26,17.41,0
2020-11-27,3,TECAMACHALCO,504.52,488.16,16.36,0
2020-11-27,4,TECAMACHALCO,494.64,482.5,12.14,0
2020-11-27,5,TECAMACHALCO,499.58,486.96,12.62,0
2020-11-27,6,TECAMACHALCO,506.06,491.07,15,0
2020-11-27,7,TECAMACHALCO,527.89,510.12,17.77,0
2020-11-27,8,TECAMACHALCO,536.68,519.28,17.41,0
2020-11-27,9,TECAMACHALCO,530.08,510.65,19.42,0
2020-11-27,10,TECAMACHALCO,550.96,527.49,23.47,0
2020-11-27,11,TECAMACHALCO,551.06,526.67,24.39,0
2020-11-27,12,TECAMACHALCO,562.24,536.37,25.88,0
2020-11-27,13,TECAMACHALCO,572.9,547.07,25.83,0
2020-11-27,14,TECAMACHALCO,571.36,546.07,25.29,0
2020-11-27,15,TECAMACHALCO,666.38,633.7,32.68,0
2020-11-27,16,TECAMACHALCO,666.49,634.71,31.78,0
2020-11-27,17,TECAMACHALCO,802.94,766.54,39.95,-3.55
2020-11-27,18,TECAMACHALCO,880.38,857.91,38.11,-15.65
2020-11-27,19,TECAMACHALCO,1085,1061.04,48.5,-24.54
2020-11-27,20,TECAMACHALCO,1052.57,1027.46,48.2,-23.09
2020-11-27,21,TECAMACHALCO,896.41,868.15,41.1,-12.85
2020-11-27,22,TECAMACHALCO,891.03,852.09,49.85,-10.9
2020-11-27,23,TECAMACHALCO,851.72,746.2,47.59,57.93
2020-11-27,24,TECAMACHALCO,881.99,841.35,51.18,-10.53
2020-11-27,1,TEHUACAN,564.93,531.42,33.51,0
2020-11-27,2,TEHUACAN,538.61,509.26,29.34,0
2020-11-27,3,TEHUACAN,515.85,488.16,27.7,0
2020-11-27,4,TEHUACAN,505.57,482.5,23.07,0
2020-11-27,5,TEHUACAN,510.8,486.96,23.84,0
2020-11-27,6,TEHUACAN,517.51,491.07,26.44,0
2020-11-27,7,TEHUACAN,539.68,510.12,29.56,0
2020-11-27,8,TEHUACAN,548.66,519.28,29.39,0
2020-11-27,9,TEHUACAN,542.16,510.65,31.51,0
2020-11-27,10,TEHUACAN,564.19,527.49,36.7,0
2020-11-27,11,TEHUACAN,564.08,526.67,37.41,0
2020-11-27,12,TEHUACAN,574.54,536.37,38.17,0
2020-11-27,13,TEHUACAN,585.39,547.07,38.32,0
2020-11-27,14,TEHUACAN,582.73,546.07,36.66,0
2020-11-27,15,TEHUACAN,679.72,633.7,46.02,0
2020-11-27,16,TEHUACAN,681.27,634.71,46.56,0
2020-11-27,17,TEHUACAN,821.58,766.54,58.53,-3.49
2020-11-27,18,TEHUACAN,901.2,857.91,58.7,-15.4
2020-11-27,19,TEHUACAN,1109.65,1061.04,72.7,-24.09
2020-11-27,20,TEHUACAN,1076.59,1027.46,71.77,-22.65
2020-11-27,21,TEHUACAN,918.56,868.15,63.04,-12.63
2020-11-27,22,TEHUACAN,914.96,852.09,73.6,-10.73
2020-11-27,23,TEHUACAN,872.4,746.2,68.85,57.34
2020-11-27,24,TEHUACAN,906.34,841.35,75.43,-10.44
2020-11-27,1,TEHUANTEPEC,533.22,531.42,1.8,0
2020-11-27,2,TEHUANTEPEC,506.35,509.26,-2.91,0
2020-11-27,3,TEHUANTEPEC,482.58,488.16,-5.58,0
2020-11-27,4,TEHUANTEPEC,471.02,482.5,-11.48,0
2020-11-27,5,TEHUANTEPEC,477.25,486.96,-9.71,0
2020-11-27,6,TEHUANTEPEC,484.28,491.07,-6.78,0
2020-11-27,7,TEHUANTEPEC,504.43,510.12,-5.7,0
2020-11-27,8,TEHUANTEPEC,507.43,519.28,-11.84,0
2020-11-27,9,TEHUANTEPEC,498.28,510.65,-12.37,0
2020-11-27,10,TEHUANTEPEC,516.2,527.49,-11.29,0
2020-11-27,11,TEHUANTEPEC,515.72,526.67,-10.96,0
2020-11-27,12,TEHUANTEPEC,524.37,536.37,-12,0
2020-11-27,13,TEHUANTEPEC,537.39,547.07,-9.68,0
2020-11-27,14,TEHUANTEPEC,534.25,546.07,-11.83,0
2020-11-27,15,TEHUANTEPEC,623.12,633.7,-10.58,0
2020-11-27,16,TEHUANTEPEC,626.66,634.72,-8.06,0
2020-11-27,17,TEHUANTEPEC,764.87,766.54,1.78,-3.46
2020-11-27,18,TEHUANTEPEC,836.58,857.91,-6.09,-15.25
2020-11-27,19,TEHUANTEPEC,1030.03,1061.04,-7.17,-23.85
2020-11-27,20,TEHUANTEPEC,1007.91,1027.46,2.86,-22.42
2020-11-27,21,TEHUANTEPEC,878.06,868.15,22.19,-12.29
2020-11-27,22,TEHUANTEPEC,897.83,852.09,56.19,-10.45
2020-11-27,23,TEHUANTEPEC,865.76,746.2,63.31,56.25
2020-11-27,24,TEHUANTEPEC,907.19,841.35,76.02,-10.17
2020-11-27,1,TEPIC VALLARTA,540.34,531.42,8.92,0
2020-11-27,2,TEPIC VALLARTA,515.16,509.26,5.89,0
2020-11-27,3,TEPIC VALLARTA,491.2,488.16,3.04,0
2020-11-27,4,TEPIC VALLARTA,486.5,482.5,4,0
2020-11-27,5,TEPIC VALLARTA,489.84,486.96,2.88,0
2020-11-27,6,TEPIC VALLARTA,493.79,491.07,2.72,0
2020-11-27,7,TEPIC VALLARTA,509.68,510.12,-.44,0
2020-11-27,8,TEPIC VALLARTA,520.82,519.28,1.55,0
2020-11-27,9,TEPIC VALLARTA,510.44,510.65,-.22,0
2020-11-27,10,TEPIC VALLARTA,525.94,527.49,-1.55,0
2020-11-27,11,TEPIC VALLARTA,527.2,526.67,.52,0
2020-11-27,12,TEPIC VALLARTA,538.91,536.37,2.54,0
2020-11-27,13,TEPIC VALLARTA,551.23,547.07,4.17,0
2020-11-27,14,TEPIC VALLARTA,549.03,546.07,2.96,0
2020-11-27,15,TEPIC VALLARTA,632.22,633.7,-1.48,0
2020-11-27,16,TEPIC VALLARTA,632.05,634.72,-2.67,0
2020-11-27,17,TEPIC VALLARTA,758.09,766.54,-3.74,-4.72
2020-11-27,18,TEPIC VALLARTA,835.01,857.91,-2.13,-20.77
2020-11-27,19,TEPIC VALLARTA,1006.92,1061.04,-19.27,-34.85
2020-11-27,20,TEPIC VALLARTA,972.34,1027.46,-22.35,-32.77
2020-11-27,21,TEPIC VALLARTA,843.6,868.15,-6.24,-18.32
2020-11-27,22,TEPIC VALLARTA,824.74,852.09,-11.73,-15.62
2020-11-27,23,TEPIC VALLARTA,641.21,746.2,-16.62,-88.37
2020-11-27,24,TEPIC VALLARTA,829.57,841.35,-2.44,-9.35
2020-11-27,1,TEZIUTLAN,541.85,531.42,10.43,0
2020-11-27,2,TEZIUTLAN,518.72,509.26,9.46,0
2020-11-27,3,TEZIUTLAN,497.52,488.16,9.37,0
2020-11-27,4,TEZIUTLAN,489.12,482.5,6.63,0
2020-11-27,5,TEZIUTLAN,493.7,486.96,6.74,0
2020-11-27,6,TEZIUTLAN,497.57,491.07,6.5,0
2020-11-27,7,TEZIUTLAN,519.06,510.12,8.93,0
2020-11-27,8,TEZIUTLAN,525.54,519.28,6.27,0
2020-11-27,9,TEZIUTLAN,517.29,510.65,6.63,0
2020-11-27,10,TEZIUTLAN,536.42,527.49,8.93,0
2020-11-27,11,TEZIUTLAN,536.21,526.67,9.53,0
2020-11-27,12,TEZIUTLAN,547.32,536.37,10.95,0
2020-11-27,13,TEZIUTLAN,556.16,547.07,9.09,0
2020-11-27,14,TEZIUTLAN,555.76,546.07,9.69,0
2020-11-27,15,TEZIUTLAN,649.11,633.7,15.41,0
2020-11-27,16,TEZIUTLAN,649,634.71,14.28,0
2020-11-27,17,TEZIUTLAN,779.08,766.54,17.48,-4.95
2020-11-27,18,TEZIUTLAN,848.41,857.91,12.32,-21.82
2020-11-27,19,TEZIUTLAN,1048.27,1061.04,21.36,-34.13
2020-11-27,20,TEZIUTLAN,1018.55,1027.46,23.17,-32.09
2020-11-27,21,TEZIUTLAN,865.2,868.15,15.03,-17.99
2020-11-27,22,TEZIUTLAN,856.29,852.09,19.5,-15.3
2020-11-27,23,TEZIUTLAN,842.52,746.2,19.19,77.13
2020-11-27,24,TEZIUTLAN,845.16,841.35,18.59,-14.78
2020-11-27,1,TICUL,570.9,531.42,39.48,0
2020-11-27,2,TICUL,539.1,509.26,29.84,0
2020-11-27,3,TICUL,518.04,488.16,29.89,0
2020-11-27,4,TICUL,502.44,482.5,19.94,0
2020-11-27,5,TICUL,507.12,486.96,20.16,0
2020-11-27,6,TICUL,513.42,491.07,22.36,0
2020-11-27,7,TICUL,530.93,510.12,20.81,0
2020-11-27,8,TICUL,538.31,519.28,19.03,0
2020-11-27,9,TICUL,533.03,510.65,22.38,0
2020-11-27,10,TICUL,558.21,527.49,30.72,0
2020-11-27,11,TICUL,565,526.67,38.33,0
2020-11-27,12,TICUL,576.83,536.37,40.46,0
2020-11-27,13,TICUL,586.88,547.07,39.82,0
2020-11-27,14,TICUL,577.71,546.07,31.64,0
2020-11-27,15,TICUL,671.88,633.7,38.19,0
2020-11-27,16,TICUL,675.14,634.71,40.43,0
2020-11-27,17,TICUL,813.96,766.54,50.89,-3.47
2020-11-27,18,TICUL,898.35,857.91,55.77,-15.33
2020-11-27,19,TICUL,1099.61,1061.04,62.54,-23.97
2020-11-27,20,TICUL,1060.06,1027.46,55.13,-22.53
2020-11-27,21,TICUL,905.87,868.15,50.08,-12.36
2020-11-27,22,TICUL,920.66,852.09,79.08,-10.5
2020-11-27,23,TICUL,887.43,746.2,84.79,56.44
2020-11-27,24,TICUL,923.32,841.35,92.2,-10.23
2020-11-27,1,TLAXCALA,550.08,531.42,18.65,0
2020-11-27,2,TLAXCALA,525.64,509.26,16.38,0
2020-11-27,3,TLAXCALA,504.13,488.16,15.97,0
2020-11-27,4,TLAXCALA,495.45,482.5,12.95,0
2020-11-27,5,TLAXCALA,499.74,486.96,12.78,0
2020-11-27,6,TLAXCALA,505.95,491.07,14.88,0
2020-11-27,7,TLAXCALA,527.91,510.12,17.79,0
2020-11-27,8,TLAXCALA,535.66,519.28,16.39,0
2020-11-27,9,TLAXCALA,526.85,510.65,16.19,0
2020-11-27,10,TLAXCALA,546.78,527.49,19.29,0
2020-11-27,11,TLAXCALA,546.21,526.67,19.54,0
2020-11-27,12,TLAXCALA,556.37,536.37,20.01,0
2020-11-27,13,TLAXCALA,566.7,547.07,19.63,0
2020-11-27,14,TLAXCALA,565.93,546.07,19.86,0
2020-11-27,15,TLAXCALA,660.82,633.7,27.13,0
2020-11-27,16,TLAXCALA,661.45,634.71,26.73,0
2020-11-27,17,TLAXCALA,797.02,766.54,34.06,-3.57
2020-11-27,18,TLAXCALA,875.63,857.91,33.49,-15.77
2020-11-27,19,TLAXCALA,1081.63,1061.04,45.2,-24.62
2020-11-27,20,TLAXCALA,1049.28,1027.46,44.91,-23.09
2020-11-27,21,TLAXCALA,891.82,868.15,36.53,-12.87
2020-11-27,22,TLAXCALA,884.07,852.09,42.92,-10.94
2020-11-27,23,TLAXCALA,844.6,746.2,40.79,57.61
2020-11-27,24,TLAXCALA,874.61,841.35,43.86,-10.6
2020-11-27,1,TUXTLA,552.83,531.42,21.41,0
2020-11-27,2,TUXTLA,524.79,509.26,15.53,0
2020-11-27,3,TUXTLA,502.07,488.16,13.91,0
2020-11-27,4,TUXTLA,489.44,482.5,6.94,0
2020-11-27,5,TUXTLA,494.68,486.96,7.72,0
2020-11-27,6,TUXTLA,502.61,491.07,11.55,0
2020-11-27,7,TUXTLA,522.43,510.12,12.3,0
2020-11-27,8,TUXTLA,528.29,519.28,9.02,0
2020-11-27,9,TUXTLA,521.93,510.65,11.27,0
2020-11-27,10,TUXTLA,543.43,527.49,15.94,0
2020-11-27,11,TUXTLA,545.42,526.67,18.75,0
2020-11-27,12,TUXTLA,556.07,536.37,19.7,0
2020-11-27,13,TUXTLA,568.37,547.07,21.3,0
2020-11-27,14,TUXTLA,565.67,546.07,19.6,0
2020-11-27,15,TUXTLA,658.11,633.7,24.41,0
2020-11-27,16,TUXTLA,659.99,634.72,25.27,0
2020-11-27,17,TUXTLA,797.08,766.54,34.02,-3.47
2020-11-27,18,TUXTLA,871.55,857.91,28.96,-15.32
2020-11-27,19,TUXTLA,1059.43,1061.04,22.36,-23.97
2020-11-27,20,TUXTLA,1023.38,1027.46,18.45,-22.53
2020-11-27,21,TUXTLA,878.12,868.15,22.32,-12.35
2020-11-27,22,TUXTLA,897.47,852.09,55.88,-10.5
2020-11-27,23,TUXTLA,867.97,746.2,65.34,56.43
2020-11-27,24,TUXTLA,903.79,841.35,72.67,-10.23
2020-11-27,1,URUAPAN,553.69,531.42,22.27,0
2020-11-27,2,URUAPAN,527.78,509.26,18.52,0
2020-11-27,3,URUAPAN,502.76,488.16,14.61,0
2020-11-27,4,URUAPAN,497.87,482.5,15.37,0
2020-11-27,5,URUAPAN,501.75,486.96,14.79,0
2020-11-27,6,URUAPAN,507.17,491.07,16.1,0
2020-11-27,7,URUAPAN,526.75,510.12,16.62,0
2020-11-27,8,URUAPAN,539.35,519.28,20.08,0
2020-11-27,9,URUAPAN,533.36,510.65,22.7,0
2020-11-27,10,URUAPAN,553.48,527.49,25.99,0
2020-11-27,11,URUAPAN,552.94,526.67,26.27,0
2020-11-27,12,URUAPAN,564.44,536.37,28.07,0
2020-11-27,13,URUAPAN,577.17,547.07,30.1,0
2020-11-27,14,URUAPAN,574.69,546.07,28.61,0
2020-11-27,15,URUAPAN,666.14,633.7,32.44,0
2020-11-27,16,URUAPAN,667.79,634.71,33.08,0
2020-11-27,17,URUAPAN,807.15,766.54,37.57,3.04
2020-11-27,18,URUAPAN,914.93,857.91,43.62,13.4
2020-11-27,19,URUAPAN,1129.86,1061.04,48.37,20.45
2020-11-27,20,URUAPAN,1094.82,1027.46,48.14,19.22
2020-11-27,21,URUAPAN,920.39,868.15,41.5,10.74
2020-11-27,22,URUAPAN,897.87,852.09,36.66,9.13
2020-11-27,23,URUAPAN,776.58,746.2,29.02,1.36
2020-11-27,24,URUAPAN,885.08,841.35,34.09,9.64
2020-11-27,1,VDM CENTRO,554.02,531.42,22.6,0
2020-11-27,2,VDM CENTRO,528.98,509.26,19.71,0
2020-11-27,3,VDM CENTRO,507.14,488.16,18.98,0
2020-11-27,4,VDM CENTRO,499.2,482.5,16.71,0
2020-11-27,5,VDM CENTRO,503.94,486.96,16.99,0
2020-11-27,6,VDM CENTRO,509.73,491.07,18.67,0
2020-11-27,7,VDM CENTRO,531.7,510.12,21.57,0
2020-11-27,8,VDM CENTRO,540.76,519.28,21.48,0
2020-11-27,9,VDM CENTRO,534.56,510.65,23.91,0
2020-11-27,10,VDM CENTRO,554.48,527.49,26.99,0
2020-11-27,11,VDM CENTRO,553.51,526.67,26.84,0
2020-11-27,12,VDM CENTRO,563.67,536.37,27.3,0
2020-11-27,13,VDM CENTRO,574.78,547.07,27.71,0
2020-11-27,14,VDM CENTRO,574.97,546.07,28.89,0
2020-11-27,15,VDM CENTRO,672.45,633.7,38.75,0
2020-11-27,16,VDM CENTRO,673.01,634.71,38.3,0
2020-11-27,17,VDM CENTRO,810.03,766.54,46.29,-2.8
2020-11-27,18,VDM CENTRO,891.67,857.91,46.1,-12.34
2020-11-27,19,VDM CENTRO,1100.92,1061.04,59.23,-19.35
2020-11-27,20,VDM CENTRO,1067.73,1027.46,58.47,-18.21
2020-11-27,21,VDM CENTRO,907.18,868.15,49.19,-10.16
2020-11-27,22,VDM CENTRO,896.28,852.09,52.83,-8.64
2020-11-27,23,VDM CENTRO,840.61,746.2,47.75,46.66
2020-11-27,24,VDM CENTRO,883.6,841.35,50.46,-8.21
2020-11-27,1,VDM NORTE,552.88,531.42,21.45,0
2020-11-27,2,VDM NORTE,528.19,509.26,18.93,0
2020-11-27,3,VDM NORTE,506.65,488.16,18.49,0
2020-11-27,4,VDM NORTE,498.84,482.5,16.34,0
2020-11-27,5,VDM NORTE,503.61,486.96,16.65,0
2020-11-27,6,VDM NORTE,509.14,491.07,18.07,0
2020-11-27,7,VDM NORTE,530.82,510.12,20.7,0
2020-11-27,8,VDM NORTE,539.63,519.28,20.35,0
2020-11-27,9,VDM NORTE,533.18,510.65,22.53,0
2020-11-27,10,VDM NORTE,552.71,527.49,25.22,0
2020-11-27,11,VDM NORTE,551.47,526.67,24.8,0
2020-11-27,12,VDM NORTE,561.46,536.37,25.09,0
2020-11-27,13,VDM NORTE,572.46,547.07,25.39,0
2020-11-27,14,VDM NORTE,572.7,546.07,26.63,0
2020-11-27,15,VDM NORTE,669.89,633.7,36.19,0
2020-11-27,16,VDM NORTE,670.38,634.72,35.67,0
2020-11-27,17,VDM NORTE,806.77,766.54,42.96,-2.73
2020-11-27,18,VDM NORTE,888.09,857.91,42.21,-12.03
2020-11-27,19,VDM NORTE,1096.08,1061.04,53.89,-18.85
2020-11-27,20,VDM NORTE,1063.16,1027.46,53.41,-17.72
2020-11-27,21,VDM NORTE,903.27,868.15,45,-9.88
2020-11-27,22,VDM NORTE,892.1,852.09,48.41,-8.4
2020-11-27,23,VDM NORTE,835.76,746.2,44.14,45.41
2020-11-27,24,VDM NORTE,880.28,841.35,46.91,-7.98
2020-11-27,1,VDM SUR,557.85,531.42,26.43,0
2020-11-27,2,VDM SUR,532.7,509.26,23.44,0
2020-11-27,3,VDM SUR,510.77,488.16,22.61,0
2020-11-27,4,VDM SUR,503.02,482.5,20.52,0
2020-11-27,5,VDM SUR,507.83,486.96,20.87,0
2020-11-27,6,VDM SUR,513.57,491.07,22.5,0
2020-11-27,7,VDM SUR,535.51,510.12,25.39,0
2020-11-27,8,VDM SUR,544.64,519.28,25.36,0
2020-11-27,9,VDM SUR,538.4,510.65,27.75,0
2020-11-27,10,VDM SUR,558.23,527.49,30.74,0
2020-11-27,11,VDM SUR,557.12,526.67,30.45,0
2020-11-27,12,VDM SUR,567.18,536.37,30.81,0
2020-11-27,13,VDM SUR,578.47,547.07,31.4,0
2020-11-27,14,VDM SUR,578.31,546.07,32.24,0
2020-11-27,15,VDM SUR,675.85,633.7,42.15,0
2020-11-27,16,VDM SUR,676.49,634.72,41.78,0
2020-11-27,17,VDM SUR,814.33,766.54,50.5,-2.71
2020-11-27,18,VDM SUR,896.92,857.91,50.96,-11.96
2020-11-27,19,VDM SUR,1107.21,1061.04,64.94,-18.77
2020-11-27,20,VDM SUR,1073.86,1027.46,64.05,-17.65
2020-11-27,21,VDM SUR,912.37,868.15,54.05,-9.84
2020-11-27,22,VDM SUR,901.21,852.09,57.48,-8.36
2020-11-27,23,VDM SUR,844.05,746.2,52.16,45.7
2020-11-27,24,VDM SUR,889.24,841.35,55.79,-7.9
2020-11-27,1,VERACRUZ,545.69,531.42,14.27,0
2020-11-27,2,VERACRUZ,520.33,509.26,11.06,0
2020-11-27,3,VERACRUZ,498.24,488.16,10.08,0
2020-11-27,4,VERACRUZ,488.18,482.5,5.68,0
2020-11-27,5,VERACRUZ,492.71,486.96,5.75,0
2020-11-27,6,VERACRUZ,497.38,491.07,6.31,0
2020-11-27,7,VERACRUZ,517.51,510.12,7.39,0
2020-11-27,8,VERACRUZ,524.45,519.28,5.18,0
2020-11-27,9,VERACRUZ,517.79,510.65,7.14,0
2020-11-27,10,VERACRUZ,539.25,527.49,11.75,0
2020-11-27,11,VERACRUZ,539.24,526.67,12.57,0
2020-11-27,12,VERACRUZ,549.42,536.37,13.05,0
2020-11-27,13,VERACRUZ,560.69,547.07,13.62,0
2020-11-27,14,VERACRUZ,559.41,546.07,13.34,0
2020-11-27,15,VERACRUZ,651.62,633.7,17.92,0
2020-11-27,16,VERACRUZ,652.23,634.72,17.52,0
2020-11-27,17,VERACRUZ,785.2,766.54,22.66,-4
2020-11-27,18,VERACRUZ,858.9,857.91,18.66,-17.67
2020-11-27,19,VERACRUZ,1056.32,1061.04,22.84,-27.56
2020-11-27,20,VERACRUZ,1025.3,1027.46,23.77,-25.93
2020-11-27,21,VERACRUZ,874.08,868.15,20.68,-14.75
2020-11-27,22,VERACRUZ,871.41,852.09,31.87,-12.54
2020-11-27,23,VERACRUZ,845.08,746.2,32.87,66
2020-11-27,24,VERACRUZ,864.78,841.35,35.65,-12.22
2020-11-27,1,VICTORIA,479.24,531.42,-52.18,0
2020-11-27,2,VICTORIA,462.98,509.26,-46.28,0
2020-11-27,3,VICTORIA,444.95,488.16,-43.21,0
2020-11-27,4,VICTORIA,441.22,482.5,-41.28,0
2020-11-27,5,VICTORIA,445.95,486.96,-41.01,0
2020-11-27,6,VICTORIA,448.56,491.07,-42.51,0
2020-11-27,7,VICTORIA,462.31,510.12,-47.82,0
2020-11-27,8,VICTORIA,470.97,519.28,-48.3,0
2020-11-27,9,VICTORIA,463.76,510.65,-46.89,0
2020-11-27,10,VICTORIA,477,527.49,-50.49,0
2020-11-27,11,VICTORIA,474.44,526.67,-52.23,0
2020-11-27,12,VICTORIA,483.49,536.37,-52.88,0
2020-11-27,13,VICTORIA,494.27,547.07,-52.8,0
2020-11-27,14,VICTORIA,491.97,546.07,-54.11,0
2020-11-27,15,VICTORIA,567.13,633.7,-66.57,0
2020-11-27,16,VICTORIA,566.11,634.71,-68.61,0
2020-11-27,17,VICTORIA,643.75,766.54,-85.27,-37.53
2020-11-27,18,VICTORIA,607.1,857.91,-85.23,-165.57
2020-11-27,19,VICTORIA,698.41,1061.04,-104.67,-257.95
2020-11-27,20,VICTORIA,684.42,1027.46,-100.55,-242.49
2020-11-27,21,VICTORIA,649.86,868.15,-82.84,-135.45
2020-11-27,22,VICTORIA,652.79,852.09,-84.15,-115.15
2020-11-27,23,VICTORIA,551.71,746.2,-76.56,-117.93
2020-11-27,24,VICTORIA,642.58,841.35,-87.02,-111.76
2020-11-27,1,VILLAHERMOSA,551.29,531.42,19.87,0
2020-11-27,2,VILLAHERMOSA,522.24,509.26,12.97,0
2020-11-27,3,VILLAHERMOSA,499.4,488.16,11.25,0
2020-11-27,4,VILLAHERMOSA,485.79,482.5,3.3,0
2020-11-27,5,VILLAHERMOSA,490.15,486.96,3.19,0
2020-11-27,6,VILLAHERMOSA,497.02,491.07,5.95,0
2020-11-27,7,VILLAHERMOSA,515.16,510.12,5.04,0
2020-11-27,8,VILLAHERMOSA,520.95,519.28,1.67,0
2020-11-27,9,VILLAHERMOSA,515.16,510.65,4.51,0
2020-11-27,10,VILLAHERMOSA,537.08,527.49,9.59,0
2020-11-27,11,VILLAHERMOSA,539.95,526.67,13.28,0
2020-11-27,12,VILLAHERMOSA,550.83,536.37,14.47,0
2020-11-27,13,VILLAHERMOSA,563.47,547.07,16.4,0
2020-11-27,14,VILLAHERMOSA,559.55,546.07,13.47,0
2020-11-27,15,VILLAHERMOSA,652.35,633.7,18.66,0
2020-11-27,16,VILLAHERMOSA,654.22,634.72,19.5,0
2020-11-27,17,VILLAHERMOSA,789.25,766.54,26.18,-3.47
2020-11-27,18,VILLAHERMOSA,864.14,857.91,21.56,-15.33
2020-11-27,19,VILLAHERMOSA,1056.69,1061.04,19.63,-23.97
2020-11-27,20,VILLAHERMOSA,1022.35,1027.46,17.42,-22.53
2020-11-27,21,VILLAHERMOSA,877.25,868.15,21.45,-12.36
2020-11-27,22,VILLAHERMOSA,895.17,852.09,53.58,-10.5
2020-11-27,23,VILLAHERMOSA,865.07,746.2,62.43,56.44
2020-11-27,24,VILLAHERMOSA,900.19,841.35,69.07,-10.23
2020-11-27,1,XALAPA,548.35,531.42,16.93,0
2020-11-27,2,XALAPA,524.21,509.26,14.95,0
2020-11-27,3,XALAPA,502.34,488.16,14.19,0
2020-11-27,4,XALAPA,492.49,482.5,9.99,0
2020-11-27,5,XALAPA,496.8,486.96,9.84,0
2020-11-27,6,XALAPA,501.95,491.07,10.88,0
2020-11-27,7,XALAPA,524.81,510.12,14.69,0
2020-11-27,8,XALAPA,531.84,519.28,12.56,0
2020-11-27,9,XALAPA,522.53,510.65,11.88,0
2020-11-27,10,XALAPA,542.47,527.49,14.98,0
2020-11-27,11,XALAPA,541.93,526.67,15.26,0
2020-11-27,12,XALAPA,552.72,536.37,16.35,0
2020-11-27,13,XALAPA,561.75,547.07,14.68,0
2020-11-27,14,XALAPA,561.57,546.07,15.5,0
2020-11-27,15,XALAPA,655.62,633.7,21.93,0
2020-11-27,16,XALAPA,656.14,634.72,21.43,0
2020-11-27,17,XALAPA,788.95,766.54,27.13,-4.73
2020-11-27,18,XALAPA,859.92,857.91,22.9,-20.89
2020-11-27,19,XALAPA,1066.31,1061.04,37.95,-32.68
2020-11-27,20,XALAPA,1035.74,1027.46,38.99,-30.72
2020-11-27,21,XALAPA,876.6,868.15,25.72,-17.27
2020-11-27,22,XALAPA,867.29,852.09,29.88,-14.68
2020-11-27,23,XALAPA,850.4,746.2,29.85,74.35
2020-11-27,24,XALAPA,857.51,841.35,30.34,-14.18
2020-11-27,1,ZACAPU,549.15,531.42,17.72,0
2020-11-27,2,ZACAPU,524.21,509.26,14.94,0
2020-11-27,3,ZACAPU,499.74,488.16,11.59,0
2020-11-27,4,ZACAPU,495.01,482.5,12.51,0
2020-11-27,5,ZACAPU,498.98,486.96,12.02,0
2020-11-27,6,ZACAPU,504.22,491.07,13.15,0
2020-11-27,7,ZACAPU,523.46,510.12,13.34,0
2020-11-27,8,ZACAPU,535.08,519.28,15.81,0
2020-11-27,9,ZACAPU,528.31,510.65,17.65,0
2020-11-27,10,ZACAPU,547.14,527.49,19.65,0
2020-11-27,11,ZACAPU,546.13,526.67,19.46,0
2020-11-27,12,ZACAPU,556.9,536.37,20.54,0
2020-11-27,13,ZACAPU,568.93,547.07,21.86,0
2020-11-27,14,ZACAPU,566.16,546.07,20.09,0
2020-11-27,15,ZACAPU,656.29,633.7,22.59,0
2020-11-27,16,ZACAPU,657.84,634.71,23.12,0
2020-11-27,17,ZACAPU,795.4,766.54,25.73,3.13
2020-11-27,18,ZACAPU,902.32,857.91,30.59,13.82
2020-11-27,19,ZACAPU,1114.84,1061.04,32.71,21.09
2020-11-27,20,ZACAPU,1079.77,1027.46,32.49,19.82
2020-11-27,21,ZACAPU,908.59,868.15,29.37,11.07
2020-11-27,22,ZACAPU,886.88,852.09,25.39,9.41
2020-11-27,23,ZACAPU,767.16,746.2,20.06,.9
2020-11-27,24,ZACAPU,876.31,841.35,25.03,9.92
2020-11-27,1,ZACATECAS,542.74,531.42,11.32,0
2020-11-27,2,ZACATECAS,519.79,509.26,10.52,0
2020-11-27,3,ZACATECAS,496.82,488.16,8.67,0
2020-11-27,4,ZACATECAS,492.14,482.5,9.64,0
2020-11-27,5,ZACATECAS,496.47,486.96,9.52,0
2020-11-27,6,ZACATECAS,501.37,491.07,10.3,0
2020-11-27,7,ZACATECAS,519.62,510.12,9.5,0
2020-11-27,8,ZACATECAS,530.14,519.28,10.86,0
2020-11-27,9,ZACATECAS,516.75,510.65,6.1,0
2020-11-27,10,ZACATECAS,530.39,527.49,2.9,0
2020-11-27,11,ZACATECAS,529.52,526.67,2.85,0
2020-11-27,12,ZACATECAS,540.59,536.37,4.22,0
2020-11-27,13,ZACATECAS,552.17,547.07,5.11,0
2020-11-27,14,ZACATECAS,549.22,546.07,3.15,0
2020-11-27,15,ZACATECAS,634.82,633.7,1.12,0
2020-11-27,16,ZACATECAS,635.99,634.72,1.28,0
2020-11-27,17,ZACATECAS,777.51,766.54,1.27,9.7
2020-11-27,18,ZACATECAS,918.85,857.91,18.11,42.84
2020-11-27,19,ZACATECAS,1154.77,1061.04,22.98,70.75
2020-11-27,20,ZACATECAS,1119.18,1027.46,23.42,68.31
2020-11-27,21,ZACATECAS,928.37,868.15,23.1,37.12
2020-11-27,22,ZACATECAS,900.77,852.09,18.69,29.99
2020-11-27,23,ZACATECAS,733.91,746.2,10.58,-22.87
2020-11-27,24,ZACATECAS,881.24,841.35,11.38,28.5
2020-11-27,1,ZAMORA,553.24,531.42,21.82,0
2020-11-27,2,ZAMORA,527.71,509.26,18.44,0
2020-11-27,3,ZAMORA,502.28,488.16,14.12,0
2020-11-27,4,ZAMORA,497.97,482.5,15.47,0
2020-11-27,5,ZAMORA,501.93,486.96,14.97,0
2020-11-27,6,ZAMORA,507.22,491.07,16.15,0
2020-11-27,7,ZAMORA,526.77,510.12,16.64,0
2020-11-27,8,ZAMORA,539.39,519.28,20.12,0
2020-11-27,9,ZAMORA,532.34,510.65,21.69,0
2020-11-27,10,ZAMORA,551.87,527.49,24.38,0
2020-11-27,11,ZAMORA,551,526.67,24.33,0
2020-11-27,12,ZAMORA,562.26,536.37,25.89,0
2020-11-27,13,ZAMORA,574.43,547.07,27.37,0
2020-11-27,14,ZAMORA,571.45,546.07,25.38,0
2020-11-27,15,ZAMORA,661.81,633.7,28.12,0
2020-11-27,16,ZAMORA,663.55,634.71,28.83,0
2020-11-27,17,ZAMORA,802.51,766.54,32.61,3.36
2020-11-27,18,ZAMORA,910.98,857.91,38.24,14.83
2020-11-27,19,ZAMORA,1120.81,1061.04,37.23,22.54
2020-11-27,20,ZAMORA,1085.04,1027.46,36.39,21.19
2020-11-27,21,ZAMORA,913.26,868.15,33.27,11.83
2020-11-27,22,ZAMORA,890.72,852.09,28.57,10.07
2020-11-27,23,ZAMORA,768.36,746.2,22.73,-.57
2020-11-27,24,ZAMORA,881.65,841.35,29.51,10.79
2020-11-27,1,ZAPOTLAN,548.21,531.42,16.79,0
2020-11-27,2,ZAPOTLAN,522.59,509.26,13.33,0
2020-11-27,3,ZAPOTLAN,496.54,488.16,8.38,0
2020-11-27,4,ZAPOTLAN,493.23,482.5,10.73,0
2020-11-27,5,ZAPOTLAN,496.64,486.96,9.68,0
2020-11-27,6,ZAPOTLAN,501.72,491.07,10.65,0
2020-11-27,7,ZAPOTLAN,519.83,510.12,9.71,0
2020-11-27,8,ZAPOTLAN,532.37,519.28,13.09,0
2020-11-27,9,ZAPOTLAN,524.97,510.65,14.32,0
2020-11-27,10,ZAPOTLAN,544.12,527.49,16.63,0
2020-11-27,11,ZAPOTLAN,543.61,526.67,16.94,0
2020-11-27,12,ZAPOTLAN,556.82,536.37,20.46,0
2020-11-27,13,ZAPOTLAN,567.58,547.07,20.52,0
2020-11-27,14,ZAPOTLAN,565.07,546.07,19,0
2020-11-27,15,ZAPOTLAN,653.29,633.7,19.59,0
2020-11-27,16,ZAPOTLAN,654.96,634.72,20.25,0
2020-11-27,17,ZAPOTLAN,789.56,766.54,20.1,2.91
2020-11-27,18,ZAPOTLAN,895,857.91,24.23,12.85
2020-11-27,19,ZAPOTLAN,1090.77,1061.04,10.98,18.75
2020-11-27,20,ZAPOTLAN,1056.79,1027.46,11.72,17.61
2020-11-27,21,ZAPOTLAN,894.29,868.15,16.3,9.83
2020-11-27,22,ZAPOTLAN,871.37,852.09,10.92,8.36
2020-11-27,23,ZAPOTLAN,746.05,746.2,6.21,-6.36
2020-11-27,24,ZAPOTLAN,865.36,841.35,13.64,10.38
2020-11-27,1,ZIHUATANEJO,573.02,531.42,41.6,0
2020-11-27,2,ZIHUATANEJO,546.37,509.26,37.11,0
2020-11-27,3,ZIHUATANEJO,523.96,488.16,35.81,0
2020-11-27,4,ZIHUATANEJO,517.4,482.5,34.9,0
2020-11-27,5,ZIHUATANEJO,521.58,486.96,34.62,0
2020-11-27,6,ZIHUATANEJO,527.37,491.07,36.3,0
2020-11-27,7,ZIHUATANEJO,546.04,510.12,35.92,0
2020-11-27,8,ZIHUATANEJO,555.71,519.28,36.44,0
2020-11-27,9,ZIHUATANEJO,550.96,510.65,40.31,0
2020-11-27,10,ZIHUATANEJO,568.91,527.49,41.42,0
2020-11-27,11,ZIHUATANEJO,567.63,526.67,40.96,0
2020-11-27,12,ZIHUATANEJO,577.03,536.37,40.66,0
2020-11-27,13,ZIHUATANEJO,590.63,547.07,43.56,0
2020-11-27,14,ZIHUATANEJO,589.88,546.07,43.81,0
2020-11-27,15,ZIHUATANEJO,688.34,633.7,54.64,0
2020-11-27,16,ZIHUATANEJO,687.62,634.71,52.9,0
2020-11-27,17,ZIHUATANEJO,827.04,766.54,61.15,-.65
2020-11-27,18,ZIHUATANEJO,919.41,857.91,64.34,-2.84
2020-11-27,19,ZIHUATANEJO,1127.82,1061.04,71.64,-4.86
2020-11-27,20,ZIHUATANEJO,1092.8,1027.46,69.97,-4.63
2020-11-27,21,ZIHUATANEJO,927.19,868.15,61.59,-2.56
2020-11-27,22,ZIHUATANEJO,913.05,852.09,63.14,-2.18
2020-11-27,23,ZIHUATANEJO,838.33,746.2,62.88,29.25
2020-11-27,24,ZIHUATANEJO,915.82,841.35,75.98,-1.51
2020-11-28,1,ACAPULCO,865.14,765.65,102.52,-3.03
2020-11-28,2,ACAPULCO,627.45,557.12,70.28,.05
2020-11-28,3,ACAPULCO,604.38,538,66.35,.03
2020-11-28,4,ACAPULCO,583.75,522.89,60.86,0
2020-11-28,5,ACAPULCO,586.47,524.05,62.42,0
2020-11-28,6,ACAPULCO,593.86,530.31,63.56,0
2020-11-28,7,ACAPULCO,630.74,562.75,67.99,0
2020-11-28,8,ACAPULCO,1052.06,938.29,108.64,5.12
2020-11-28,9,ACAPULCO,1033.58,925.48,104.05,4.05
2020-11-28,10,ACAPULCO,1035.76,926.9,104.36,4.51
2020-11-28,11,ACAPULCO,1037.7,924.49,109.16,4.05
2020-11-28,12,ACAPULCO,1030.31,925.09,101.24,3.99
2020-11-28,13,ACAPULCO,1035.77,928.03,103.81,3.92
2020-11-28,14,ACAPULCO,974.03,868.43,102.03,3.58
2020-11-28,15,ACAPULCO,873.71,776.36,94.45,2.9
2020-11-28,16,ACAPULCO,779.37,691.81,85.42,2.14
2020-11-28,17,ACAPULCO,975,865.87,105.63,3.49
2020-11-28,18,ACAPULCO,1035.89,935.59,104.46,-4.16
2020-11-28,19,ACAPULCO,1648.16,1485.52,181.42,-18.78
2020-11-28,20,ACAPULCO,1427.03,1090.72,160.75,175.56
2020-11-28,21,ACAPULCO,1177.55,1036.6,151.03,-10.08
2020-11-28,22,ACAPULCO,1134.18,1007.12,137.1,-10.03
2020-11-28,23,ACAPULCO,1056.01,943.54,121.6,-9.13
2020-11-28,24,ACAPULCO,980.21,809.29,115.19,55.73
2020-11-28,1,AGUASCALIENTES,785.47,765.65,-7.35,27.17
2020-11-28,2,AGUASCALIENTES,553.84,557.12,-3.33,.04
2020-11-28,3,AGUASCALIENTES,536.3,538,-1.72,.03
2020-11-28,4,AGUASCALIENTES,521.83,522.89,-1.07,0
2020-11-28,5,AGUASCALIENTES,522.19,524.05,-1.85,0
2020-11-28,6,AGUASCALIENTES,528.28,530.31,-2.02,0
2020-11-28,7,AGUASCALIENTES,560.79,562.75,-1.96,0
2020-11-28,8,AGUASCALIENTES,961.64,938.29,9.36,13.98
2020-11-28,9,AGUASCALIENTES,938.22,925.48,-1.84,14.57
2020-11-28,10,AGUASCALIENTES,933.4,926.9,-9.63,16.13
2020-11-28,11,AGUASCALIENTES,927.1,924.49,-11.88,14.49
2020-11-28,12,AGUASCALIENTES,927.86,925.09,-11.48,14.25
2020-11-28,13,AGUASCALIENTES,929.1,928.03,-12.94,14
2020-11-28,14,AGUASCALIENTES,867.93,868.43,-13.3,12.81
2020-11-28,15,AGUASCALIENTES,774.46,776.36,-12.27,10.36
2020-11-28,16,AGUASCALIENTES,686.82,691.81,-12.65,7.66
2020-11-28,17,AGUASCALIENTES,866.87,865.87,-11.54,12.54
2020-11-28,18,AGUASCALIENTES,982.42,935.59,-6.39,53.22
2020-11-28,19,AGUASCALIENTES,1609.98,1485.52,-22.27,146.73
2020-11-28,20,AGUASCALIENTES,996.33,1090.72,-12.19,-82.2
2020-11-28,21,AGUASCALIENTES,1108.91,1036.6,-6.93,79.23
2020-11-28,22,AGUASCALIENTES,1080.07,1007.12,-6.58,79.54
2020-11-28,23,AGUASCALIENTES,1007.82,943.54,-7.79,72.06
2020-11-28,24,AGUASCALIENTES,815.2,809.29,-7.47,13.37
2020-11-28,1,APATZINGAN,819.86,765.65,47.39,6.83
2020-11-28,2,APATZINGAN,588.99,557.12,31.67,.21
2020-11-28,3,APATZINGAN,567.7,538,29.58,.12
2020-11-28,4,APATZINGAN,549.56,522.89,26.67,0
2020-11-28,5,APATZINGAN,551.07,524.05,27.03,0
2020-11-28,6,APATZINGAN,558.36,530.31,28.05,0
2020-11-28,7,APATZINGAN,595.22,562.75,32.47,0
2020-11-28,8,APATZINGAN,1035.06,938.29,68.73,28.04
2020-11-28,9,APATZINGAN,1022.54,925.48,73.33,23.72
2020-11-28,10,APATZINGAN,1029.06,926.9,75.81,26.35
2020-11-28,11,APATZINGAN,1025.58,924.49,77.35,23.74
2020-11-28,12,APATZINGAN,1024.49,925.09,76.05,23.35
2020-11-28,13,APATZINGAN,1027.33,928.03,76.33,22.96
2020-11-28,14,APATZINGAN,957.53,868.43,68.12,20.99
2020-11-28,15,APATZINGAN,857.51,776.36,64.19,16.96
2020-11-28,16,APATZINGAN,761.26,691.81,56.96,12.49
2020-11-28,17,APATZINGAN,959.07,865.87,72.77,20.43
2020-11-28,18,APATZINGAN,1027.64,935.59,71.39,20.65
2020-11-28,19,APATZINGAN,1625.98,1485.52,109.59,30.86
2020-11-28,20,APATZINGAN,1173.51,1090.72,87.12,-4.33
2020-11-28,21,APATZINGAN,1137.16,1036.6,83.97,16.59
2020-11-28,22,APATZINGAN,1101.25,1007.12,77.47,16.67
2020-11-28,23,APATZINGAN,1025.71,943.54,66.99,15.18
2020-11-28,24,APATZINGAN,873.58,809.29,53.45,10.84
2020-11-28,1,CABORCA,444.73,765.65,-163.22,-157.7
2020-11-28,2,CABORCA,425.52,557.12,-112.25,-19.35
2020-11-28,3,CABORCA,417.49,538,-109.65,-10.87
2020-11-28,4,CABORCA,426.1,522.89,-96.8,0
2020-11-28,5,CABORCA,433.63,524.05,-90.42,0
2020-11-28,6,CABORCA,442.57,530.31,-87.74,0
2020-11-28,7,CABORCA,470.93,562.75,-91.82,0
2020-11-28,8,CABORCA,353.67,938.29,-12.24,-572.38
2020-11-28,9,CABORCA,376.15,925.48,-61.78,-487.55
2020-11-28,10,CABORCA,246.41,926.9,-136.87,-543.62
2020-11-28,11,CABORCA,261.76,924.49,-173.02,-489.71
2020-11-28,12,CABORCA,260.16,925.09,-177.25,-487.68
2020-11-28,13,CABORCA,309.32,928.03,-138.96,-479.75
2020-11-28,14,CABORCA,310.24,868.43,-119.7,-438.49
2020-11-28,15,CABORCA,316.73,776.36,-105.3,-354.32
2020-11-28,16,CABORCA,322.94,691.81,-107.46,-261.41
2020-11-28,17,CABORCA,325.22,865.87,-117.99,-422.66
2020-11-28,18,CABORCA,425.7,935.59,-172.91,-336.99
2020-11-28,19,CABORCA,854.3,1485.52,-262.55,-368.67
2020-11-28,20,CABORCA,664.27,1090.72,-170.62,-255.83
2020-11-28,21,CABORCA,657.45,1036.6,-176.92,-202.24
2020-11-28,22,CABORCA,623.65,1007.12,-180.27,-203.19
2020-11-28,23,CABORCA,589.41,943.54,-169.09,-185.04
2020-11-28,24,CABORCA,502.32,809.29,-166.69,-140.28
2020-11-28,1,CAMARGO,538.41,765.65,-96.52,-130.72
2020-11-28,2,CAMARGO,489.75,557.12,-61.44,-5.94
2020-11-28,3,CAMARGO,479.79,538,-54.87,-3.34
2020-11-28,4,CAMARGO,476.24,522.89,-46.65,0
2020-11-28,5,CAMARGO,474.64,524.05,-49.41,0
2020-11-28,6,CAMARGO,477.71,530.31,-52.59,0
2020-11-28,7,CAMARGO,504.41,562.75,-58.34,0
2020-11-28,8,CAMARGO,532.64,938.29,-20.11,-385.55
2020-11-28,9,CAMARGO,535.37,925.48,-52.75,-337.36
2020-11-28,10,CAMARGO,471.79,926.9,-79.92,-375.19
2020-11-28,11,CAMARGO,481.23,924.49,-103.47,-339.79
2020-11-28,12,CAMARGO,494.28,925.09,-96.36,-334.45
2020-11-28,13,CAMARGO,499.49,928.03,-99.55,-329
2020-11-28,14,CAMARGO,475.94,868.43,-91.79,-300.69
2020-11-28,15,CAMARGO,454.18,776.36,-79.22,-242.96
2020-11-28,16,CAMARGO,438.62,691.81,-73.96,-179.23
2020-11-28,17,CAMARGO,481.81,865.87,-91.98,-292.08
2020-11-28,18,CAMARGO,502.2,935.59,-102.56,-330.83
2020-11-28,19,CAMARGO,703.39,1485.52,-216.94,-565.19
2020-11-28,20,CAMARGO,603.27,1090.72,-144.61,-342.84
2020-11-28,21,CAMARGO,591.45,1036.61,-140.61,-304.55
2020-11-28,22,CAMARGO,575.37,1007.12,-125.73,-306.02
2020-11-28,23,CAMARGO,555.33,943.54,-109.51,-278.7
2020-11-28,24,CAMARGO,504.31,809.29,-104.99,-199.99
2020-11-28,1,CAMPECHE,873.45,765.65,114.79,-6.99
2020-11-28,2,CAMPECHE,634.03,557.12,76.94,-.03
2020-11-28,3,CAMPECHE,601.81,538,63.83,-.02
2020-11-28,4,CAMPECHE,579.2,522.89,56.31,0
2020-11-28,5,CAMPECHE,577.64,524.05,53.59,0
2020-11-28,6,CAMPECHE,585.33,530.31,55.02,0
2020-11-28,7,CAMPECHE,616.85,562.75,54.1,0
2020-11-28,8,CAMPECHE,1013.09,938.29,79.67,-4.87
2020-11-28,9,CAMPECHE,1022.7,925.48,101.72,-4.5
2020-11-28,10,CAMPECHE,1037.11,926.9,115.21,-5
2020-11-28,11,CAMPECHE,1035.66,924.49,115.77,-4.6
2020-11-28,12,CAMPECHE,1040.84,925.09,120.27,-4.52
2020-11-28,13,CAMPECHE,1043.08,928.03,119.49,-4.45
2020-11-28,14,CAMPECHE,972.94,868.43,108.58,-4.06
2020-11-28,15,CAMPECHE,865.75,776.36,92.61,-3.21
2020-11-28,16,CAMPECHE,770.6,691.81,81.17,-2.37
2020-11-28,17,CAMPECHE,961.58,865.87,99.59,-3.88
2020-11-28,18,CAMPECHE,1038.96,935.59,117.19,-13.82
2020-11-28,19,CAMPECHE,1644.82,1485.52,196.01,-36.71
2020-11-28,20,CAMPECHE,1489.6,1090.72,138.22,260.66
2020-11-28,21,CAMPECHE,1145.63,1036.6,128.71,-19.69
2020-11-28,22,CAMPECHE,1131.96,1007.12,144.26,-19.42
2020-11-28,23,CAMPECHE,1086.92,943.54,161.06,-17.68
2020-11-28,24,CAMPECHE,1029.4,809.29,142.17,77.94
2020-11-28,1,CANCUN,857.82,765.65,99.16,-6.99
2020-11-28,2,CANCUN,622.43,557.12,65.34,-.03
2020-11-28,3,CANCUN,590.29,538,52.31,-.02
2020-11-28,4,CANCUN,567.34,522.89,44.45,0
2020-11-28,5,CANCUN,564.64,524.05,40.6,0
2020-11-28,6,CANCUN,572.55,530.31,42.25,0
2020-11-28,7,CANCUN,604.57,562.75,41.82,0
2020-11-28,8,CANCUN,997.04,938.29,63.62,-4.87
2020-11-28,9,CANCUN,1012.88,925.48,91.91,-4.5
2020-11-28,10,CANCUN,1028.85,926.9,106.96,-5
2020-11-28,11,CANCUN,1028.82,924.49,108.92,-4.6
2020-11-28,12,CANCUN,1035.49,925.09,114.92,-4.52
2020-11-28,13,CANCUN,1038.07,928.03,114.48,-4.45
2020-11-28,14,CANCUN,966.15,868.43,101.78,-4.06
2020-11-28,15,CANCUN,858.38,776.36,85.24,-3.21
2020-11-28,16,CANCUN,763.44,691.81,74,-2.37
2020-11-28,17,CANCUN,950.99,865.87,89,-3.88
2020-11-28,18,CANCUN,1026.13,935.59,104.36,-13.82
2020-11-28,19,CANCUN,1618.21,1485.52,169.4,-36.71
2020-11-28,20,CANCUN,1467.79,1090.72,116.41,260.66
2020-11-28,21,CANCUN,1123.38,1036.6,106.46,-19.69
2020-11-28,22,CANCUN,1108.87,1007.12,121.17,-19.42
2020-11-28,23,CANCUN,1064.98,943.54,139.12,-17.68
2020-11-28,24,CANCUN,1009.97,809.29,122.74,77.94
2020-11-28,1,CARMEN,913.1,765.65,154.44,-6.99
2020-11-28,2,CARMEN,661.59,557.12,104.5,-.03
2020-11-28,3,CARMEN,627.2,538,89.22,-.02
2020-11-28,4,CARMEN,603.25,522.89,80.36,0
2020-11-28,5,CARMEN,601.29,524.05,77.25,0
2020-11-28,6,CARMEN,608.27,530.31,77.97,0
2020-11-28,7,CARMEN,639.57,562.75,76.82,0
2020-11-28,8,CARMEN,1048.78,938.29,115.36,-4.87
2020-11-28,9,CARMEN,1056.44,925.48,135.47,-4.5
2020-11-28,10,CARMEN,1071.46,926.9,149.56,-5
2020-11-28,11,CARMEN,1070.05,924.49,150.16,-4.6
2020-11-28,12,CARMEN,1075.56,925.09,154.99,-4.52
2020-11-28,13,CARMEN,1078.42,928.03,154.84,-4.45
2020-11-28,14,CARMEN,1007.66,868.43,143.3,-4.06
2020-11-28,15,CARMEN,898.05,776.36,124.9,-3.21
2020-11-28,16,CARMEN,799.88,691.81,110.45,-2.37
2020-11-28,17,CARMEN,998.44,865.87,136.45,-3.88
2020-11-28,18,CARMEN,1080.21,935.59,158.44,-13.82
2020-11-28,19,CARMEN,1718.24,1485.52,269.43,-36.71
2020-11-28,20,CARMEN,1545.97,1090.72,194.6,260.66
2020-11-28,21,CARMEN,1201.17,1036.6,184.25,-19.69
2020-11-28,22,CARMEN,1187.87,1007.12,200.17,-19.42
2020-11-28,23,CARMEN,1140.08,943.54,214.21,-17.68
2020-11-28,24,CARMEN,1074.82,809.29,187.6,77.94
2020-11-28,1,CASAS GRANDES,454.49,765.65,-167.36,-143.8
2020-11-28,2,CASAS GRANDES,431.52,557.12,-114.49,-11.12
2020-11-28,3,CASAS GRANDES,424.76,538,-106.99,-6.24
2020-11-28,4,CASAS GRANDES,427.47,522.89,-95.42,0
2020-11-28,5,CASAS GRANDES,427.05,524.05,-97,0
2020-11-28,6,CASAS GRANDES,429.65,530.31,-100.66,0
2020-11-28,7,CASAS GRANDES,455.13,562.75,-107.62,0
2020-11-28,8,CASAS GRANDES,424.84,938.29,-76.02,-437.43
2020-11-28,9,CASAS GRANDES,433.03,925.48,-115.01,-377.44
2020-11-28,10,CASAS GRANDES,361,926.9,-145.64,-420.26
2020-11-28,11,CASAS GRANDES,367.63,924.49,-173.41,-383.45
2020-11-28,12,CASAS GRANDES,380.22,925.09,-166.62,-378.25
2020-11-28,13,CASAS GRANDES,389.83,928.03,-166.11,-372.1
2020-11-28,14,CASAS GRANDES,375.64,868.43,-152.41,-340.37
2020-11-28,15,CASAS GRANDES,365.52,776.36,-135.68,-275.17
2020-11-28,16,CASAS GRANDES,366.01,691.81,-123.01,-202.78
2020-11-28,17,CASAS GRANDES,388.49,865.87,-148.6,-328.78
2020-11-28,18,CASAS GRANDES,424.14,935.59,-179.82,-331.64
2020-11-28,19,CASAS GRANDES,634.74,1485.52,-346.08,-504.7
2020-11-28,20,CASAS GRANDES,534.38,1090.72,-239,-317.34
2020-11-28,21,CASAS GRANDES,531.07,1036.6,-231.8,-273.74
2020-11-28,22,CASAS GRANDES,518.21,1007.12,-214.18,-274.73
2020-11-28,23,CASAS GRANDES,504.38,943.54,-189.12,-250.05
2020-11-28,24,CASAS GRANDES,450.05,809.29,-176.65,-182.59
2020-11-28,1,CELAYA,778.4,765.65,8.53,4.22
2020-11-28,2,CELAYA,563.05,557.12,5.9,.03
2020-11-28,3,CELAYA,543.41,538,5.4,.02
2020-11-28,4,CELAYA,527.95,522.89,5.06,0
2020-11-28,5,CELAYA,529.76,524.05,5.71,0
2020-11-28,6,CELAYA,535.79,530.31,5.49,0
2020-11-28,7,CELAYA,569.34,562.75,6.59,0
2020-11-28,8,CELAYA,955.68,938.29,13.09,4.3
2020-11-28,9,CELAYA,940,925.48,10.76,3.77
2020-11-28,10,CELAYA,941.46,926.9,10.36,4.2
2020-11-28,11,CELAYA,939.17,924.49,10.88,3.8
2020-11-28,12,CELAYA,939.13,925.09,10.35,3.7
2020-11-28,13,CELAYA,942.7,928.03,10.99,3.67
2020-11-28,14,CELAYA,881.49,868.43,9.71,3.35
2020-11-28,15,CELAYA,786.83,776.36,7.8,2.67
2020-11-28,16,CELAYA,700.97,691.81,7.18,1.99
2020-11-28,17,CELAYA,878.94,865.87,9.83,3.24
2020-11-28,18,CELAYA,955.6,935.59,11.19,8.83
2020-11-28,19,CELAYA,1522.88,1485.52,15.32,22.04
2020-11-28,20,CELAYA,1091.03,1090.72,10.32,-10.01
2020-11-28,21,CELAYA,1059.07,1036.6,10.79,11.68
2020-11-28,22,CELAYA,1028.28,1007.12,9.36,11.8
2020-11-28,23,CELAYA,964.53,943.54,9.99,11
2020-11-28,24,CELAYA,822.89,809.29,7.91,5.69
2020-11-28,1,CENTRO ORIENTE,794.88,765.65,34.54,-5.31
2020-11-28,2,CENTRO ORIENTE,579.93,557.12,22.83,-.02
2020-11-28,3,CENTRO ORIENTE,558.68,538,20.69,-.01
2020-11-28,4,CENTRO ORIENTE,542.45,522.89,19.56,0
2020-11-28,5,CENTRO ORIENTE,543.89,524.05,19.84,0
2020-11-28,6,CENTRO ORIENTE,551.01,530.31,20.71,0
2020-11-28,7,CENTRO ORIENTE,585.92,562.75,23.17,0
2020-11-28,8,CENTRO ORIENTE,967.3,938.29,32.13,-3.13
2020-11-28,9,CENTRO ORIENTE,960.19,925.48,37.65,-2.95
2020-11-28,10,CENTRO ORIENTE,965.31,926.9,41.69,-3.28
2020-11-28,11,CENTRO ORIENTE,964.1,924.49,42.57,-2.96
2020-11-28,12,CENTRO ORIENTE,965.32,925.09,43.13,-2.91
2020-11-28,13,CENTRO ORIENTE,967.94,928.03,42.76,-2.86
2020-11-28,14,CENTRO ORIENTE,906.75,868.43,40.92,-2.59
2020-11-28,15,CENTRO ORIENTE,810.51,776.36,36.25,-2.1
2020-11-28,16,CENTRO ORIENTE,722.59,691.81,32.33,-1.55
2020-11-28,17,CENTRO ORIENTE,901.14,865.87,37.8,-2.53
2020-11-28,18,CENTRO ORIENTE,965.53,935.59,40.27,-10.33
2020-11-28,19,CENTRO ORIENTE,1534.55,1485.52,76.96,-27.93
2020-11-28,20,CENTRO ORIENTE,1349.5,1090.72,58.74,200.05
2020-11-28,21,CENTRO ORIENTE,1074.95,1036.6,53.35,-15.01
2020-11-28,22,CENTRO ORIENTE,1043.72,1007.12,51.65,-15.05
2020-11-28,23,CENTRO ORIENTE,976.99,943.54,47.23,-13.78
2020-11-28,24,CENTRO ORIENTE,909.88,809.29,39.82,60.77
2020-11-28,1,CENTRO SUR,813.63,765.65,51.44,-3.46
2020-11-28,2,CENTRO SUR,591.98,557.12,34.84,.02
2020-11-28,3,CENTRO SUR,570.75,538,32.74,.01
2020-11-28,4,CENTRO SUR,553.12,522.89,30.22,0
2020-11-28,5,CENTRO SUR,555,524.05,30.96,0
2020-11-28,6,CENTRO SUR,562.29,530.31,31.99,0
2020-11-28,7,CENTRO SUR,597.96,562.75,35.21,0
2020-11-28,8,CENTRO SUR,992.67,938.29,51.32,3.06
2020-11-28,9,CENTRO SUR,983.32,925.48,55.51,2.33
2020-11-28,10,CENTRO SUR,987.9,926.9,58.42,2.58
2020-11-28,11,CENTRO SUR,986.12,924.49,59.35,2.28
2020-11-28,12,CENTRO SUR,984.83,925.09,57.5,2.24
2020-11-28,13,CENTRO SUR,988.69,928.03,58.44,2.21
2020-11-28,14,CENTRO SUR,926.74,868.43,56.22,2.09
2020-11-28,15,CENTRO SUR,829.67,776.36,51.6,1.71
2020-11-28,16,CENTRO SUR,739.96,691.81,46.89,1.26
2020-11-28,17,CENTRO SUR,925.41,865.87,57.47,2.07
2020-11-28,18,CENTRO SUR,989.17,935.59,58.29,-4.71
2020-11-28,19,CENTRO SUR,1568.28,1485.52,100.83,-18.07
2020-11-28,20,CENTRO SUR,1327.7,1090.72,74.9,162.07
2020-11-28,21,CENTRO SUR,1096.35,1036.61,69.44,-9.69
2020-11-28,22,CENTRO SUR,1064.63,1007.12,67.21,-9.69
2020-11-28,23,CENTRO SUR,997.72,943.54,62.98,-8.81
2020-11-28,24,CENTRO SUR,916.12,809.29,55.53,51.3
2020-11-28,1,CHETUMAL,875.79,765.65,117.14,-6.99
2020-11-28,2,CHETUMAL,635.5,557.12,78.41,-.03
2020-11-28,3,CHETUMAL,603.11,538,65.13,-.02
2020-11-28,4,CHETUMAL,580.51,522.89,57.62,0
2020-11-28,5,CHETUMAL,579.05,524.05,55,0
2020-11-28,6,CHETUMAL,586.88,530.31,56.58,0
2020-11-28,7,CHETUMAL,618.7,562.75,55.94,0
2020-11-28,8,CHETUMAL,1015.38,938.29,81.96,-4.87
2020-11-28,9,CHETUMAL,1023.97,925.48,102.99,-4.5
2020-11-28,10,CHETUMAL,1038.25,926.9,116.35,-5
2020-11-28,11,CHETUMAL,1037.64,924.49,117.74,-4.6
2020-11-28,12,CHETUMAL,1042.73,925.09,122.16,-4.52
2020-11-28,13,CHETUMAL,1044.95,928.03,121.37,-4.45
2020-11-28,14,CHETUMAL,974.17,868.43,109.8,-4.06
2020-11-28,15,CHETUMAL,868.13,776.36,94.99,-3.21
2020-11-28,16,CHETUMAL,773.37,691.81,83.94,-2.37
2020-11-28,17,CHETUMAL,965.9,865.87,103.91,-3.88
2020-11-28,18,CHETUMAL,1043.43,935.59,121.67,-13.82
2020-11-28,19,CHETUMAL,1654.44,1485.52,205.63,-36.71
2020-11-28,20,CHETUMAL,1499.32,1090.72,147.94,260.66
2020-11-28,21,CHETUMAL,1154.36,1036.6,137.45,-19.69
2020-11-28,22,CHETUMAL,1139.9,1007.12,152.2,-19.42
2020-11-28,23,CHETUMAL,1093.56,943.54,167.7,-17.68
2020-11-28,24,CHETUMAL,1034.24,809.29,147.01,77.94
2020-11-28,1,CHIHUAHUA,484.86,765.65,-143.91,-136.88
2020-11-28,2,CHIHUAHUA,453.73,557.12,-96.06,-7.33
2020-11-28,3,CHIHUAHUA,445.7,538,-88.18,-4.12
2020-11-28,4,CHIHUAHUA,444.63,522.89,-78.26,0
2020-11-28,5,CHIHUAHUA,443.01,524.05,-81.04,0
2020-11-28,6,CHIHUAHUA,445.68,530.31,-84.63,0
2020-11-28,7,CHIHUAHUA,471.29,562.75,-91.46,0
2020-11-28,8,CHIHUAHUA,484.18,938.29,-71,-383.11
2020-11-28,9,CHIHUAHUA,488.46,925.48,-103.6,-333.42
2020-11-28,10,CHIHUAHUA,426.5,926.9,-129.48,-370.92
2020-11-28,11,CHIHUAHUA,432.74,924.49,-155.03,-336.73
2020-11-28,12,CHIHUAHUA,445.59,925.09,-147.94,-331.56
2020-11-28,13,CHIHUAHUA,450.66,928.03,-151.22,-326.16
2020-11-28,14,CHIHUAHUA,431.61,868.43,-138.73,-298.09
2020-11-28,15,CHIHUAHUA,412.84,776.36,-122.65,-240.86
2020-11-28,16,CHIHUAHUA,402.93,691.81,-111.18,-177.7
2020-11-28,17,CHIHUAHUA,438.03,865.87,-138.71,-289.13
2020-11-28,18,CHIHUAHUA,445.27,935.59,-160.8,-329.52
2020-11-28,19,CHIHUAHUA,607.26,1485.52,-314.54,-563.72
2020-11-28,20,CHIHUAHUA,533.32,1090.72,-213.8,-343.6
2020-11-28,21,CHIHUAHUA,525.46,1036.6,-207.02,-304.13
2020-11-28,22,CHIHUAHUA,512.12,1007.12,-189.37,-305.63
2020-11-28,23,CHIHUAHUA,498.35,943.54,-166.85,-278.35
2020-11-28,24,CHIHUAHUA,454.09,809.29,-154.6,-200.61
2020-11-28,1,CHILPANCINGO,860.97,765.65,98.99,-3.67
2020-11-28,2,CHILPANCINGO,625.18,557.12,68.02,.03
2020-11-28,3,CHILPANCINGO,601.98,538,63.96,.02
2020-11-28,4,CHILPANCINGO,582.11,522.89,59.21,0
2020-11-28,5,CHILPANCINGO,584.77,524.05,60.72,0
2020-11-28,6,CHILPANCINGO,592.35,530.31,62.05,0
2020-11-28,7,CHILPANCINGO,630.02,562.75,67.27,0
2020-11-28,8,CHILPANCINGO,1048.4,938.29,106.78,3.32
2020-11-28,9,CHILPANCINGO,1028.63,925.48,100.64,2.51
2020-11-28,10,CHILPANCINGO,1029.25,926.9,99.56,2.8
2020-11-28,11,CHILPANCINGO,1031.35,924.49,104.35,2.51
2020-11-28,12,CHILPANCINGO,1023.74,925.09,96.19,2.47
2020-11-28,13,CHILPANCINGO,1028.48,928.03,98.02,2.43
2020-11-28,14,CHILPANCINGO,969.22,868.43,98.57,2.22
2020-11-28,15,CHILPANCINGO,868.23,776.36,90.06,1.81
2020-11-28,16,CHILPANCINGO,774.21,691.81,81.07,1.33
2020-11-28,17,CHILPANCINGO,968.22,865.87,100.18,2.18
2020-11-28,18,CHILPANCINGO,1028.1,935.59,98.22,-5.71
2020-11-28,19,CHILPANCINGO,1632.5,1485.52,168.3,-21.32
2020-11-28,20,CHILPANCINGO,1434.6,1090.72,158.49,185.39
2020-11-28,21,CHILPANCINGO,1172.32,1036.6,147.14,-11.43
2020-11-28,22,CHILPANCINGO,1126.55,1007.12,130.85,-11.42
2020-11-28,23,CHILPANCINGO,1046.34,943.54,113.2,-10.4
2020-11-28,24,CHILPANCINGO,979.47,809.29,111.77,58.4
2020-11-28,1,CHONTALPA,828.23,765.65,69.57,-6.99
2020-11-28,2,CHONTALPA,603.66,557.12,46.57,-.03
2020-11-28,3,CHONTALPA,575.05,538,37.07,-.02
2020-11-28,4,CHONTALPA,555.36,522.89,32.47,0
2020-11-28,5,CHONTALPA,556.37,524.05,32.33,0
2020-11-28,6,CHONTALPA,564.39,530.31,34.09,0
2020-11-28,7,CHONTALPA,596.07,562.75,33.32,0
2020-11-28,8,CHONTALPA,974.71,938.29,41.29,-4.87
2020-11-28,9,CHONTALPA,976.04,925.48,55.06,-4.5
2020-11-28,10,CHONTALPA,985.54,926.9,63.64,-5
2020-11-28,11,CHONTALPA,980.11,924.49,60.22,-4.6
2020-11-28,12,CHONTALPA,982.27,925.09,61.7,-4.52
2020-11-28,13,CHONTALPA,982.16,928.03,58.58,-4.45
2020-11-28,14,CHONTALPA,919.1,868.43,54.73,-4.06
2020-11-28,15,CHONTALPA,820.36,776.36,47.21,-3.21
2020-11-28,16,CHONTALPA,729.76,691.81,40.33,-2.37
2020-11-28,17,CHONTALPA,910.6,865.87,48.61,-3.88
2020-11-28,18,CHONTALPA,980.66,935.59,58.89,-13.82
2020-11-28,19,CHONTALPA,1550.34,1485.52,101.53,-36.71
2020-11-28,20,CHONTALPA,1421.49,1090.72,70.11,260.66
2020-11-28,21,CHONTALPA,1083.24,1036.6,66.32,-19.69
2020-11-28,22,CHONTALPA,1072.99,1007.12,85.29,-19.42
2020-11-28,23,CHONTALPA,1032.04,943.54,106.18,-17.68
2020-11-28,24,CHONTALPA,983.8,809.29,96.57,77.94
2020-11-28,1,CIENEGA,783.99,765.65,9.64,8.7
2020-11-28,2,CIENEGA,564.34,557.12,6.76,.46
2020-11-28,3,CIENEGA,544.68,538,6.43,.26
2020-11-28,4,CIENEGA,528.68,522.89,5.78,0
2020-11-28,5,CIENEGA,529.47,524.05,5.42,0
2020-11-28,6,CIENEGA,535.76,530.31,5.46,0
2020-11-28,7,CIENEGA,569.73,562.75,6.98,0
2020-11-28,8,CIENEGA,1034.07,938.29,32.96,62.82
2020-11-28,9,CIENEGA,1009.78,925.48,31.61,52.69
2020-11-28,10,CIENEGA,1014.84,926.9,29.56,58.39
2020-11-28,11,CIENEGA,1006.22,924.49,29.13,52.6
2020-11-28,12,CIENEGA,1006.24,925.09,29.35,51.8
2020-11-28,13,CIENEGA,1005.88,928.03,26.73,51.12
2020-11-28,14,CIENEGA,936.23,868.43,21.06,46.74
2020-11-28,15,CIENEGA,838.11,776.36,23.78,37.97
2020-11-28,16,CIENEGA,740.76,691.81,20.75,28.2
2020-11-28,17,CIENEGA,940.17,865.87,28.38,45.92
2020-11-28,18,CIENEGA,989.28,935.59,18.53,35.16
2020-11-28,19,CIENEGA,1515.69,1485.52,-4.63,34.81
2020-11-28,20,CIENEGA,1046.37,1090.72,8.23,-52.58
2020-11-28,21,CIENEGA,1073.33,1036.6,17.98,18.75
2020-11-28,22,CIENEGA,1043.75,1007.12,17.8,18.83
2020-11-28,23,CIENEGA,975.75,943.54,15.06,17.15
2020-11-28,24,CIENEGA,822.57,809.29,13.64,-.36
2020-11-28,1,COATZACOALCOS,822.87,765.65,64.22,-7
2020-11-28,2,COATZACOALCOS,601.14,557.12,44.05,-.03
2020-11-28,3,COATZACOALCOS,573.78,538,35.8,-.02
2020-11-28,4,COATZACOALCOS,555.07,522.89,32.17,0
2020-11-28,5,COATZACOALCOS,556.94,524.05,32.89,0
2020-11-28,6,COATZACOALCOS,565.2,530.31,34.9,0
2020-11-28,7,COATZACOALCOS,598.25,562.75,35.5,0
2020-11-28,8,COATZACOALCOS,979.84,938.29,46.43,-4.88
2020-11-28,9,COATZACOALCOS,979.83,925.48,58.86,-4.51
2020-11-28,10,COATZACOALCOS,988.77,926.9,66.88,-5.01
2020-11-28,11,COATZACOALCOS,982.9,924.49,63.01,-4.61
2020-11-28,12,COATZACOALCOS,984.12,925.09,63.56,-4.53
2020-11-28,13,COATZACOALCOS,983.53,928.03,59.95,-4.46
2020-11-28,14,COATZACOALCOS,920.36,868.43,56.01,-4.07
2020-11-28,15,COATZACOALCOS,821.65,776.36,48.52,-3.22
2020-11-28,16,COATZACOALCOS,730.79,691.81,41.36,-2.38
2020-11-28,17,COATZACOALCOS,912.19,865.87,50.21,-3.89
2020-11-28,18,COATZACOALCOS,980.48,935.59,58.72,-13.84
2020-11-28,19,COATZACOALCOS,1543.98,1485.52,95.2,-36.74
2020-11-28,20,COATZACOALCOS,1415.85,1090.72,64.24,260.9
2020-11-28,21,COATZACOALCOS,1077.01,1036.6,60.11,-19.71
2020-11-28,22,COATZACOALCOS,1065.41,1007.12,77.74,-19.44
2020-11-28,23,COATZACOALCOS,1022.58,943.54,96.74,-17.7
2020-11-28,24,COATZACOALCOS,975.82,809.29,88.51,78.02
2020-11-28,1,COLIMA,784.45,765.65,10.77,8.04
2020-11-28,2,COLIMA,565.22,557.12,7.64,.46
2020-11-28,3,COLIMA,545.89,538,7.63,.26
2020-11-28,4,COLIMA,529.41,522.89,6.51,0
2020-11-28,5,COLIMA,530.28,524.05,6.24,0
2020-11-28,6,COLIMA,536.57,530.31,6.27,0
2020-11-28,7,COLIMA,570.42,562.75,7.67,0
2020-11-28,8,COLIMA,1033.13,938.29,32.15,62.69
2020-11-28,9,COLIMA,1010.85,925.48,32.83,52.54
2020-11-28,10,COLIMA,1015.54,926.9,30.28,58.36
2020-11-28,11,COLIMA,1007.89,924.49,30.81,52.58
2020-11-28,12,COLIMA,1007.16,925.09,30.36,51.71
2020-11-28,13,COLIMA,1005.07,928.03,26.17,50.87
2020-11-28,14,COLIMA,936.11,868.43,21.19,46.5
2020-11-28,15,COLIMA,837.56,776.36,23.63,37.57
2020-11-28,16,COLIMA,739.95,691.81,20.4,27.74
2020-11-28,17,COLIMA,938.2,865.87,26.98,45.35
2020-11-28,18,COLIMA,985.35,935.59,16,33.76
2020-11-28,19,COLIMA,1502.1,1485.52,-14.34,30.92
2020-11-28,20,COLIMA,1047.79,1090.72,2.83,-45.76
2020-11-28,21,COLIMA,1067.12,1036.61,13.83,16.69
2020-11-28,22,COLIMA,1037.14,1007.12,13.25,16.77
2020-11-28,23,COLIMA,973.39,943.54,14.57,15.27
2020-11-28,24,COLIMA,825.16,809.29,15,.87
2020-11-28,1,CORDOBA,799.4,765.65,41.26,-7.51
2020-11-28,2,CORDOBA,584.48,557.12,27.39,-.04
2020-11-28,3,CORDOBA,561.68,538,23.7,-.02
2020-11-28,4,CORDOBA,544.53,522.89,21.64,0
2020-11-28,5,CORDOBA,546.64,524.05,22.6,0
2020-11-28,6,CORDOBA,554.49,530.31,24.18,0
2020-11-28,7,CORDOBA,589.04,562.75,26.29,0
2020-11-28,8,CORDOBA,967.62,938.29,35.09,-5.77
2020-11-28,9,CORDOBA,962.96,925.48,42.76,-5.28
2020-11-28,10,CORDOBA,969.48,926.9,48.45,-5.87
2020-11-28,11,CORDOBA,966.91,924.49,47.65,-5.23
2020-11-28,12,CORDOBA,967.65,925.09,47.7,-5.14
2020-11-28,13,CORDOBA,969.1,928.03,46.12,-5.05
2020-11-28,14,CORDOBA,906.99,868.43,43.19,-4.62
2020-11-28,15,CORDOBA,809.43,776.36,36.84,-3.77
2020-11-28,16,CORDOBA,720.84,691.81,31.82,-2.78
2020-11-28,17,CORDOBA,899.37,865.87,38.05,-4.55
2020-11-28,18,CORDOBA,964.88,935.59,44.31,-15.02
2020-11-28,19,CORDOBA,1532.4,1485.52,86.2,-39.31
2020-11-28,20,CORDOBA,1428.54,1090.72,60.73,277.09
2020-11-28,21,CORDOBA,1070.43,1036.6,54.91,-21.09
2020-11-28,22,CORDOBA,1043.33,1007.11,57.59,-21.38
2020-11-28,23,CORDOBA,984.64,943.54,60.6,-19.5
2020-11-28,24,CORDOBA,946.26,809.29,52.06,84.92
2020-11-28,1,CUAUHTEMOC,509.63,765.65,-119.19,-136.83
2020-11-28,2,CUAUHTEMOC,472.87,557.12,-77,-7.25
2020-11-28,3,CUAUHTEMOC,464.41,538,-69.52,-4.07
2020-11-28,4,CUAUHTEMOC,462.67,522.89,-60.22,0
2020-11-28,5,CUAUHTEMOC,460.84,524.05,-63.2,0
2020-11-28,6,CUAUHTEMOC,464.13,530.31,-66.17,0
2020-11-28,7,CUAUHTEMOC,490.81,562.75,-71.94,0
2020-11-28,8,CUAUHTEMOC,516.25,938.29,-40.71,-381.33
2020-11-28,9,CUAUHTEMOC,520.59,925.48,-72.96,-331.94
2020-11-28,10,CUAUHTEMOC,460.15,926.9,-97.47,-369.28
2020-11-28,11,CUAUHTEMOC,466.25,924.49,-123.04,-335.2
2020-11-28,12,CUAUHTEMOC,477.02,925.09,-118.02,-330.06
2020-11-28,13,CUAUHTEMOC,482.19,928.03,-121.16,-324.68
2020-11-28,14,CUAUHTEMOC,461.82,868.43,-109.87,-296.75
2020-11-28,15,CUAUHTEMOC,441.68,776.36,-94.9,-239.78
2020-11-28,16,CUAUHTEMOC,428.76,691.81,-86.14,-176.9
2020-11-28,17,CUAUHTEMOC,470.04,865.87,-107.98,-287.85
2020-11-28,18,CUAUHTEMOC,477.7,935.59,-128.48,-329.42
2020-11-28,19,CUAUHTEMOC,655.06,1485.52,-265.03,-565.42
2020-11-28,20,CUAUHTEMOC,566.78,1090.72,-179.54,-344.4
2020-11-28,21,CUAUHTEMOC,555.79,1036.6,-175.8,-305.01
2020-11-28,22,CUAUHTEMOC,540.25,1007.12,-160.38,-306.49
2020-11-28,23,CUAUHTEMOC,526.75,943.54,-137.66,-279.14
2020-11-28,24,CUAUHTEMOC,480.83,809.29,-127.32,-201.14
2020-11-28,1,CUAUTLA,819.7,765.65,59.69,-5.64
2020-11-28,2,CUAUTLA,597.5,557.12,40.39,-.01
2020-11-28,3,CUAUTLA,574.77,538,36.78,-.01
2020-11-28,4,CUAUTLA,557.46,522.89,34.57,0
2020-11-28,5,CUAUTLA,559.15,524.05,35.11,0
2020-11-28,6,CUAUTLA,566.74,530.31,36.44,0
2020-11-28,7,CUAUTLA,603.15,562.75,40.4,0
2020-11-28,8,CUAUTLA,997.67,938.29,61.49,-2.11
2020-11-28,9,CUAUTLA,990.32,925.48,66.96,-2.12
2020-11-28,10,CUAUTLA,996.52,926.9,71.98,-2.35
2020-11-28,11,CUAUTLA,994.88,924.49,72.51,-2.13
2020-11-28,12,CUAUTLA,995.6,925.09,72.6,-2.09
2020-11-28,13,CUAUTLA,997.88,928.03,71.9,-2.06
2020-11-28,14,CUAUTLA,934.84,868.43,68.29,-1.88
2020-11-28,15,CUAUTLA,835.58,776.36,60.73,-1.51
2020-11-28,16,CUAUTLA,744.66,691.81,53.97,-1.11
2020-11-28,17,CUAUTLA,929.82,865.87,65.78,-1.82
2020-11-28,18,CUAUTLA,995.89,935.59,70.81,-10.51
2020-11-28,19,CUAUTLA,1582.66,1485.52,126.9,-29.76
2020-11-28,20,CUAUTLA,1405.55,1090.72,94.79,220.04
2020-11-28,21,CUAUTLA,1107.34,1036.6,86.69,-15.96
2020-11-28,22,CUAUTLA,1076.36,1007.12,85.22,-15.97
2020-11-28,23,CUAUTLA,1009.99,943.54,80.99,-14.55
2020-11-28,24,CUAUTLA,945.94,809.29,69.38,67.27
2020-11-28,1,CUERNAVACA,818.43,765.65,58.1,-5.32
2020-11-28,2,CUERNAVACA,596.44,557.12,39.33,-.01
2020-11-28,3,CUERNAVACA,573.8,538,35.81,0
2020-11-28,4,CUERNAVACA,556.21,522.89,33.31,0
2020-11-28,5,CUERNAVACA,558.04,524.05,34,0
2020-11-28,6,CUERNAVACA,565.68,530.31,35.38,0
2020-11-28,7,CUERNAVACA,601.48,562.75,38.73,0
2020-11-28,8,CUERNAVACA,995.23,938.29,58.2,-1.26
2020-11-28,9,CUERNAVACA,986.16,925.48,62.08,-1.4
2020-11-28,10,CUERNAVACA,991.5,926.9,66.16,-1.55
2020-11-28,11,CUERNAVACA,990.75,924.49,67.66,-1.41
2020-11-28,12,CUERNAVACA,990.17,925.09,66.47,-1.39
2020-11-28,13,CUERNAVACA,992.77,928.03,66.1,-1.36
2020-11-28,14,CUERNAVACA,930.86,868.43,63.68,-1.24
2020-11-28,15,CUERNAVACA,832.52,776.36,57.15,-.99
2020-11-28,16,CUERNAVACA,742.16,691.81,51.09,-.73
2020-11-28,17,CUERNAVACA,926.75,865.87,62.09,-1.2
2020-11-28,18,CUERNAVACA,991.38,935.59,65.51,-9.72
2020-11-28,19,CUERNAVACA,1573.54,1485.52,116.33,-28.31
2020-11-28,20,CUERNAVACA,1395.08,1090.72,90.98,213.39
2020-11-28,21,CUERNAVACA,1104.96,1036.6,83.54,-15.18
2020-11-28,22,CUERNAVACA,1072.57,1007.12,80.65,-15.19
2020-11-28,23,CUERNAVACA,1005.89,943.54,76.18,-13.84
2020-11-28,24,CUERNAVACA,942.29,809.29,67.5,65.49
2020-11-28,1,CULIACAN,640.56,765.65,-101.1,-23.99
2020-11-28,2,CULIACAN,489.49,557.12,-71.64,4
2020-11-28,3,CULIACAN,469.81,538,-70.44,2.25
2020-11-28,4,CULIACAN,457.19,522.89,-65.71,0
2020-11-28,5,CULIACAN,458.06,524.05,-65.99,0
2020-11-28,6,CULIACAN,459.9,530.31,-70.4,0
2020-11-28,7,CULIACAN,487.6,562.75,-75.15,0
2020-11-28,8,CULIACAN,203.36,938.29,-26.63,-708.31
2020-11-28,9,CULIACAN,249.12,925.48,-64.93,-611.43
2020-11-28,10,CULIACAN,199.92,926.9,-49.31,-677.68
2020-11-28,11,CULIACAN,270.67,924.49,-48.77,-605.05
2020-11-28,12,CULIACAN,284.41,925.09,-46.61,-594.07
2020-11-28,13,CULIACAN,291.79,928.03,-51.85,-584.39
2020-11-28,14,CULIACAN,281.96,868.43,-52.35,-534.12
2020-11-28,15,CULIACAN,307.73,776.36,-37.04,-431.59
2020-11-28,16,CULIACAN,342.01,691.81,-31.39,-318.41
2020-11-28,17,CULIACAN,310.61,865.87,-32.53,-522.73
2020-11-28,18,CULIACAN,522.84,935.59,-70.05,-342.7
2020-11-28,19,CULIACAN,1062.33,1485.52,-170.78,-252.41
2020-11-28,20,CULIACAN,790.99,1090.72,-102.18,-197.55
2020-11-28,21,CULIACAN,813.63,1036.61,-88.25,-134.72
2020-11-28,22,CULIACAN,785.36,1007.11,-86.39,-135.37
2020-11-28,23,CULIACAN,735.46,943.54,-84.81,-123.28
2020-11-28,24,CULIACAN,641.93,809.29,-71.74,-95.62
2020-11-28,1,DURANGO,644.54,765.65,-64.5,-56.6
2020-11-28,2,DURANGO,515.91,557.12,-41.73,.53
2020-11-28,3,DURANGO,500.39,538,-37.91,.3
2020-11-28,4,DURANGO,488.04,522.89,-34.86,0
2020-11-28,5,DURANGO,487.56,524.05,-36.49,0
2020-11-28,6,DURANGO,491.06,530.31,-39.25,0
2020-11-28,7,DURANGO,518.97,562.75,-43.78,0
2020-11-28,8,DURANGO,314.43,938.29,-4.21,-619.66
2020-11-28,9,DURANGO,338.37,925.48,-28.12,-558.99
2020-11-28,10,DURANGO,266.92,926.9,-39.84,-620.14
2020-11-28,11,DURANGO,329.85,924.49,-38.65,-556
2020-11-28,12,DURANGO,337.75,925.09,-41.04,-546.31
2020-11-28,13,DURANGO,340.02,928.03,-50.6,-537.41
2020-11-28,14,DURANGO,319.49,868.43,-57.76,-491.18
2020-11-28,15,DURANGO,342.74,776.36,-36.73,-396.89
2020-11-28,16,DURANGO,365.2,691.81,-33.8,-292.82
2020-11-28,17,DURANGO,343.32,865.87,-42.34,-480.21
2020-11-28,18,DURANGO,531.87,935.59,-63.4,-340.32
2020-11-28,19,DURANGO,1031.2,1485.52,-130.32,-324.01
2020-11-28,20,DURANGO,773.73,1090.72,-80.02,-236.97
2020-11-28,21,DURANGO,798.97,1036.6,-64.04,-173.59
2020-11-28,22,DURANGO,770.97,1007.12,-61.71,-174.43
2020-11-28,23,DURANGO,720.61,943.54,-64.07,-158.86
2020-11-28,24,DURANGO,633.27,809.29,-55.03,-121
2020-11-28,1,FRESNILLO,814.93,765.65,-35.54,84.82
2020-11-28,2,FRESNILLO,535.74,557.12,-21.07,-.31
2020-11-28,3,FRESNILLO,520.67,538,-17.16,-.17
2020-11-28,4,FRESNILLO,507.92,522.89,-14.97,0
2020-11-28,5,FRESNILLO,507.48,524.05,-16.57,0
2020-11-28,6,FRESNILLO,512.84,530.31,-17.47,0
2020-11-28,7,FRESNILLO,543.22,562.75,-19.53,0
2020-11-28,8,FRESNILLO,912.6,938.29,-6.77,-18.93
2020-11-28,9,FRESNILLO,903.59,925.48,-17.61,-4.28
2020-11-28,10,FRESNILLO,893.19,926.9,-27.7,-6.01
2020-11-28,11,FRESNILLO,891,924.49,-30.36,-3.13
2020-11-28,12,FRESNILLO,891.92,925.09,-30,-3.17
2020-11-28,13,FRESNILLO,891.6,928.03,-33.53,-2.9
2020-11-28,14,FRESNILLO,830.87,868.43,-34.36,-3.2
2020-11-28,15,FRESNILLO,741.58,776.36,-31.73,-3.05
2020-11-28,16,FRESNILLO,658.39,691.81,-31.34,-2.08
2020-11-28,17,FRESNILLO,823.15,865.87,-38.06,-4.66
2020-11-28,18,FRESNILLO,1040.16,935.59,-37.62,142.18
2020-11-28,19,FRESNILLO,1865,1485.52,-72.72,452.2
2020-11-28,20,FRESNILLO,990,1090.72,-48.08,-52.64
2020-11-28,21,FRESNILLO,1234.71,1036.6,-37.75,235.85
2020-11-28,22,FRESNILLO,1216.19,1007.12,-38.24,247.31
2020-11-28,23,FRESNILLO,1133.52,943.54,-39.84,229.81
2020-11-28,24,FRESNILLO,835.26,809.29,-35.93,61.9
2020-11-28,1,GUADALAJARA,776.19,765.65,2.23,8.32
2020-11-28,2,GUADALAJARA,559.28,557.12,1.65,.52
2020-11-28,3,GUADALAJARA,539.8,538,1.51,.29
2020-11-28,4,GUADALAJARA,524,522.89,1.1,0
2020-11-28,5,GUADALAJARA,524.75,524.05,.71,0
2020-11-28,6,GUADALAJARA,530.76,530.31,.46,0
2020-11-28,7,GUADALAJARA,564.08,562.75,1.33,0
2020-11-28,8,GUADALAJARA,1034.41,938.29,25.42,70.7
2020-11-28,9,GUADALAJARA,1007.87,925.48,23.17,59.23
2020-11-28,10,GUADALAJARA,1013.36,926.9,20.65,65.82
2020-11-28,11,GUADALAJARA,1004.28,924.49,20.44,59.34
2020-11-28,12,GUADALAJARA,1004.82,925.09,21.36,58.36
2020-11-28,13,GUADALAJARA,1003.89,928.03,18.43,57.43
2020-11-28,14,GUADALAJARA,934.34,868.43,13.4,52.51
2020-11-28,15,GUADALAJARA,837,776.36,18.21,42.43
2020-11-28,16,GUADALAJARA,739.01,691.81,15.86,31.35
2020-11-28,17,GUADALAJARA,939.08,865.87,21.95,51.26
2020-11-28,18,GUADALAJARA,982.46,935.59,9.94,36.93
2020-11-28,19,GUADALAJARA,1491.34,1485.52,-25.29,31.12
2020-11-28,20,GUADALAJARA,1024.38,1090.72,-6.18,-60.17
2020-11-28,21,GUADALAJARA,1060.12,1036.61,6.71,16.8
2020-11-28,22,GUADALAJARA,1031.34,1007.12,7.33,16.9
2020-11-28,23,GUADALAJARA,964.69,943.54,5.77,15.38
2020-11-28,24,GUADALAJARA,812.75,809.29,6.44,-2.98
2020-11-28,1,GUASAVE,607.97,765.65,-135.44,-22.24
2020-11-28,2,GUASAVE,465.15,557.12,-96.99,5.02
2020-11-28,3,GUASAVE,445.49,538,-95.32,2.82
2020-11-28,4,GUASAVE,434.51,522.89,-88.38,0
2020-11-28,5,GUASAVE,436.2,524.05,-87.85,0
2020-11-28,6,GUASAVE,437.38,530.31,-92.92,0
2020-11-28,7,GUASAVE,464.25,562.75,-98.5,0
2020-11-28,8,GUASAVE,201.56,938.29,-43.89,-692.84
2020-11-28,9,GUASAVE,245.03,925.48,-82.95,-597.5
2020-11-28,10,GUASAVE,201.78,926.9,-63.02,-662.11
2020-11-28,11,GUASAVE,269.97,924.49,-64.08,-590.44
2020-11-28,12,GUASAVE,282.96,925.09,-62.52,-579.61
2020-11-28,13,GUASAVE,289.46,928.03,-68.41,-570.17
2020-11-28,14,GUASAVE,279.84,868.43,-67.47,-521.12
2020-11-28,15,GUASAVE,302.98,776.36,-52.29,-421.09
2020-11-28,16,GUASAVE,336.57,691.81,-44.57,-310.67
2020-11-28,17,GUASAVE,306.35,865.87,-54.62,-504.91
2020-11-28,18,GUASAVE,495.59,935.59,-98.32,-341.69
2020-11-28,19,GUASAVE,1014.63,1485.52,-201.82,-269.06
2020-11-28,20,GUASAVE,743.36,1090.72,-138.64,-208.72
2020-11-28,21,GUASAVE,763.02,1036.6,-125.92,-147.67
2020-11-28,22,GUASAVE,734.64,1007.12,-124.09,-148.38
2020-11-28,23,GUASAVE,689.42,943.54,-119,-135.13
2020-11-28,24,GUASAVE,602.56,809.29,-103.12,-103.61
2020-11-28,1,GUAYMAS,425.14,765.65,-177.6,-162.9
2020-11-28,2,GUAYMAS,408.37,557.12,-126.33,-22.43
2020-11-28,3,GUAYMAS,401.5,538,-123.9,-12.6
2020-11-28,4,GUAYMAS,410.99,522.89,-111.91,0
2020-11-28,5,GUAYMAS,412.42,524.05,-111.62,0
2020-11-28,6,GUAYMAS,412.14,530.31,-118.16,0
2020-11-28,7,GUAYMAS,438.64,562.75,-124.11,0
2020-11-28,8,GUAYMAS,243.8,938.29,-60.35,-634.15
2020-11-28,9,GUAYMAS,282.87,925.48,-104.19,-538.42
2020-11-28,10,GUAYMAS,211.7,926.9,-116.52,-598.68
2020-11-28,11,GUAYMAS,260.82,924.49,-132.54,-531.14
2020-11-28,12,GUAYMAS,270.57,925.09,-133.61,-520.91
2020-11-28,13,GUAYMAS,284.02,928.03,-131.57,-512.45
2020-11-28,14,GUAYMAS,276.44,868.43,-123.64,-468.35
2020-11-28,15,GUAYMAS,291.73,776.36,-106.19,-378.44
2020-11-28,16,GUAYMAS,318.9,691.81,-93.7,-279.2
2020-11-28,17,GUAYMAS,302.56,865.87,-112.19,-451.12
2020-11-28,18,GUAYMAS,431.71,935.59,-165.28,-338.61
2020-11-28,19,GUAYMAS,878.79,1485.52,-278.73,-327.99
2020-11-28,20,GUAYMAS,654.61,1090.72,-198.3,-237.8
2020-11-28,21,GUAYMAS,666.13,1036.6,-189.1,-181.38
2020-11-28,22,GUAYMAS,639.38,1007.12,-185.47,-182.27
2020-11-28,23,GUAYMAS,604.02,943.54,-173.5,-166.02
2020-11-28,24,GUAYMAS,510.57,809.29,-170.9,-127.83
2020-11-28,1,HERMOSILLO,413.51,765.65,-191.36,-160.78
2020-11-28,2,HERMOSILLO,399.95,557.12,-136,-21.17
2020-11-28,3,HERMOSILLO,393.57,538,-132.54,-11.89
2020-11-28,4,HERMOSILLO,405.96,522.89,-116.93,0
2020-11-28,5,HERMOSILLO,405.85,524.05,-118.2,0
2020-11-28,6,HERMOSILLO,405.05,530.31,-125.25,0
2020-11-28,7,HERMOSILLO,433,562.75,-129.75,0
2020-11-28,8,HERMOSILLO,258.81,938.29,-67.25,-612.23
2020-11-28,9,HERMOSILLO,294.82,925.48,-110.64,-520.03
2020-11-28,10,HERMOSILLO,219.79,926.9,-127.16,-579.95
2020-11-28,11,HERMOSILLO,262.15,924.49,-148.36,-513.98
2020-11-28,12,HERMOSILLO,268.74,925.09,-152.34,-504.01
2020-11-28,13,HERMOSILLO,287.49,928.03,-144.76,-495.79
2020-11-28,14,HERMOSILLO,282.02,868.43,-133.28,-453.13
2020-11-28,15,HERMOSILLO,292.99,776.36,-117.22,-366.15
2020-11-28,16,HERMOSILLO,316.57,691.81,-105.1,-270.14
2020-11-28,17,HERMOSILLO,306.01,865.87,-123.27,-436.59
2020-11-28,18,HERMOSILLO,414.1,935.59,-183.71,-337.78
2020-11-28,19,HERMOSILLO,814.93,1485.52,-322.24,-348.35
2020-11-28,20,HERMOSILLO,619.08,1090.72,-224.67,-246.98
2020-11-28,21,HERMOSILLO,626.92,1036.6,-217.72,-191.97
2020-11-28,22,HERMOSILLO,602.72,1007.12,-211.5,-192.89
2020-11-28,23,HERMOSILLO,571.6,943.54,-196.28,-175.67
2020-11-28,24,HERMOSILLO,485.85,809.29,-189.21,-134.23
2020-11-28,1,HUAJUAPAN,855,765.65,96.27,-6.92
2020-11-28,2,HUAJUAPAN,623.04,557.12,65.95,-.03
2020-11-28,3,HUAJUAPAN,597.78,538,59.8,-.02
2020-11-28,4,HUAJUAPAN,579.45,522.89,56.56,0
2020-11-28,5,HUAJUAPAN,581.93,524.05,57.89,0
2020-11-28,6,HUAJUAPAN,591.92,530.31,61.61,0
2020-11-28,7,HUAJUAPAN,630.51,562.75,67.76,0
2020-11-28,8,HUAJUAPAN,1036.46,938.29,102.91,-4.74
2020-11-28,9,HUAJUAPAN,1030.45,925.48,109.36,-4.39
2020-11-28,10,HUAJUAPAN,1036.93,926.9,114.91,-4.88
2020-11-28,11,HUAJUAPAN,1032.64,924.49,112.63,-4.49
2020-11-28,12,HUAJUAPAN,1034.52,925.09,113.84,-4.41
2020-11-28,13,HUAJUAPAN,1035.93,928.03,112.23,-4.34
2020-11-28,14,HUAJUAPAN,970.29,868.43,105.82,-3.96
2020-11-28,15,HUAJUAPAN,867.47,776.36,94.24,-3.13
2020-11-28,16,HUAJUAPAN,772.05,691.81,82.56,-2.31
2020-11-28,17,HUAJUAPAN,963.2,865.87,101.11,-3.78
2020-11-28,18,HUAJUAPAN,1036.22,935.59,114.28,-13.65
2020-11-28,19,HUAJUAPAN,1671.93,1485.52,222.74,-36.33
2020-11-28,20,HUAJUAPAN,1515.2,1090.72,166.3,258.19
2020-11-28,21,HUAJUAPAN,1170.59,1036.6,153.46,-19.47
2020-11-28,22,HUAJUAPAN,1137.28,1007.12,149.36,-19.19
2020-11-28,23,HUAJUAPAN,1069.68,943.54,143.62,-17.48
2020-11-28,24,HUAJUAPAN,1005.13,809.29,118.62,77.22
2020-11-28,1,HUASTECA,713.34,765.65,-32.12,-20.18
2020-11-28,2,HUASTECA,537.46,557.12,-19.46,-.2
2020-11-28,3,HUASTECA,521.45,538,-16.44,-.11
2020-11-28,4,HUASTECA,508.56,522.89,-14.34,0
2020-11-28,5,HUASTECA,508.37,524.05,-15.68,0
2020-11-28,6,HUASTECA,514.28,530.31,-16.03,0
2020-11-28,7,HUASTECA,544.01,562.75,-18.74,0
2020-11-28,8,HUASTECA,877.67,938.29,-30.15,-30.47
2020-11-28,9,HUASTECA,865.97,925.48,-32.84,-26.68
2020-11-28,10,HUASTECA,861.1,926.9,-36.17,-29.62
2020-11-28,11,HUASTECA,859.47,924.49,-38.36,-26.67
2020-11-28,12,HUASTECA,861.61,925.09,-37.25,-26.24
2020-11-28,13,HUASTECA,864.71,928.03,-37.53,-25.8
2020-11-28,14,HUASTECA,809.42,868.43,-35.43,-23.58
2020-11-28,15,HUASTECA,726.04,776.36,-31.26,-19.06
2020-11-28,16,HUASTECA,648.67,691.81,-29.08,-14.05
2020-11-28,17,HUASTECA,807.06,865.87,-35.82,-22.99
2020-11-28,18,HUASTECA,856.11,935.59,-33.72,-45.76
2020-11-28,19,HUASTECA,1336.1,1485.52,-44.51,-104.91
2020-11-28,20,HUASTECA,624.29,1090.72,-30.1,-436.33
2020-11-28,21,HUASTECA,952.23,1036.6,-28.09,-56.29
2020-11-28,22,HUASTECA,921.43,1007.12,-29.06,-56.63
2020-11-28,23,HUASTECA,862.48,943.54,-29.47,-51.59
2020-11-28,24,HUASTECA,783.12,809.29,-29.53,3.35
2020-11-28,1,HUATULCO,923.84,765.65,163.81,-5.62
2020-11-28,2,HUATULCO,669.46,557.12,112.34,0
2020-11-28,3,HUATULCO,640.33,538,102.34,0
2020-11-28,4,HUATULCO,619.9,522.89,97.01,0
2020-11-28,5,HUATULCO,623.42,524.05,99.37,0
2020-11-28,6,HUATULCO,634.4,530.31,104.09,0
2020-11-28,7,HUATULCO,674.44,562.75,111.69,0
2020-11-28,8,HUATULCO,1108.72,938.29,171.79,-1.37
2020-11-28,9,HUATULCO,1101.12,925.48,177.17,-1.53
2020-11-28,10,HUATULCO,1109.52,926.9,184.34,-1.72
2020-11-28,11,HUATULCO,1104.29,924.49,181.44,-1.65
2020-11-28,12,HUATULCO,1101.65,925.09,178.18,-1.62
2020-11-28,13,HUATULCO,1103.02,928.03,176.56,-1.58
2020-11-28,14,HUATULCO,1034.09,868.43,167.11,-1.44
2020-11-28,15,HUATULCO,923.17,776.36,147.9,-1.09
2020-11-28,16,HUATULCO,820.5,691.81,129.5,-.81
2020-11-28,17,HUATULCO,1024.51,865.87,159.97,-1.33
2020-11-28,18,HUATULCO,1103.65,935.59,178.57,-10.52
2020-11-28,19,HUATULCO,1803.68,1485.52,348.63,-30.47
2020-11-28,20,HUATULCO,1600.04,1090.72,278.34,230.99
2020-11-28,21,HUATULCO,1281.19,1036.6,260.88,-16.29
2020-11-28,22,HUATULCO,1241.46,1007.12,250.38,-16.03
2020-11-28,23,HUATULCO,1161.86,943.54,232.96,-14.64
2020-11-28,24,HUATULCO,1076.32,809.29,196.96,70.07
2020-11-28,1,HUEJUTLA,714.02,765.65,-28.06,-23.57
2020-11-28,2,HUEJUTLA,537.11,557.12,-19.8,-.21
2020-11-28,3,HUEJUTLA,520.57,538,-17.31,-.12
2020-11-28,4,HUEJUTLA,507.23,522.89,-15.66,0
2020-11-28,5,HUEJUTLA,507.19,524.05,-16.85,0
2020-11-28,6,HUEJUTLA,513.81,530.31,-16.5,0
2020-11-28,7,HUEJUTLA,543.01,562.75,-19.74,0
2020-11-28,8,HUEJUTLA,869.31,938.29,-37,-31.99
2020-11-28,9,HUEJUTLA,860.07,925.48,-37.28,-28.13
2020-11-28,10,HUEJUTLA,857.14,926.9,-40.84,-28.92
2020-11-28,11,HUEJUTLA,889.65,924.49,-14.23,-20.61
2020-11-28,12,HUEJUTLA,893.7,925.09,-11.14,-20.25
2020-11-28,13,HUEJUTLA,897.71,928.03,-10.39,-19.93
2020-11-28,14,HUEJUTLA,807.53,868.43,-37.25,-23.65
2020-11-28,15,HUEJUTLA,724.91,776.36,-31.36,-20.1
2020-11-28,16,HUEJUTLA,648.67,691.81,-28.31,-14.83
2020-11-28,17,HUEJUTLA,804.95,865.87,-36.67,-24.25
2020-11-28,18,HUEJUTLA,846.52,935.59,-36.67,-52.41
2020-11-28,19,HUEJUTLA,1314.92,1485.52,-47.29,-123.31
2020-11-28,20,HUEJUTLA,577.48,1090.72,-28.63,-484.61
2020-11-28,21,HUEJUTLA,937.81,1036.6,-32.5,-66.29
2020-11-28,22,HUEJUTLA,906.01,1007.12,-34.45,-66.66
2020-11-28,23,HUEJUTLA,849.99,943.54,-32.84,-60.71
2020-11-28,24,HUEJUTLA,935.84,809.29,-33.05,159.6
2020-11-28,1,IGUALA,855.52,765.65,93.73,-3.86
2020-11-28,2,IGUALA,621.47,557.12,64.32,.03
2020-11-28,3,IGUALA,598.5,538,60.49,.02
2020-11-28,4,IGUALA,578.73,522.89,55.84,0
2020-11-28,5,IGUALA,581.02,524.05,56.97,0
2020-11-28,6,IGUALA,588.63,530.31,58.32,0
2020-11-28,7,IGUALA,625.54,562.75,62.79,0
2020-11-28,8,IGUALA,1041.51,938.29,100.45,2.77
2020-11-28,9,IGUALA,1021.21,925.48,93.69,2.04
2020-11-28,10,IGUALA,1021.46,926.9,92.3,2.27
2020-11-28,11,IGUALA,1024.62,924.49,98.1,2.03
2020-11-28,12,IGUALA,1016.98,925.09,89.89,2
2020-11-28,13,IGUALA,1021.4,928.03,91.4,1.96
2020-11-28,14,IGUALA,963.56,868.43,93.34,1.8
2020-11-28,15,IGUALA,862.47,776.36,84.65,1.46
2020-11-28,16,IGUALA,768.87,691.81,75.98,1.08
2020-11-28,17,IGUALA,961.79,865.87,94.16,1.76
2020-11-28,18,IGUALA,1020.69,935.59,91.29,-6.19
2020-11-28,19,IGUALA,1613.11,1485.52,149.76,-22.16
2020-11-28,20,IGUALA,1424.94,1090.72,145.69,188.53
2020-11-28,21,IGUALA,1160.75,1036.6,136.02,-11.87
2020-11-28,22,IGUALA,1115.03,1007.12,119.79,-11.87
2020-11-28,23,IGUALA,1035.83,943.54,103.1,-10.81
2020-11-28,24,IGUALA,974,809.29,105.56,59.15
2020-11-28,1,IRAPUATO,792.7,765.65,17.45,9.6
2020-11-28,2,IRAPUATO,569.68,557.12,12.49,.07
2020-11-28,3,IRAPUATO,549.91,538,11.87,.04
2020-11-28,4,IRAPUATO,534.13,522.89,11.23,0
2020-11-28,5,IRAPUATO,535.09,524.05,11.05,0
2020-11-28,6,IRAPUATO,541.2,530.31,10.89,0
2020-11-28,7,IRAPUATO,574.83,562.75,12.08,0
2020-11-28,8,IRAPUATO,975.55,938.29,25.95,11.31
2020-11-28,9,IRAPUATO,960.08,925.48,24.49,10.11
2020-11-28,10,IRAPUATO,961.88,926.9,23.78,11.21
2020-11-28,11,IRAPUATO,957.9,924.49,23.32,10.09
2020-11-28,12,IRAPUATO,957.88,925.09,22.85,9.94
2020-11-28,13,IRAPUATO,960.82,928.03,23.01,9.78
2020-11-28,14,IRAPUATO,897.95,868.43,20.59,8.94
2020-11-28,15,IRAPUATO,801.8,776.36,18.21,7.23
2020-11-28,16,IRAPUATO,712.9,691.81,15.76,5.33
2020-11-28,17,IRAPUATO,895.39,865.87,20.81,8.7
2020-11-28,18,IRAPUATO,977.84,935.59,21.71,20.54
2020-11-28,19,IRAPUATO,1564.42,1485.52,29.12,49.78
2020-11-28,20,IRAPUATO,1089.22,1090.72,22.53,-24.03
2020-11-28,21,IRAPUATO,1086.57,1036.6,23.26,26.71
2020-11-28,22,IRAPUATO,1055.72,1007.12,21.76,26.84
2020-11-28,23,IRAPUATO,986.99,943.54,19.05,24.4
2020-11-28,24,IRAPUATO,832.1,809.29,15.41,7.39
2020-11-28,1,IXMIQUILPAN,809.38,765.65,45.48,-1.75
2020-11-28,2,IXMIQUILPAN,588.42,557.12,31.31,-.01
2020-11-28,3,IXMIQUILPAN,567.12,538,29.12,0
2020-11-28,4,IXMIQUILPAN,551.04,522.89,28.15,0
2020-11-28,5,IXMIQUILPAN,552.58,524.05,28.53,0
2020-11-28,6,IXMIQUILPAN,559.94,530.31,29.63,0
2020-11-28,7,IXMIQUILPAN,595.44,562.75,32.69,0
2020-11-28,8,IXMIQUILPAN,955.51,938.29,18.02,-.8
2020-11-28,9,IXMIQUILPAN,958.71,925.48,34,-.77
2020-11-28,10,IXMIQUILPAN,960.31,926.9,34.27,-.85
2020-11-28,11,IXMIQUILPAN,959.8,924.49,36.08,-.77
2020-11-28,12,IXMIQUILPAN,958.92,925.09,34.59,-.76
2020-11-28,13,IXMIQUILPAN,963.24,928.03,35.96,-.75
2020-11-28,14,IXMIQUILPAN,916.58,868.43,48.84,-.69
2020-11-28,15,IXMIQUILPAN,818.58,776.36,42.77,-.56
2020-11-28,16,IXMIQUILPAN,729.97,691.81,38.58,-.41
2020-11-28,17,IXMIQUILPAN,912.6,865.87,47.41,-.68
2020-11-28,18,IXMIQUILPAN,962.75,935.59,30.45,-3.29
2020-11-28,19,IXMIQUILPAN,1522.41,1485.52,45.97,-9.08
2020-11-28,20,IXMIQUILPAN,1226.3,1090.72,34.99,100.59
2020-11-28,21,IXMIQUILPAN,1063.25,1036.6,31.25,-4.61
2020-11-28,22,IXMIQUILPAN,1030.98,1007.12,28.57,-4.71
2020-11-28,23,IXMIQUILPAN,964.39,943.54,25.34,-4.5
2020-11-28,24,IXMIQUILPAN,891.05,809.29,47.17,34.59
2020-11-28,1,IZUCAR,827.78,765.65,68.88,-6.75
2020-11-28,2,IZUCAR,604.18,557.12,47.09,-.03
2020-11-28,3,IZUCAR,580.75,538,42.77,-.02
2020-11-28,4,IZUCAR,563.22,522.89,40.33,0
2020-11-28,5,IZUCAR,565.03,524.05,40.99,0
2020-11-28,6,IZUCAR,573.47,530.31,43.17,0
2020-11-28,7,IZUCAR,610.3,562.75,47.55,0
2020-11-28,8,IZUCAR,1004.73,938.29,70.97,-4.54
2020-11-28,9,IZUCAR,998.01,925.48,76.73,-4.21
2020-11-28,10,IZUCAR,1004.25,926.9,82.03,-4.67
2020-11-28,11,IZUCAR,1001.15,924.49,80.9,-4.24
2020-11-28,12,IZUCAR,1003.11,925.09,82.19,-4.17
2020-11-28,13,IZUCAR,1005.04,928.03,81.11,-4.1
2020-11-28,14,IZUCAR,941.03,868.43,76.35,-3.75
2020-11-28,15,IZUCAR,841.2,776.36,67.84,-3
2020-11-28,16,IZUCAR,748.41,691.81,58.81,-2.21
2020-11-28,17,IZUCAR,933.92,865.87,71.67,-3.62
2020-11-28,18,IZUCAR,1003.62,935.59,81.31,-13.28
2020-11-28,19,IZUCAR,1601.46,1485.52,151.39,-35.45
2020-11-28,20,IZUCAR,1454.45,1090.72,111.71,252.02
2020-11-28,21,IZUCAR,1119.43,1036.6,101.84,-19.01
2020-11-28,22,IZUCAR,1089.74,1007.12,101.58,-18.96
2020-11-28,23,IZUCAR,1024.46,943.54,98.18,-17.26
2020-11-28,24,IZUCAR,967.21,809.29,81.81,76.11
2020-11-28,1,JIQUILPAN,786.49,765.65,12.97,7.88
2020-11-28,2,JIQUILPAN,566.08,557.12,8.66,.3
2020-11-28,3,JIQUILPAN,546.72,538,8.56,.17
2020-11-28,4,JIQUILPAN,529.99,522.89,7.1,0
2020-11-28,5,JIQUILPAN,531.59,524.05,7.55,0
2020-11-28,6,JIQUILPAN,538.21,530.31,7.91,0
2020-11-28,7,JIQUILPAN,572.46,562.75,9.71,0
2020-11-28,8,JIQUILPAN,1009.91,938.29,31.1,40.52
2020-11-28,9,JIQUILPAN,991.33,925.48,31.67,34.18
2020-11-28,10,JIQUILPAN,996,926.9,31.13,37.97
2020-11-28,11,JIQUILPAN,990.16,924.49,31.46,34.2
2020-11-28,12,JIQUILPAN,988.58,925.09,29.86,33.63
2020-11-28,13,JIQUILPAN,989.89,928.03,28.76,33.1
2020-11-28,14,JIQUILPAN,922.35,868.43,23.68,30.24
2020-11-28,15,JIQUILPAN,826.56,776.36,25.78,24.43
2020-11-28,16,JIQUILPAN,732.98,691.81,23.21,17.96
2020-11-28,17,JIQUILPAN,925.43,865.87,30.19,29.37
2020-11-28,18,JIQUILPAN,983.81,935.59,21.83,26.4
2020-11-28,19,JIQUILPAN,1529.64,1485.52,9.93,34.2
2020-11-28,20,JIQUILPAN,1084.82,1090.72,14.4,-20.29
2020-11-28,21,JIQUILPAN,1076.05,1036.6,21.04,18.41
2020-11-28,22,JIQUILPAN,1046.26,1007.12,20.65,18.49
2020-11-28,23,JIQUILPAN,979.47,943.54,19.09,16.84
2020-11-28,24,JIQUILPAN,833.97,809.29,16.94,7.74
2020-11-28,1,JUAREZ,435.84,765.65,-189,-140.81
2020-11-28,2,JUAREZ,417.08,557.12,-130.69,-9.35
2020-11-28,3,JUAREZ,413.57,538,-119.18,-5.25
2020-11-28,4,JUAREZ,415.65,522.89,-107.25,0
2020-11-28,5,JUAREZ,414,524.05,-110.05,0
2020-11-28,6,JUAREZ,416.39,530.31,-113.92,0
2020-11-28,7,JUAREZ,441.29,562.75,-121.46,0
2020-11-28,8,JUAREZ,420.11,938.29,-107.64,-410.54
2020-11-28,9,JUAREZ,427.13,925.48,-142.82,-355.53
2020-11-28,10,JUAREZ,371.06,926.9,-160.09,-395.75
2020-11-28,11,JUAREZ,369.01,924.49,-195.4,-360.08
2020-11-28,12,JUAREZ,387.11,925.09,-183.29,-354.7
2020-11-28,13,JUAREZ,387.77,928.03,-191.34,-348.92
2020-11-28,14,JUAREZ,370.88,868.43,-178.64,-318.9
2020-11-28,15,JUAREZ,369.9,776.36,-148.77,-257.69
2020-11-28,16,JUAREZ,369.06,691.81,-132.64,-190.11
2020-11-28,17,JUAREZ,390.03,865.87,-166.96,-308.87
2020-11-28,18,JUAREZ,404.5,935.59,-200.6,-330.49
2020-11-28,19,JUAREZ,536.32,1485.52,-415.03,-534.17
2020-11-28,20,JUAREZ,473.65,1090.72,-286.54,-330.53
2020-11-28,21,JUAREZ,472.65,1036.6,-275.16,-288.79
2020-11-28,22,JUAREZ,469.84,1007.12,-247.09,-290.19
2020-11-28,23,JUAREZ,470.83,943.55,-208.43,-264.29
2020-11-28,24,JUAREZ,423.92,809.29,-193.75,-191.62
2020-11-28,1,LAGUNA,583.63,765.65,-72.83,-109.19
2020-11-28,2,LAGUNA,513.5,557.12,-42.31,-1.31
2020-11-28,3,LAGUNA,501.67,538,-35.59,-.74
2020-11-28,4,LAGUNA,491.18,522.89,-31.71,0
2020-11-28,5,LAGUNA,490.03,524.05,-34.02,0
2020-11-28,6,LAGUNA,494.31,530.31,-35.99,0
2020-11-28,7,LAGUNA,518.94,562.75,-43.81,0
2020-11-28,8,LAGUNA,523.13,938.29,-14.98,-400.19
2020-11-28,9,LAGUNA,525.3,925.48,-44.09,-356.09
2020-11-28,10,LAGUNA,465.14,926.9,-66.51,-395.25
2020-11-28,11,LAGUNA,494.95,924.49,-74.3,-355.25
2020-11-28,12,LAGUNA,504.57,925.09,-71.31,-349.21
2020-11-28,13,LAGUNA,507.76,928.03,-76.76,-343.52
2020-11-28,14,LAGUNA,479.77,868.43,-74.68,-313.99
2020-11-28,15,LAGUNA,466.17,776.36,-56.48,-253.71
2020-11-28,16,LAGUNA,453.13,691.81,-51.5,-187.18
2020-11-28,17,LAGUNA,488.9,865.87,-70.46,-306.51
2020-11-28,18,LAGUNA,521.18,935.59,-78.6,-335.81
2020-11-28,19,LAGUNA,769.11,1485.52,-151.51,-564.9
2020-11-28,20,LAGUNA,650.34,1090.72,-102.86,-337.52
2020-11-28,21,LAGUNA,642.08,1036.61,-91.34,-303.18
2020-11-28,22,LAGUNA,616.7,1007.12,-85.78,-304.64
2020-11-28,23,LAGUNA,581.89,943.54,-84.21,-277.44
2020-11-28,24,LAGUNA,541.27,809.29,-71.94,-196.09
2020-11-28,1,LAZARO CARDENAS,807.15,765.65,40.34,1.16
2020-11-28,2,LAZARO CARDENAS,584.41,557.12,27.14,.14
2020-11-28,3,LAZARO CARDENAS,566.45,538,28.37,.08
2020-11-28,4,LAZARO CARDENAS,545.42,522.89,22.53,0
2020-11-28,5,LAZARO CARDENAS,550.42,524.05,26.38,0
2020-11-28,6,LAZARO CARDENAS,556.95,530.31,26.64,0
2020-11-28,7,LAZARO CARDENAS,591.75,562.75,29,0
2020-11-28,8,LAZARO CARDENAS,1004,938.29,49.09,16.61
2020-11-28,9,LAZARO CARDENAS,989.44,925.48,50.15,13.82
2020-11-28,10,LAZARO CARDENAS,992.29,926.9,50.05,15.35
2020-11-28,11,LAZARO CARDENAS,990.73,924.49,52.42,13.82
2020-11-28,12,LAZARO CARDENAS,981.34,925.09,42.65,13.6
2020-11-28,13,LAZARO CARDENAS,989.36,928.03,47.95,13.37
2020-11-28,14,LAZARO CARDENAS,921.14,868.43,40.49,12.23
2020-11-28,15,LAZARO CARDENAS,829,776.36,42.76,9.88
2020-11-28,16,LAZARO CARDENAS,740.14,691.81,41.04,7.29
2020-11-28,17,LAZARO CARDENAS,928.99,865.87,51.21,11.91
2020-11-28,18,LAZARO CARDENAS,987.42,935.59,45.85,5.97
2020-11-28,19,LAZARO CARDENAS,1556.57,1485.52,71.95,-.9
2020-11-28,20,LAZARO CARDENAS,1233.77,1090.72,41.68,101.37
2020-11-28,21,LAZARO CARDENAS,1078.35,1036.6,42.19,-.45
2020-11-28,22,LAZARO CARDENAS,1050.82,1007.12,44.14,-.43
2020-11-28,23,LAZARO CARDENAS,990.02,943.54,46.87,-.4
2020-11-28,24,LAZARO CARDENAS,891.73,809.29,45.52,36.92
2020-11-28,1,LEON,798.64,765.65,17.43,15.56
2020-11-28,2,LEON,570.1,557.12,12.92,.06
2020-11-28,3,LEON,550.75,538,12.72,.03
2020-11-28,4,LEON,534.9,522.89,12.01,0
2020-11-28,5,LEON,535.61,524.05,11.57,0
2020-11-28,6,LEON,542.06,530.31,11.76,0
2020-11-28,7,LEON,576.1,562.75,13.35,0
2020-11-28,8,LEON,981.83,938.29,32.33,11.22
2020-11-28,9,LEON,965.51,925.48,29.41,10.62
2020-11-28,10,LEON,966.03,926.9,27.35,11.79
2020-11-28,11,LEON,961.34,924.49,26.24,10.61
2020-11-28,12,LEON,961.82,925.09,26.3,10.43
2020-11-28,13,LEON,964.41,928.03,26.12,10.26
2020-11-28,14,LEON,900.07,868.43,22.26,9.38
2020-11-28,15,LEON,802.79,776.36,18.85,7.58
2020-11-28,16,LEON,712.9,691.81,15.5,5.59
2020-11-28,17,LEON,896.73,865.87,21.72,9.15
2020-11-28,18,LEON,991.95,935.59,25.02,31.34
2020-11-28,19,LEON,1601.68,1485.52,33.17,83
2020-11-28,20,LEON,1071.97,1090.72,26.95,-45.69
2020-11-28,21,LEON,1109.14,1036.6,28.04,44.5
2020-11-28,22,LEON,1078.03,1007.12,26.22,44.7
2020-11-28,23,LEON,1006.8,943.55,22.54,40.71
2020-11-28,24,LEON,835.95,809.29,17.54,9.12
2020-11-28,1,LOS ALTOS,799.4,765.65,14.23,19.53
2020-11-28,2,LOS ALTOS,568.49,557.12,11.22,.14
2020-11-28,3,LOS ALTOS,549.73,538,11.65,.08
2020-11-28,4,LOS ALTOS,534.52,522.89,11.63,0
2020-11-28,5,LOS ALTOS,535.25,524.05,11.2,0
2020-11-28,6,LOS ALTOS,541.93,530.31,11.63,0
2020-11-28,7,LOS ALTOS,576.38,562.75,13.63,0
2020-11-28,8,LOS ALTOS,1000.46,938.29,38.02,24.15
2020-11-28,9,LOS ALTOS,979.68,925.48,31.87,22.32
2020-11-28,10,LOS ALTOS,980.54,926.9,28.6,25.04
2020-11-28,11,LOS ALTOS,973.93,924.49,26.93,22.5
2020-11-28,12,LOS ALTOS,973.32,925.09,26.18,22.05
2020-11-28,13,LOS ALTOS,973.13,928.03,23.54,21.56
2020-11-28,14,LOS ALTOS,906.65,868.43,18.63,19.59
2020-11-28,15,LOS ALTOS,809.09,776.36,16.99,15.74
2020-11-28,16,LOS ALTOS,717.93,691.81,14.55,11.58
2020-11-28,17,LOS ALTOS,907.69,865.87,22.79,19.03
2020-11-28,18,LOS ALTOS,1003.01,935.59,24.83,42.6
2020-11-28,19,LOS ALTOS,1610.65,1485.52,23.56,101.58
2020-11-28,20,LOS ALTOS,1050.8,1090.72,21.8,-61.72
2020-11-28,21,LOS ALTOS,1115.34,1036.6,24.07,54.67
2020-11-28,22,LOS ALTOS,1084.4,1007.11,22.55,54.73
2020-11-28,23,LOS ALTOS,1011.98,943.54,18.87,49.57
2020-11-28,24,LOS ALTOS,833.78,809.29,14.28,10.2
2020-11-28,1,LOS MOCHIS,442.52,765.65,-154.93,-168.2
2020-11-28,2,LOS MOCHIS,420.57,557.12,-110.99,-25.56
2020-11-28,3,LOS MOCHIS,414.79,538,-108.86,-14.35
2020-11-28,4,LOS MOCHIS,421.95,522.89,-100.95,0
2020-11-28,5,LOS MOCHIS,424.02,524.05,-100.02,0
2020-11-28,6,LOS MOCHIS,424.82,530.31,-105.49,0
2020-11-28,7,LOS MOCHIS,450.96,562.75,-111.8,0
2020-11-28,8,LOS MOCHIS,196.8,938.29,-56.56,-684.94
2020-11-28,9,LOS MOCHIS,237.58,925.48,-97.5,-590.4
2020-11-28,10,LOS MOCHIS,197.75,926.9,-74.93,-654.22
2020-11-28,11,LOS MOCHIS,263.42,924.49,-78,-583.08
2020-11-28,12,LOS MOCHIS,277.27,925.09,-75.55,-572.27
2020-11-28,13,LOS MOCHIS,281.82,928.03,-83.3,-562.92
2020-11-28,14,LOS MOCHIS,272.81,868.43,-81.12,-514.49
2020-11-28,15,LOS MOCHIS,295.47,776.36,-65.13,-415.76
2020-11-28,16,LOS MOCHIS,329.38,691.81,-55.7,-306.73
2020-11-28,17,LOS MOCHIS,298.92,865.87,-71.18,-495.76
2020-11-28,18,LOS MOCHIS,476.53,935.59,-117.9,-341.16
2020-11-28,19,LOS MOCHIS,979.24,1485.52,-228.57,-277.7
2020-11-28,20,LOS MOCHIS,711.2,1090.72,-164.95,-214.58
2020-11-28,21,LOS MOCHIS,730.58,1036.6,-151.56,-154.46
2020-11-28,22,LOS MOCHIS,703.16,1007.12,-148.74,-155.21
2020-11-28,23,LOS MOCHIS,660.9,943.54,-141.29,-141.35
2020-11-28,24,LOS MOCHIS,579.62,809.29,-121.95,-107.72
2020-11-28,1,LOS RIOS,842.47,765.65,83.82,-6.99
2020-11-28,2,LOS RIOS,613.63,557.12,56.54,-.03
2020-11-28,3,LOS RIOS,584.21,538,46.23,-.02
2020-11-28,4,LOS RIOS,563.93,522.89,41.03,0
2020-11-28,5,LOS RIOS,564.63,524.05,40.59,0
2020-11-28,6,LOS RIOS,572.69,530.31,42.38,0
2020-11-28,7,LOS RIOS,604.55,562.75,41.8,0
2020-11-28,8,LOS RIOS,989.44,938.29,56.02,-4.87
2020-11-28,9,LOS RIOS,992.13,925.48,71.15,-4.5
2020-11-28,10,LOS RIOS,1002.7,926.9,80.81,-5
2020-11-28,11,LOS RIOS,997.97,924.49,78.07,-4.6
2020-11-28,12,LOS RIOS,1000.71,925.09,80.14,-4.52
2020-11-28,13,LOS RIOS,1001.08,928.03,77.5,-4.45
2020-11-28,14,LOS RIOS,936.09,868.43,71.72,-4.06
2020-11-28,15,LOS RIOS,834.81,776.36,61.66,-3.21
2020-11-28,16,LOS RIOS,742.93,691.81,53.5,-2.37
2020-11-28,17,LOS RIOS,927.31,865.87,65.32,-3.88
2020-11-28,18,LOS RIOS,1000.02,935.59,78.25,-13.82
2020-11-28,19,LOS RIOS,1581.88,1485.52,133.07,-36.71
2020-11-28,20,LOS RIOS,1443.8,1090.72,92.43,260.66
2020-11-28,21,LOS RIOS,1103.58,1036.6,86.67,-19.69
2020-11-28,22,LOS RIOS,1091.63,1007.12,103.93,-19.42
2020-11-28,23,LOS RIOS,1049.39,943.54,123.53,-17.68
2020-11-28,24,LOS RIOS,998.57,809.29,111.34,77.94
2020-11-28,1,LOS TUXTLAS,818.4,765.65,59.86,-7.11
2020-11-28,2,LOS TUXTLAS,596.66,557.12,39.57,-.03
2020-11-28,3,LOS TUXTLAS,572.44,538,34.46,-.02
2020-11-28,4,LOS TUXTLAS,553.78,522.89,30.89,0
2020-11-28,5,LOS TUXTLAS,555.29,524.05,31.24,0
2020-11-28,6,LOS TUXTLAS,563.3,530.31,33,0
2020-11-28,7,LOS TUXTLAS,596.99,562.75,34.24,0
2020-11-28,8,LOS TUXTLAS,978.73,938.29,45.5,-5.07
2020-11-28,9,LOS TUXTLAS,977.62,925.48,56.81,-4.67
2020-11-28,10,LOS TUXTLAS,985.57,926.9,63.86,-5.19
2020-11-28,11,LOS TUXTLAS,981.3,924.49,61.54,-4.74
2020-11-28,12,LOS TUXTLAS,983.54,925.09,63.11,-4.66
2020-11-28,13,LOS TUXTLAS,984.4,928.03,60.95,-4.59
2020-11-28,14,LOS TUXTLAS,922.51,868.43,58.27,-4.19
2020-11-28,15,LOS TUXTLAS,825.37,776.36,52.35,-3.34
2020-11-28,16,LOS TUXTLAS,734.08,691.81,44.73,-2.46
2020-11-28,17,LOS TUXTLAS,915.7,865.87,53.87,-4.03
2020-11-28,18,LOS TUXTLAS,984.54,935.59,63.05,-14.1
2020-11-28,19,LOS TUXTLAS,1572.47,1485.52,124.28,-37.33
2020-11-28,20,LOS TUXTLAS,1444.05,1090.72,88.63,264.7
2020-11-28,21,LOS TUXTLAS,1098.59,1036.6,82.01,-20.03
2020-11-28,22,LOS TUXTLAS,1076.32,1007.12,89.05,-19.84
2020-11-28,23,LOS TUXTLAS,1022.4,943.54,96.92,-18.06
2020-11-28,24,LOS TUXTLAS,972.22,809.29,83.53,79.4
2020-11-28,1,MANZANILLO,771.26,765.65,-2.4,8.02
2020-11-28,2,MANZANILLO,555.62,557.12,-1.96,.46
2020-11-28,3,MANZANILLO,536.17,538,-2.09,.26
2020-11-28,4,MANZANILLO,519.92,522.89,-2.97,0
2020-11-28,5,MANZANILLO,520.81,524.05,-3.24,0
2020-11-28,6,MANZANILLO,526.84,530.31,-3.47,0
2020-11-28,7,MANZANILLO,560.46,562.75,-2.29,0
2020-11-28,8,MANZANILLO,1014.4,938.29,13.74,62.37
2020-11-28,9,MANZANILLO,991.35,925.48,13.6,52.27
2020-11-28,10,MANZANILLO,996.46,926.9,11.5,58.07
2020-11-28,11,MANZANILLO,988.87,924.49,12.06,52.32
2020-11-28,12,MANZANILLO,988.02,925.09,11.49,51.45
2020-11-28,13,MANZANILLO,987.44,928.03,8.81,50.59
2020-11-28,14,MANZANILLO,920.88,868.43,6.2,46.25
2020-11-28,15,MANZANILLO,824.39,776.36,10.65,37.38
2020-11-28,16,MANZANILLO,728.61,691.81,9.21,27.6
2020-11-28,17,MANZANILLO,923.91,865.87,12.93,45.11
2020-11-28,18,MANZANILLO,970.54,935.59,1.35,33.61
2020-11-28,19,MANZANILLO,1478.83,1485.52,-37.51,30.83
2020-11-28,20,MANZANILLO,1032.65,1090.72,-12.97,-45.1
2020-11-28,21,MANZANILLO,1052.62,1036.6,-.62,16.64
2020-11-28,22,MANZANILLO,1022.26,1007.12,-1.58,16.72
2020-11-28,23,MANZANILLO,958.04,943.54,-.74,15.23
2020-11-28,24,MANZANILLO,811.26,809.29,.93,1.04
2020-11-28,1,MATAMOROS,487.15,765.65,-136.79,-141.71
2020-11-28,2,MATAMOROS,465.17,557.12,-90.83,-1.12
2020-11-28,3,MATAMOROS,457.41,538,-79.96,-.63
2020-11-28,4,MATAMOROS,448.29,522.89,-74.6,0
2020-11-28,5,MATAMOROS,444.45,524.05,-79.59,0
2020-11-28,6,MATAMOROS,450.25,530.31,-80.05,0
2020-11-28,7,MATAMOROS,475.26,562.75,-87.49,0
2020-11-28,8,MATAMOROS,644.8,938.29,-120.97,-172.53
2020-11-28,9,MATAMOROS,654.99,925.48,-118.14,-152.35
2020-11-28,10,MATAMOROS,624.55,926.9,-133.16,-169.19
2020-11-28,11,MATAMOROS,637.42,924.49,-134.71,-152.37
2020-11-28,12,MATAMOROS,646.8,925.09,-128.47,-149.82
2020-11-28,13,MATAMOROS,654.19,928.03,-126.46,-147.38
2020-11-28,14,MATAMOROS,609.75,868.43,-123.98,-134.7
2020-11-28,15,MATAMOROS,539.96,776.36,-127.55,-108.85
2020-11-28,16,MATAMOROS,484.76,691.81,-126.75,-80.3
2020-11-28,17,MATAMOROS,565.16,865.87,-169.39,-131.32
2020-11-28,18,MATAMOROS,446.17,935.59,-180.38,-309.04
2020-11-28,19,MATAMOROS,428.88,1485.52,-309.37,-747.27
2020-11-28,20,MATAMOROS,420.27,1090.72,-230.49,-439.96
2020-11-28,21,MATAMOROS,421.64,1036.6,-214.04,-400.93
2020-11-28,22,MATAMOROS,398.21,1007.11,-206.03,-402.87
2020-11-28,23,MATAMOROS,384.58,943.54,-192.05,-366.91
2020-11-28,24,MATAMOROS,384.34,809.29,-159.4,-265.55
2020-11-28,1,MATEHUALA,787.74,765.65,10.97,11.12
2020-11-28,2,MATEHUALA,569.31,557.12,12.22,-.04
2020-11-28,3,MATEHUALA,551.97,538,13.99,-.02
2020-11-28,4,MATEHUALA,539.19,522.89,16.3,0
2020-11-28,5,MATEHUALA,540.05,524.05,16.01,0
2020-11-28,6,MATEHUALA,546.48,530.31,16.17,0
2020-11-28,7,MATEHUALA,580.68,562.75,17.93,0
2020-11-28,8,MATEHUALA,975.17,938.29,40.9,-4.02
2020-11-28,9,MATEHUALA,952.47,925.48,29.79,-2.8
2020-11-28,10,MATEHUALA,939.4,926.9,15.61,-3.11
2020-11-28,11,MATEHUALA,933.3,924.49,11.6,-2.8
2020-11-28,12,MATEHUALA,934.46,925.09,12.13,-2.76
2020-11-28,13,MATEHUALA,933.15,928.03,7.82,-2.71
2020-11-28,14,MATEHUALA,872.49,868.43,6.54,-2.47
2020-11-28,15,MATEHUALA,774.07,776.36,-.29,-2
2020-11-28,16,MATEHUALA,687.27,691.81,-3.06,-1.47
2020-11-28,17,MATEHUALA,867.52,865.87,4.06,-2.41
2020-11-28,18,MATEHUALA,976.76,935.59,22.63,18.54
2020-11-28,19,MATEHUALA,1567.62,1485.52,20.7,61.41
2020-11-28,20,MATEHUALA,921.6,1090.72,-3.27,-165.85
2020-11-28,21,MATEHUALA,1064.43,1036.6,-5.09,32.91
2020-11-28,22,MATEHUALA,1055.45,1007.12,15.28,33.06
2020-11-28,23,MATEHUALA,997.72,943.54,24.06,30.11
2020-11-28,24,MATEHUALA,825.75,809.29,20.94,-4.48
2020-11-28,1,MAZATLAN,678.45,765.65,-59.69,-27.51
2020-11-28,2,MAZATLAN,517.92,557.12,-41.5,2.3
2020-11-28,3,MAZATLAN,498.61,538,-40.68,1.29
2020-11-28,4,MAZATLAN,484.95,522.89,-37.95,0
2020-11-28,5,MAZATLAN,485.16,524.05,-38.89,0
2020-11-28,6,MAZATLAN,488.48,530.31,-41.82,0
2020-11-28,7,MAZATLAN,517.76,562.75,-44.99,0
2020-11-28,8,MAZATLAN,203.21,938.29,-4.33,-730.75
2020-11-28,9,MAZATLAN,252.94,925.48,-29.22,-643.32
2020-11-28,10,MAZATLAN,186.64,926.9,-26.85,-713.41
2020-11-28,11,MAZATLAN,259.63,924.49,-26.28,-638.58
2020-11-28,12,MAZATLAN,272.62,925.09,-25.2,-627.27
2020-11-28,13,MAZATLAN,279.64,928.03,-31.35,-617.04
2020-11-28,14,MAZATLAN,269.45,868.43,-35.02,-563.96
2020-11-28,15,MAZATLAN,300.83,776.36,-19.84,-455.69
2020-11-28,16,MAZATLAN,338.32,691.81,-17.29,-336.19
2020-11-28,17,MAZATLAN,295.36,865.87,-18.64,-551.86
2020-11-28,18,MAZATLAN,542.39,935.59,-48.83,-344.37
2020-11-28,19,MAZATLAN,1156.61,1485.52,-117.45,-211.45
2020-11-28,20,MAZATLAN,846.97,1090.72,-65,-178.75
2020-11-28,21,MAZATLAN,876.37,1036.6,-47.42,-112.81
2020-11-28,22,MAZATLAN,849.35,1007.12,-44.41,-113.35
2020-11-28,23,MAZATLAN,793.56,943.54,-46.76,-103.23
2020-11-28,24,MAZATLAN,688.46,809.29,-38.18,-82.65
2020-11-28,1,MERIDA,851.86,765.65,93.2,-6.99
2020-11-28,2,MERIDA,617.85,557.12,60.76,-.03
2020-11-28,3,MERIDA,585.47,538,47.49,-.02
2020-11-28,4,MERIDA,562.05,522.89,39.15,0
2020-11-28,5,MERIDA,557.92,524.05,33.87,0
2020-11-28,6,MERIDA,565.48,530.31,35.18,0
2020-11-28,7,MERIDA,595.91,562.75,33.16,0
2020-11-28,8,MERIDA,985.43,938.29,52.01,-4.87
2020-11-28,9,MERIDA,1001.96,925.48,80.98,-4.5
2020-11-28,10,MERIDA,1017.98,926.9,96.08,-5
2020-11-28,11,MERIDA,1018.58,924.49,98.69,-4.6
2020-11-28,12,MERIDA,1026.45,925.09,105.88,-4.52
2020-11-28,13,MERIDA,1030.28,928.03,106.7,-4.45
2020-11-28,14,MERIDA,956.63,868.43,92.27,-4.06
2020-11-28,15,MERIDA,848.02,776.36,74.88,-3.21
2020-11-28,16,MERIDA,754.81,691.81,65.37,-2.37
2020-11-28,17,MERIDA,941.26,865.87,79.28,-3.88
2020-11-28,18,MERIDA,1010.86,935.59,89.09,-13.82
2020-11-28,19,MERIDA,1593.77,1485.52,144.96,-36.71
2020-11-28,20,MERIDA,1449.64,1090.72,98.26,260.66
2020-11-28,21,MERIDA,1104.89,1036.6,87.97,-19.69
2020-11-28,22,MERIDA,1091.93,1007.12,104.24,-19.42
2020-11-28,23,MERIDA,1049.45,943.54,123.59,-17.68
2020-11-28,24,MERIDA,997.35,809.29,110.13,77.94
2020-11-28,1,MINAS,816.63,765.65,44.3,6.69
2020-11-28,2,MINAS,586.57,557.12,28.87,.58
2020-11-28,3,MINAS,563.15,538,24.83,.33
2020-11-28,4,MINAS,543.54,522.89,20.65,0
2020-11-28,5,MINAS,542.01,524.05,17.97,0
2020-11-28,6,MINAS,548.55,530.31,18.24,0
2020-11-28,7,MINAS,587.95,562.75,25.2,0
2020-11-28,8,MINAS,1086.12,938.29,68.74,79.09
2020-11-28,9,MINAS,1056.83,925.48,65.01,66.35
2020-11-28,10,MINAS,1070.98,926.9,70.45,73.64
2020-11-28,11,MINAS,1063.43,924.49,72.65,66.29
2020-11-28,12,MINAS,1061.36,925.09,70.91,65.36
2020-11-28,13,MINAS,1062.09,928.03,69.7,64.36
2020-11-28,14,MINAS,989.55,868.43,62.39,58.73
2020-11-28,15,MINAS,882.12,776.36,58.29,47.47
2020-11-28,16,MINAS,776.7,691.81,49.86,35.03
2020-11-28,17,MINAS,990.55,865.87,67.47,57.22
2020-11-28,18,MINAS,1034.78,935.59,62.6,36.58
2020-11-28,19,MINAS,1572.22,1485.52,66.32,20.38
2020-11-28,20,MINAS,1096.4,1090.72,67.38,-61.69
2020-11-28,21,MINAS,1122.56,1036.6,74.9,11.06
2020-11-28,22,MINAS,1087.38,1007.12,69.14,11.12
2020-11-28,23,MINAS,1013.65,943.54,59.79,10.31
2020-11-28,24,MINAS,845.71,809.29,41.87,-5.46
2020-11-28,1,MONCLOVA,510.03,765.65,-110.7,-144.92
2020-11-28,2,MONCLOVA,484.01,557.12,-71.57,-1.55
2020-11-28,3,MONCLOVA,474.41,538,-62.72,-.87
2020-11-28,4,MONCLOVA,466.7,522.89,-56.19,0
2020-11-28,5,MONCLOVA,464.15,524.05,-59.9,0
2020-11-28,6,MONCLOVA,467.6,530.31,-62.71,0
2020-11-28,7,MONCLOVA,493.77,562.75,-68.98,0
2020-11-28,8,MONCLOVA,663.81,938.29,-84.35,-190.14
2020-11-28,9,MONCLOVA,664.78,925.48,-93.11,-167.59
2020-11-28,10,MONCLOVA,631.98,926.9,-108.76,-186.15
2020-11-28,11,MONCLOVA,639.94,924.49,-116.73,-167.82
2020-11-28,12,MONCLOVA,645.86,925.09,-114.18,-165.05
2020-11-28,13,MONCLOVA,650.81,928.03,-114.86,-162.36
2020-11-28,14,MONCLOVA,613.07,868.43,-106.97,-148.39
2020-11-28,15,MONCLOVA,553.59,776.36,-102.86,-119.91
2020-11-28,16,MONCLOVA,505,691.81,-98.34,-88.46
2020-11-28,17,MONCLOVA,591.72,865.87,-129.58,-144.57
2020-11-28,18,MONCLOVA,481.14,935.59,-136.48,-317.97
2020-11-28,19,MONCLOVA,488.2,1485.52,-243.44,-753.88
2020-11-28,20,MONCLOVA,480.3,1090.72,-177.17,-433.24
2020-11-28,21,MONCLOVA,469.09,1036.6,-162.95,-404.57
2020-11-28,22,MONCLOVA,445.37,1007.12,-155.23,-406.51
2020-11-28,23,MONCLOVA,427.77,943.54,-145.54,-370.24
2020-11-28,24,MONCLOVA,422.58,809.29,-123.83,-262.88
2020-11-28,1,MONTEMORELOS,546.74,765.65,-92.92,-125.99
2020-11-28,2,MONTEMORELOS,498.58,557.12,-57.58,-.97
2020-11-28,3,MONTEMORELOS,488.02,538,-49.44,-.54
2020-11-28,4,MONTEMORELOS,477.85,522.89,-45.04,0
2020-11-28,5,MONTEMORELOS,475.74,524.05,-48.31,0
2020-11-28,6,MONTEMORELOS,480.65,530.31,-49.65,0
2020-11-28,7,MONTEMORELOS,507.98,562.75,-54.77,0
2020-11-28,8,MONTEMORELOS,717.4,938.29,-68.96,-151.93
2020-11-28,9,MONTEMORELOS,718.89,925.48,-72.21,-134.39
2020-11-28,10,MONTEMORELOS,694.6,926.9,-83.03,-149.26
2020-11-28,11,MONTEMORELOS,702.24,924.49,-87.67,-134.58
2020-11-28,12,MONTEMORELOS,707.37,925.09,-85.36,-132.36
2020-11-28,13,MONTEMORELOS,711.54,928.03,-86.34,-130.15
2020-11-28,14,MONTEMORELOS,667.15,868.43,-82.35,-118.93
2020-11-28,15,MONTEMORELOS,599.02,776.36,-81.33,-96.01
2020-11-28,16,MONTEMORELOS,541.18,691.81,-79.75,-70.88
2020-11-28,17,MONTEMORELOS,643.91,865.87,-105.98,-115.97
2020-11-28,18,MONTEMORELOS,547.3,935.59,-112.89,-275.41
2020-11-28,19,MONTEMORELOS,617.27,1485.52,-198.09,-670.15
2020-11-28,20,MONTEMORELOS,502.91,1090.72,-145.17,-442.64
2020-11-28,21,MONTEMORELOS,543.98,1036.6,-131.88,-360.74
2020-11-28,22,MONTEMORELOS,518.57,1007.11,-127.18,-361.36
2020-11-28,23,MONTEMORELOS,492.51,943.54,-121.58,-329.45
2020-11-28,24,MONTEMORELOS,445.45,809.29,-104.36,-259.49
2020-11-28,1,MONTERREY,518.45,765.65,-105.7,-141.5
2020-11-28,2,MONTERREY,489.58,557.12,-66.45,-1.09
2020-11-28,3,MONTERREY,479.92,538,-57.47,-.61
2020-11-28,4,MONTERREY,470.45,522.89,-52.44,0
2020-11-28,5,MONTERREY,468.19,524.05,-55.85,0
2020-11-28,6,MONTERREY,472.66,530.31,-57.65,0
2020-11-28,7,MONTERREY,499.31,562.75,-63.45,0
2020-11-28,8,MONTERREY,685.98,938.29,-80.85,-171.46
2020-11-28,9,MONTERREY,688.29,925.48,-85.76,-151.43
2020-11-28,10,MONTERREY,659.75,926.9,-98.99,-168.16
2020-11-28,11,MONTERREY,669.09,924.5,-103.99,-151.41
2020-11-28,12,MONTERREY,674.34,925.09,-101.87,-148.88
2020-11-28,13,MONTERREY,678.86,928.03,-102.71,-146.47
2020-11-28,14,MONTERREY,636.96,868.43,-97.63,-133.84
2020-11-28,15,MONTERREY,572.74,776.36,-95.46,-108.16
2020-11-28,16,MONTERREY,519.36,691.81,-92.66,-79.79
2020-11-28,17,MONTERREY,613.08,865.87,-122.29,-130.5
2020-11-28,18,MONTERREY,495.87,935.59,-131.21,-308.51
2020-11-28,19,MONTERREY,509.1,1485.52,-229.55,-746.87
2020-11-28,20,MONTERREY,482.14,1090.72,-168.19,-440.39
2020-11-28,21,MONTERREY,483.14,1036.61,-152.7,-400.76
2020-11-28,22,MONTERREY,458.43,1007.12,-146.06,-402.63
2020-11-28,23,MONTERREY,438.35,943.55,-138.46,-366.74
2020-11-28,24,MONTERREY,425.87,809.29,-117.71,-265.71
2020-11-28,1,MORELIA,800.04,765.65,29.73,4.66
2020-11-28,2,MORELIA,576.88,557.12,19.62,.14
2020-11-28,3,MORELIA,556.54,538,18.47,.08
2020-11-28,4,MORELIA,539.31,522.89,16.42,0
2020-11-28,5,MORELIA,540.89,524.05,16.84,0
2020-11-28,6,MORELIA,547.7,530.31,17.4,0
2020-11-28,7,MORELIA,583.4,562.75,20.65,0
2020-11-28,8,MORELIA,1000.5,938.29,43.6,18.61
2020-11-28,9,MORELIA,987.77,925.48,46.49,15.8
2020-11-28,10,MORELIA,993.19,926.9,48.67,17.62
2020-11-28,11,MORELIA,990.23,924.49,49.79,15.95
2020-11-28,12,MORELIA,989.1,925.09,48.34,15.68
2020-11-28,13,MORELIA,992.4,928.03,48.9,15.47
2020-11-28,14,MORELIA,926.06,868.43,43.54,14.09
2020-11-28,15,MORELIA,829.13,776.36,41.38,11.39
2020-11-28,16,MORELIA,737.14,691.81,36.91,8.42
2020-11-28,17,MORELIA,926.09,865.87,46.42,13.8
2020-11-28,18,MORELIA,994.32,935.59,44.55,14.18
2020-11-28,19,MORELIA,1573.26,1485.52,66.45,21.3
2020-11-28,20,MORELIA,1170.87,1090.72,52.99,27.17
2020-11-28,21,MORELIA,1100.53,1036.61,52.47,11.45
2020-11-28,22,MORELIA,1068.02,1007.12,49.47,11.44
2020-11-28,23,MORELIA,998.15,943.54,44.25,10.36
2020-11-28,24,MORELIA,862.33,809.29,35.02,18.02
2020-11-28,1,MORELOS,817.32,765.65,57.09,-5.42
2020-11-28,2,MORELOS,595.75,557.12,38.63,-.01
2020-11-28,3,MORELOS,573.13,538,35.14,0
2020-11-28,4,MORELOS,555.57,522.89,32.67,0
2020-11-28,5,MORELOS,557.41,524.05,33.37,0
2020-11-28,6,MORELOS,565.05,530.31,34.74,0
2020-11-28,7,MORELOS,600.81,562.75,38.06,0
2020-11-28,8,MORELOS,993.74,938.29,56.96,-1.51
2020-11-28,9,MORELOS,984.86,925.48,60.98,-1.61
2020-11-28,10,MORELOS,990.17,926.9,65.05,-1.78
2020-11-28,11,MORELOS,989.23,924.49,66.35,-1.62
2020-11-28,12,MORELOS,988.72,925.09,65.22,-1.59
2020-11-28,13,MORELOS,991.31,928.03,64.83,-1.56
2020-11-28,14,MORELOS,929.37,868.43,62.37,-1.43
2020-11-28,15,MORELOS,831.17,776.36,55.95,-1.14
2020-11-28,16,MORELOS,740.97,691.81,50,-.84
2020-11-28,17,MORELOS,925.19,865.87,60.71,-1.38
2020-11-28,18,MORELOS,989.8,935.59,64.16,-9.95
2020-11-28,19,MORELOS,1571.03,1485.52,114.25,-28.73
2020-11-28,20,MORELOS,1395.37,1090.72,89.31,215.35
2020-11-28,21,MORELOS,1103.26,1036.6,82.06,-15.4
2020-11-28,22,MORELOS,1071.1,1007.11,79.4,-15.42
2020-11-28,23,MORELOS,1004.62,943.54,75.12,-14.04
2020-11-28,24,MORELOS,941.67,809.29,66.32,66.05
2020-11-28,1,MOTUL TIZIMIN,829.31,765.65,70.65,-6.99
2020-11-28,2,MOTUL TIZIMIN,602.07,557.12,44.98,-.03
2020-11-28,3,MOTUL TIZIMIN,571.68,538,33.7,-.02
2020-11-28,4,MOTUL TIZIMIN,548.8,522.89,25.9,0
2020-11-28,5,MOTUL TIZIMIN,543.68,524.05,19.64,0
2020-11-28,6,MOTUL TIZIMIN,551.39,530.31,21.08,0
2020-11-28,7,MOTUL TIZIMIN,581.87,562.75,19.12,0
2020-11-28,8,MOTUL TIZIMIN,958.86,938.29,25.44,-4.87
2020-11-28,9,MOTUL TIZIMIN,981.23,925.48,60.25,-4.5
2020-11-28,10,MOTUL TIZIMIN,996.25,926.9,74.35,-5
2020-11-28,11,MOTUL TIZIMIN,997.79,924.49,77.89,-4.6
2020-11-28,12,MOTUL TIZIMIN,1007.61,925.09,87.04,-4.52
2020-11-28,13,MOTUL TIZIMIN,1012.1,928.03,88.51,-4.45
2020-11-28,14,MOTUL TIZIMIN,937.04,868.43,72.68,-4.06
2020-11-28,15,MOTUL TIZIMIN,828.83,776.36,55.69,-3.21
2020-11-28,16,MOTUL TIZIMIN,736.76,691.81,47.33,-2.37
2020-11-28,17,MOTUL TIZIMIN,915.96,865.87,53.97,-3.88
2020-11-28,18,MOTUL TIZIMIN,982.64,935.59,60.87,-13.82
2020-11-28,19,MOTUL TIZIMIN,1545.94,1485.52,97.13,-36.71
2020-11-28,20,MOTUL TIZIMIN,1414.04,1090.72,62.66,260.66
2020-11-28,21,MOTUL TIZIMIN,1067.77,1036.6,50.85,-19.69
2020-11-28,22,MOTUL TIZIMIN,1053.86,1007.12,66.16,-19.42
2020-11-28,23,MOTUL TIZIMIN,1017.47,943.54,91.61,-17.68
2020-11-28,24,MOTUL TIZIMIN,972.14,809.29,84.92,77.94
2020-11-28,1,NAVOJOA,423.29,765.65,-176.1,-166.25
2020-11-28,2,NAVOJOA,405.67,557.12,-127.05,-24.41
2020-11-28,3,NAVOJOA,399.74,538,-124.55,-13.71
2020-11-28,4,NAVOJOA,408.15,522.89,-114.75,0
2020-11-28,5,NAVOJOA,410.89,524.05,-113.15,0
2020-11-28,6,NAVOJOA,410.94,530.31,-119.37,0
2020-11-28,7,NAVOJOA,436.39,562.75,-126.36,0
2020-11-28,8,NAVOJOA,200.3,938.29,-70.93,-667.07
2020-11-28,9,NAVOJOA,240.22,925.48,-116.52,-568.74
2020-11-28,10,NAVOJOA,191.24,926.9,-105.57,-630.1
2020-11-28,11,NAVOJOA,251.86,924.49,-112.15,-560.49
2020-11-28,12,NAVOJOA,264,925.09,-111.13,-549.96
2020-11-28,13,NAVOJOA,264.28,928.03,-122.76,-541
2020-11-28,14,NAVOJOA,254.42,868.43,-119.58,-494.43
2020-11-28,15,NAVOJOA,275.57,776.36,-101.26,-399.52
2020-11-28,16,NAVOJOA,309.82,691.81,-87.23,-294.76
2020-11-28,17,NAVOJOA,282.54,865.87,-106.94,-476.39
2020-11-28,18,NAVOJOA,437.05,935.59,-158.49,-340.05
2020-11-28,19,NAVOJOA,913.39,1485.52,-275.8,-296.32
2020-11-28,20,NAVOJOA,669.53,1090.72,-198.01,-223.19
2020-11-28,21,NAVOJOA,689.42,1036.6,-182.75,-164.43
2020-11-28,22,NAVOJOA,662.07,1007.12,-179.83,-165.22
2020-11-28,23,NAVOJOA,624.07,943.54,-169.01,-150.46
2020-11-28,24,NAVOJOA,531.24,809.29,-161.66,-116.39
2020-11-28,1,NOGALES,432.24,765.65,-177.4,-156.01
2020-11-28,2,NOGALES,416.04,557.12,-122.74,-18.34
2020-11-28,3,NOGALES,409.1,538,-118.6,-10.3
2020-11-28,4,NOGALES,417.19,522.89,-105.71,0
2020-11-28,5,NOGALES,419.6,524.05,-104.45,0
2020-11-28,6,NOGALES,424.06,530.31,-106.24,0
2020-11-28,7,NOGALES,449.85,562.75,-112.91,0
2020-11-28,8,NOGALES,335.96,938.29,-51.66,-550.67
2020-11-28,9,NOGALES,359.27,925.48,-96.42,-469.79
2020-11-28,10,NOGALES,264.15,926.9,-138.83,-523.92
2020-11-28,11,NOGALES,277.75,924.49,-168.85,-477.89
2020-11-28,12,NOGALES,286.05,925.09,-165.22,-473.82
2020-11-28,13,NOGALES,311.88,928.03,-150.06,-466.1
2020-11-28,14,NOGALES,307.86,868.43,-134.62,-425.94
2020-11-28,15,NOGALES,310.06,776.36,-122.18,-344.13
2020-11-28,16,NOGALES,323.06,691.81,-114.89,-253.86
2020-11-28,17,NOGALES,324.24,865.87,-131.05,-410.57
2020-11-28,18,NOGALES,415.5,935.59,-183.79,-336.3
2020-11-28,19,NOGALES,771.58,1485.52,-327.84,-386.1
2020-11-28,20,NOGALES,600.08,1090.72,-226.59,-264.05
2020-11-28,21,NOGALES,602.14,1036.6,-222.64,-211.82
2020-11-28,22,NOGALES,581.76,1007.12,-212.48,-212.88
2020-11-28,23,NOGALES,556.17,943.54,-193.48,-193.9
2020-11-28,24,NOGALES,479.42,809.29,-183.79,-146.09
2020-11-28,1,NUEVO LAREDO,510.5,765.65,-111.94,-143.21
2020-11-28,2,NUEVO LAREDO,481.6,557.12,-73.67,-1.85
2020-11-28,3,NUEVO LAREDO,471.65,538,-65.31,-1.04
2020-11-28,4,NUEVO LAREDO,464.82,522.89,-58.08,0
2020-11-28,5,NUEVO LAREDO,461.14,524.05,-62.9,0
2020-11-28,6,NUEVO LAREDO,463.5,530.31,-66.81,0
2020-11-28,7,NUEVO LAREDO,488.98,562.75,-73.77,0
2020-11-28,8,NUEVO LAREDO,652.4,938.29,-87.46,-198.44
2020-11-28,9,NUEVO LAREDO,652.51,925.48,-98.39,-174.59
2020-11-28,10,NUEVO LAREDO,617.59,926.9,-115.44,-193.87
2020-11-28,11,NUEVO LAREDO,624.5,924.49,-125.07,-174.93
2020-11-28,12,NUEVO LAREDO,630.89,925.09,-122.09,-172.11
2020-11-28,13,NUEVO LAREDO,635.12,928.03,-123.57,-169.34
2020-11-28,14,NUEVO LAREDO,599.21,868.43,-114.41,-154.81
2020-11-28,15,NUEVO LAREDO,542.03,776.36,-109.21,-125.13
2020-11-28,16,NUEVO LAREDO,496.23,691.81,-103.27,-92.32
2020-11-28,17,NUEVO LAREDO,579.85,865.87,-135.18,-150.84
2020-11-28,18,NUEVO LAREDO,477.44,935.59,-142.51,-315.65
2020-11-28,19,NUEVO LAREDO,495.13,1485.52,-253.4,-736.99
2020-11-28,20,NUEVO LAREDO,479.05,1090.72,-182.91,-428.77
2020-11-28,21,NUEVO LAREDO,471.57,1036.6,-169.45,-395.58
2020-11-28,22,NUEVO LAREDO,448.79,1007.12,-160.85,-397.47
2020-11-28,23,NUEVO LAREDO,431.13,943.54,-150.44,-361.98
2020-11-28,24,NUEVO LAREDO,420.39,809.29,-129.95,-258.96
2020-11-28,1,OAXACA,834.32,765.65,75.66,-6.99
2020-11-28,2,OAXACA,608.28,557.12,51.19,-.03
2020-11-28,3,OAXACA,582.77,538,44.79,-.02
2020-11-28,4,OAXACA,565.14,522.89,42.24,0
2020-11-28,5,OAXACA,567.9,524.05,43.86,0
2020-11-28,6,OAXACA,577.63,530.31,47.33,0
2020-11-28,7,OAXACA,614.15,562.75,51.39,0
2020-11-28,8,OAXACA,1008.93,938.29,75.41,-4.77
2020-11-28,9,OAXACA,1005.71,925.48,84.66,-4.42
2020-11-28,10,OAXACA,1013.39,926.9,91.41,-4.92
2020-11-28,11,OAXACA,1006.97,924.49,87.08,-4.61
2020-11-28,12,OAXACA,1008.24,925.09,87.68,-4.53
2020-11-28,13,OAXACA,1008.64,928.03,85.07,-4.46
2020-11-28,14,OAXACA,944.69,868.43,80.34,-4.08
2020-11-28,15,OAXACA,844.51,776.36,71.31,-3.16
2020-11-28,16,OAXACA,751.18,691.81,61.71,-2.34
2020-11-28,17,OAXACA,937.26,865.87,75.21,-3.82
2020-11-28,18,OAXACA,1009.31,935.59,87.53,-13.82
2020-11-28,19,OAXACA,1617.09,1485.52,168.37,-36.8
2020-11-28,20,OAXACA,1476.06,1090.72,123.28,262.07
2020-11-28,21,OAXACA,1130.2,1036.6,113.32,-19.73
2020-11-28,22,OAXACA,1104.98,1007.12,117.03,-19.16
2020-11-28,23,OAXACA,1044.96,943.54,118.87,-17.45
2020-11-28,24,OAXACA,986.83,809.29,100.21,77.34
2020-11-28,1,OBREGON,418.06,765.65,-182.2,-165.39
2020-11-28,2,OBREGON,403.3,557.12,-129.92,-23.9
2020-11-28,3,OBREGON,397.34,538,-127.24,-13.42
2020-11-28,4,OBREGON,406.46,522.89,-116.43,0
2020-11-28,5,OBREGON,409.77,524.05,-114.28,0
2020-11-28,6,OBREGON,409.49,530.31,-120.81,0
2020-11-28,7,OBREGON,434.92,562.75,-127.83,0
2020-11-28,8,OBREGON,209.24,938.29,-69.81,-659.25
2020-11-28,9,OBREGON,250.26,925.48,-115.73,-559.49
2020-11-28,10,OBREGON,192.34,926.9,-114.74,-619.83
2020-11-28,11,OBREGON,248,924.49,-125.62,-550.88
2020-11-28,12,OBREGON,258.4,925.09,-126.24,-540.45
2020-11-28,13,OBREGON,266.84,928.03,-129.53,-531.66
2020-11-28,14,OBREGON,259.32,868.43,-123.18,-485.93
2020-11-28,15,OBREGON,278.58,776.36,-105.13,-392.65
2020-11-28,16,OBREGON,312.04,691.81,-90.09,-289.68
2020-11-28,17,OBREGON,288.4,865.87,-109.52,-467.95
2020-11-28,18,OBREGON,429.3,935.59,-166.72,-339.57
2020-11-28,19,OBREGON,895.15,1485.52,-285.88,-304.49
2020-11-28,20,OBREGON,657.44,1090.72,-206.12,-227.16
2020-11-28,21,OBREGON,674.39,1036.61,-193.19,-169.03
2020-11-28,22,OBREGON,648.33,1007.12,-188.95,-169.84
2020-11-28,23,OBREGON,611.82,943.54,-177.05,-154.68
2020-11-28,24,OBREGON,515.05,809.29,-174.05,-120.19
2020-11-28,1,ORIZABA,804.53,765.65,46.05,-7.16
2020-11-28,2,ORIZABA,587.92,557.12,30.83,-.03
2020-11-28,3,ORIZABA,564.62,538,26.64,-.02
2020-11-28,4,ORIZABA,547.54,522.89,24.64,0
2020-11-28,5,ORIZABA,549.63,524.05,25.59,0
2020-11-28,6,ORIZABA,557.62,530.31,27.32,0
2020-11-28,7,ORIZABA,592.38,562.75,29.63,0
2020-11-28,8,ORIZABA,973.5,938.29,40.39,-5.18
2020-11-28,9,ORIZABA,969.02,925.48,48.36,-4.81
2020-11-28,10,ORIZABA,975.28,926.9,53.69,-5.31
2020-11-28,11,ORIZABA,971.11,924.49,51.41,-4.8
2020-11-28,12,ORIZABA,971.79,925.09,51.42,-4.72
2020-11-28,13,ORIZABA,972.37,928.03,48.99,-4.65
2020-11-28,14,ORIZABA,910.07,868.43,45.89,-4.25
2020-11-28,15,ORIZABA,812.92,776.36,39.99,-3.43
2020-11-28,16,ORIZABA,723.83,691.81,34.55,-2.53
2020-11-28,17,ORIZABA,903.26,865.87,41.54,-4.14
2020-11-28,18,ORIZABA,969.51,935.59,48.27,-14.35
2020-11-28,19,ORIZABA,1537.58,1485.52,89.8,-37.73
2020-11-28,20,ORIZABA,1421.54,1090.72,62.83,268
2020-11-28,21,ORIZABA,1073.8,1036.6,57.67,-20.47
2020-11-28,22,ORIZABA,1049.69,1007.12,63.15,-20.58
2020-11-28,23,ORIZABA,993.99,943.54,69.14,-18.7
2020-11-28,24,ORIZABA,950.65,809.29,60.37,80.98
2020-11-28,1,PIEDRAS NEGRAS,505.44,765.65,-116.59,-143.61
2020-11-28,2,PIEDRAS NEGRAS,477.88,557.12,-77.25,-1.99
2020-11-28,3,PIEDRAS NEGRAS,468.99,538,-67.89,-1.12
2020-11-28,4,PIEDRAS NEGRAS,462.52,522.89,-60.37,0
2020-11-28,5,PIEDRAS NEGRAS,457.79,524.05,-66.25,0
2020-11-28,6,PIEDRAS NEGRAS,459.62,530.31,-70.68,0
2020-11-28,7,PIEDRAS NEGRAS,484.95,562.75,-77.8,0
2020-11-28,8,PIEDRAS NEGRAS,641.41,938.29,-92.95,-203.93
2020-11-28,9,PIEDRAS NEGRAS,641.61,925.48,-104.47,-179.41
2020-11-28,10,PIEDRAS NEGRAS,606.32,926.9,-121.25,-199.33
2020-11-28,11,PIEDRAS NEGRAS,611.37,924.49,-133.24,-179.88
2020-11-28,12,PIEDRAS NEGRAS,618.01,925.09,-130.14,-176.94
2020-11-28,13,PIEDRAS NEGRAS,621.09,928.03,-132.88,-174.06
2020-11-28,14,PIEDRAS NEGRAS,588.52,868.43,-120.83,-159.08
2020-11-28,15,PIEDRAS NEGRAS,533.16,776.36,-114.65,-128.55
2020-11-28,16,PIEDRAS NEGRAS,490.53,691.81,-106.44,-94.84
2020-11-28,17,PIEDRAS NEGRAS,572.72,865.87,-138.26,-154.88
2020-11-28,18,PIEDRAS NEGRAS,473.66,935.59,-144.73,-317.2
2020-11-28,19,PIEDRAS NEGRAS,493.25,1485.52,-256.71,-735.55
2020-11-28,20,PIEDRAS NEGRAS,479.24,1090.72,-184.94,-426.54
2020-11-28,21,PIEDRAS NEGRAS,469.5,1036.6,-172.23,-394.88
2020-11-28,22,PIEDRAS NEGRAS,447.38,1007.11,-162.96,-396.78
2020-11-28,23,PIEDRAS NEGRAS,431.3,943.54,-150.88,-361.37
2020-11-28,24,PIEDRAS NEGRAS,421.7,809.29,-129.77,-257.82
2020-11-28,1,POZA RICA,755.42,765.65,2.3,-12.53
2020-11-28,2,POZA RICA,558.34,557.12,1.31,-.09
2020-11-28,3,POZA RICA,538.52,538,.58,-.05
2020-11-28,4,POZA RICA,523.35,522.89,.45,0
2020-11-28,5,POZA RICA,524.35,524.05,.3,0
2020-11-28,6,POZA RICA,530.54,530.31,.23,0
2020-11-28,7,POZA RICA,563.45,562.75,.7,0
2020-11-28,8,POZA RICA,917.34,938.29,-6.78,-14.18
2020-11-28,9,POZA RICA,911.2,925.48,-1.64,-12.65
2020-11-28,10,POZA RICA,914.78,926.9,2.19,-14.3
2020-11-28,11,POZA RICA,916.12,924.49,4.75,-13.12
2020-11-28,12,POZA RICA,919.07,925.09,6.87,-12.89
2020-11-28,13,POZA RICA,921.43,928.03,6.09,-12.7
2020-11-28,14,POZA RICA,860.83,868.43,3.76,-11.36
2020-11-28,15,POZA RICA,769.77,776.36,2.5,-9.09
2020-11-28,16,POZA RICA,687.17,691.81,2.08,-6.72
2020-11-28,17,POZA RICA,855.07,865.87,.1,-10.89
2020-11-28,18,POZA RICA,909.93,935.59,1.2,-26.86
2020-11-28,19,POZA RICA,1431.86,1485.52,12.3,-65.96
2020-11-28,20,POZA RICA,1493.08,1090.72,10.53,391.84
2020-11-28,21,POZA RICA,1008.96,1036.6,7.83,-35.47
2020-11-28,22,POZA RICA,979.72,1007.12,8.24,-35.64
2020-11-28,23,POZA RICA,920.57,943.55,9.36,-32.34
2020-11-28,24,POZA RICA,937.51,809.29,6.17,122.05
2020-11-28,1,PUEBLA,804.12,765.65,45.24,-6.77
2020-11-28,2,PUEBLA,587.53,557.12,30.44,-.03
2020-11-28,3,PUEBLA,564.91,538,26.93,-.02
2020-11-28,4,PUEBLA,548.02,522.89,25.13,0
2020-11-28,5,PUEBLA,549.67,524.05,25.63,0
2020-11-28,6,PUEBLA,557.31,530.31,27,0
2020-11-28,7,PUEBLA,592.25,562.75,29.5,0
2020-11-28,8,PUEBLA,974.64,938.29,40.93,-4.58
2020-11-28,9,PUEBLA,968.96,925.48,47.72,-4.24
2020-11-28,10,PUEBLA,974.78,926.9,52.58,-4.7
2020-11-28,11,PUEBLA,971.94,924.49,51.71,-4.26
2020-11-28,12,PUEBLA,973.5,925.09,52.6,-4.19
2020-11-28,13,PUEBLA,974.55,928.03,50.64,-4.12
2020-11-28,14,PUEBLA,912.26,868.43,47.6,-3.76
2020-11-28,15,PUEBLA,815.48,776.36,42.14,-3.02
2020-11-28,16,PUEBLA,726.39,691.81,36.81,-2.23
2020-11-28,17,PUEBLA,906.76,865.87,44.54,-3.65
2020-11-28,18,PUEBLA,972.25,935.59,49.98,-13.32
2020-11-28,19,PUEBLA,1543.03,1485.52,93,-35.49
2020-11-28,20,PUEBLA,1408.19,1090.72,66.1,251.38
2020-11-28,21,PUEBLA,1077.43,1036.6,59.8,-18.97
2020-11-28,22,PUEBLA,1050.84,1007.12,62.71,-18.99
2020-11-28,23,PUEBLA,990.61,943.54,64.41,-17.34
2020-11-28,24,PUEBLA,940.53,809.29,54.87,76.37
2020-11-28,1,QUERETARO,777.15,765.65,9.09,2.42
2020-11-28,2,QUERETARO,563.43,557.12,6.3,0
2020-11-28,3,QUERETARO,543.82,538,5.82,0
2020-11-28,4,QUERETARO,528.6,522.89,5.7,0
2020-11-28,5,QUERETARO,529.71,524.05,5.67,0
2020-11-28,6,QUERETARO,536.13,530.31,5.82,0
2020-11-28,7,QUERETARO,568.88,562.75,6.13,0
2020-11-28,8,QUERETARO,946.88,938.29,7.8,.79
2020-11-28,9,QUERETARO,931.42,925.48,5.13,.82
2020-11-28,10,QUERETARO,932.16,926.9,4.36,.91
2020-11-28,11,QUERETARO,929.8,924.49,4.49,.82
2020-11-28,12,QUERETARO,930.84,925.09,4.95,.8
2020-11-28,13,QUERETARO,934.11,928.03,5.28,.79
2020-11-28,14,QUERETARO,875.14,868.43,5.99,.73
2020-11-28,15,QUERETARO,781.67,776.36,4.72,.59
2020-11-28,16,QUERETARO,696.81,691.81,4.57,.43
2020-11-28,17,QUERETARO,873.9,865.87,7.33,.71
2020-11-28,18,QUERETARO,949.92,935.59,9.76,4.57
2020-11-28,19,QUERETARO,1517.3,1485.52,18.81,12.97
2020-11-28,20,QUERETARO,1104.75,1090.72,12.87,1.17
2020-11-28,21,QUERETARO,1054.31,1036.61,10.76,6.94
2020-11-28,22,QUERETARO,1023.4,1007.11,9.32,6.97
2020-11-28,23,QUERETARO,957.04,943.54,7.15,6.35
2020-11-28,24,QUERETARO,825.08,809.29,6.78,9.01
2020-11-28,1,REYNOSA,491.09,765.65,-132.83,-141.73
2020-11-28,2,REYNOSA,468.29,557.12,-87.69,-1.14
2020-11-28,3,REYNOSA,460.37,538,-76.99,-.64
2020-11-28,4,REYNOSA,451.24,522.89,-71.65,0
2020-11-28,5,REYNOSA,447.38,524.05,-76.66,0
2020-11-28,6,REYNOSA,453.64,530.31,-76.66,0
2020-11-28,7,REYNOSA,478.92,562.75,-83.83,0
2020-11-28,8,REYNOSA,650.4,938.29,-114.74,-173.16
2020-11-28,9,REYNOSA,660.67,925.48,-111.91,-152.9
2020-11-28,10,REYNOSA,630,926.9,-127.1,-169.8
2020-11-28,11,REYNOSA,642.84,924.49,-128.73,-152.93
2020-11-28,12,REYNOSA,651.96,925.09,-122.76,-150.37
2020-11-28,13,REYNOSA,658.48,928.03,-121.65,-147.91
2020-11-28,14,REYNOSA,612.81,868.43,-120.43,-135.19
2020-11-28,15,REYNOSA,542.64,776.36,-124.46,-109.26
2020-11-28,16,REYNOSA,487.16,691.81,-124.04,-80.61
2020-11-28,17,REYNOSA,567.57,865.87,-166.5,-131.8
2020-11-28,18,REYNOSA,449.28,935.59,-177.14,-309.17
2020-11-28,19,REYNOSA,435.02,1485.52,-303.59,-746.91
2020-11-28,20,REYNOSA,425.64,1090.72,-225.4,-439.68
2020-11-28,21,REYNOSA,427.25,1036.6,-208.6,-400.75
2020-11-28,22,REYNOSA,404.48,1007.12,-199.96,-402.68
2020-11-28,23,REYNOSA,390.7,943.54,-186.11,-366.74
2020-11-28,24,REYNOSA,389.21,809.29,-154.7,-265.38
2020-11-28,1,RIVIERA MAYA,861.28,765.65,102.63,-6.99
2020-11-28,2,RIVIERA MAYA,625.47,557.12,68.38,-.03
2020-11-28,3,RIVIERA MAYA,593.27,538,55.29,-.02
2020-11-28,4,RIVIERA MAYA,570.32,522.89,47.43,0
2020-11-28,5,RIVIERA MAYA,567.98,524.05,43.93,0
2020-11-28,6,RIVIERA MAYA,575.96,530.31,45.66,0
2020-11-28,7,RIVIERA MAYA,608.18,562.75,45.43,0
2020-11-28,8,RIVIERA MAYA,1002.68,938.29,69.26,-4.87
2020-11-28,9,RIVIERA MAYA,1017.21,925.48,96.23,-4.5
2020-11-28,10,RIVIERA MAYA,1033.08,926.9,111.18,-5
2020-11-28,11,RIVIERA MAYA,1032.79,924.49,112.9,-4.6
2020-11-28,12,RIVIERA MAYA,1039.2,925.09,118.63,-4.52
2020-11-28,13,RIVIERA MAYA,1041.66,928.03,118.08,-4.45
2020-11-28,14,RIVIERA MAYA,969.86,868.43,105.49,-4.06
2020-11-28,15,RIVIERA MAYA,862.13,776.36,88.99,-3.21
2020-11-28,16,RIVIERA MAYA,766.93,691.81,77.49,-2.37
2020-11-28,17,RIVIERA MAYA,955.7,865.87,93.71,-3.88
2020-11-28,18,RIVIERA MAYA,1031.78,935.59,110.01,-13.82
2020-11-28,19,RIVIERA MAYA,1627.09,1485.52,178.28,-36.71
2020-11-28,20,RIVIERA MAYA,1474.15,1090.72,122.78,260.66
2020-11-28,21,RIVIERA MAYA,1129.45,1036.6,112.53,-19.69
2020-11-28,22,RIVIERA MAYA,1115.05,1007.11,127.35,-19.42
2020-11-28,23,RIVIERA MAYA,1070.35,943.54,144.48,-17.68
2020-11-28,24,RIVIERA MAYA,1014.46,809.29,127.23,77.94
2020-11-28,1,SABINAS,505.04,765.65,-116.66,-143.95
2020-11-28,2,SABINAS,478.79,557.12,-76.47,-1.87
2020-11-28,3,SABINAS,469.35,538,-67.61,-1.05
2020-11-28,4,SABINAS,462.68,522.89,-60.21,0
2020-11-28,5,SABINAS,459.39,524.05,-64.66,0
2020-11-28,6,SABINAS,461.94,530.31,-68.37,0
2020-11-28,7,SABINAS,487.53,562.75,-75.23,0
2020-11-28,8,SABINAS,647.81,938.29,-90.53,-199.95
2020-11-28,9,SABINAS,648.33,925.48,-101.16,-176
2020-11-28,10,SABINAS,613.7,926.9,-117.67,-195.53
2020-11-28,11,SABINAS,620.72,924.49,-127.37,-176.4
2020-11-28,12,SABINAS,627.08,925.09,-124.5,-173.51
2020-11-28,13,SABINAS,631.27,928.03,-126.08,-170.68
2020-11-28,14,SABINAS,595.97,868.43,-116.46,-156
2020-11-28,15,SABINAS,539.36,776.36,-110.94,-126.06
2020-11-28,16,SABINAS,494.33,691.81,-104.48,-93
2020-11-28,17,SABINAS,577.46,865.87,-136.5,-151.91
2020-11-28,18,SABINAS,474.26,935.59,-143.99,-317.34
2020-11-28,19,SABINAS,489.26,1485.52,-255.61,-740.64
2020-11-28,20,SABINAS,477.52,1090.72,-184.73,-428.46
2020-11-28,21,SABINAS,468.01,1036.6,-171.02,-397.57
2020-11-28,22,SABINAS,445.08,1007.11,-162.55,-399.49
2020-11-28,23,SABINAS,427.74,943.54,-151.97,-363.84
2020-11-28,24,SABINAS,419.19,809.29,-130.85,-259.25
2020-11-28,1,SALTILLO,513.73,765.65,-97.36,-154.55
2020-11-28,2,SALTILLO,495.72,557.12,-60.38,-1.02
2020-11-28,3,SALTILLO,485.77,538,-51.65,-.57
2020-11-28,4,SALTILLO,476.03,522.89,-46.86,0
2020-11-28,5,SALTILLO,474.22,524.05,-49.82,0
2020-11-28,6,SALTILLO,478.95,530.31,-51.36,0
2020-11-28,7,SALTILLO,506.18,562.75,-56.57,0
2020-11-28,8,SALTILLO,689.23,938.29,-67.5,-181.56
2020-11-28,9,SALTILLO,689.19,925.48,-75.75,-160.54
2020-11-28,10,SALTILLO,659.12,926.9,-89.52,-178.26
2020-11-28,11,SALTILLO,669.36,924.49,-94.78,-160.36
2020-11-28,12,SALTILLO,674.5,925.09,-92.9,-157.69
2020-11-28,13,SALTILLO,678.57,928.03,-94.33,-155.13
2020-11-28,14,SALTILLO,636.9,868.43,-89.76,-141.77
2020-11-28,15,SALTILLO,575.38,776.36,-86.46,-114.53
2020-11-28,16,SALTILLO,523.91,691.81,-83.27,-84.63
2020-11-28,17,SALTILLO,618.1,865.87,-109.43,-138.34
2020-11-28,18,SALTILLO,482.3,935.59,-116.91,-336.38
2020-11-28,19,SALTILLO,457.73,1485.52,-206.88,-820.91
2020-11-28,20,SALTILLO,498.95,1090.72,-150.86,-440.91
2020-11-28,21,SALTILLO,458.61,1036.6,-136.97,-441.02
2020-11-28,22,SALTILLO,433.05,1007.12,-130.97,-443.09
2020-11-28,23,SALTILLO,415.69,943.54,-124.63,-403.23
2020-11-28,24,SALTILLO,430.2,809.29,-106.1,-273
2020-11-28,1,SALVATIERRA,788.33,765.65,17.37,5.32
2020-11-28,2,SALVATIERRA,568.59,557.12,11.39,.07
2020-11-28,3,SALVATIERRA,548.83,538,10.79,.04
2020-11-28,4,SALVATIERRA,532.76,522.89,9.87,0
2020-11-28,5,SALVATIERRA,534.1,524.05,10.06,0
2020-11-28,6,SALVATIERRA,540.72,530.31,10.41,0
2020-11-28,7,SALVATIERRA,575.87,562.75,13.12,0
2020-11-28,8,SALVATIERRA,978.7,938.29,29.59,10.82
2020-11-28,9,SALVATIERRA,966.05,925.48,31.17,9.39
2020-11-28,10,SALVATIERRA,969.61,926.9,32.29,10.43
2020-11-28,11,SALVATIERRA,966.31,924.49,32.49,9.33
2020-11-28,12,SALVATIERRA,966.08,925.09,31.77,9.22
2020-11-28,13,SALVATIERRA,969.85,928.03,32.71,9.11
2020-11-28,14,SALVATIERRA,905.96,868.43,29.21,8.33
2020-11-28,15,SALVATIERRA,809.31,776.36,26.28,6.67
2020-11-28,16,SALVATIERRA,719.51,691.81,22.81,4.89
2020-11-28,17,SALVATIERRA,901.96,865.87,28.13,7.97
2020-11-28,18,SALVATIERRA,977.05,935.59,28.54,12.92
2020-11-28,19,SALVATIERRA,1555.35,1485.52,42.59,27.25
2020-11-28,20,SALVATIERRA,1127.12,1090.72,34.45,1.95
2020-11-28,21,SALVATIERRA,1086.19,1036.6,35.09,14.5
2020-11-28,22,SALVATIERRA,1053.74,1007.12,32.03,14.6
2020-11-28,23,SALVATIERRA,984.68,943.54,27.79,13.34
2020-11-28,24,SALVATIERRA,840.01,809.29,20.42,10.29
2020-11-28,1,SAN CRISTOBAL,859.08,765.65,100.42,-6.99
2020-11-28,2,SAN CRISTOBAL,627.53,557.12,70.44,-.03
2020-11-28,3,SAN CRISTOBAL,598.76,538,60.78,-.02
2020-11-28,4,SAN CRISTOBAL,579.54,522.89,56.65,0
2020-11-28,5,SAN CRISTOBAL,582.7,524.05,58.66,0
2020-11-28,6,SAN CRISTOBAL,593.35,530.31,63.05,0
2020-11-28,7,SAN CRISTOBAL,628.03,562.75,65.28,0
2020-11-28,8,SAN CRISTOBAL,1022.31,938.29,88.88,-4.87
2020-11-28,9,SAN CRISTOBAL,1019.55,925.48,98.57,-4.5
2020-11-28,10,SAN CRISTOBAL,1027.05,926.9,105.15,-5
2020-11-28,11,SAN CRISTOBAL,1019.99,924.49,100.1,-4.6
2020-11-28,12,SAN CRISTOBAL,1021.08,925.09,100.51,-4.52
2020-11-28,13,SAN CRISTOBAL,1019.69,928.03,96.1,-4.45
2020-11-28,14,SAN CRISTOBAL,955.43,868.43,91.06,-4.06
2020-11-28,15,SAN CRISTOBAL,853.15,776.36,80,-3.21
2020-11-28,16,SAN CRISTOBAL,758.85,691.81,69.41,-2.37
2020-11-28,17,SAN CRISTOBAL,950.04,865.87,88.05,-3.88
2020-11-28,18,SAN CRISTOBAL,1034.94,935.59,113.17,-13.82
2020-11-28,19,SAN CRISTOBAL,1656.25,1485.52,207.43,-36.7
2020-11-28,20,SAN CRISTOBAL,1495.93,1090.72,144.58,260.63
2020-11-28,21,SAN CRISTOBAL,1149.24,1036.6,132.32,-19.68
2020-11-28,22,SAN CRISTOBAL,1129.26,1007.12,141.56,-19.41
2020-11-28,23,SAN CRISTOBAL,1080.43,943.54,154.56,-17.68
2020-11-28,24,SAN CRISTOBAL,1021.58,809.29,134.36,77.93
2020-11-28,1,SAN JUAN DEL RIO,792.69,765.65,27.1,-.06
2020-11-28,2,SAN JUAN DEL RIO,575.75,557.12,18.63,0
2020-11-28,3,SAN JUAN DEL RIO,554.92,538,16.92,0
2020-11-28,4,SAN JUAN DEL RIO,539.3,522.89,16.41,0
2020-11-28,5,SAN JUAN DEL RIO,540.74,524.05,16.7,0
2020-11-28,6,SAN JUAN DEL RIO,547.66,530.31,17.36,0
2020-11-28,7,SAN JUAN DEL RIO,581.54,562.75,18.79,0
2020-11-28,8,SAN JUAN DEL RIO,954.9,938.29,16.66,-.05
2020-11-28,9,SAN JUAN DEL RIO,947.61,925.48,22.18,-.05
2020-11-28,10,SAN JUAN DEL RIO,950,926.9,23.15,-.05
2020-11-28,11,SAN JUAN DEL RIO,949.16,924.49,24.72,-.05
2020-11-28,12,SAN JUAN DEL RIO,949.93,925.09,24.88,-.05
2020-11-28,13,SAN JUAN DEL RIO,953.55,928.03,25.56,-.05
2020-11-28,14,SAN JUAN DEL RIO,897.72,868.43,29.33,-.03
2020-11-28,15,SAN JUAN DEL RIO,801.89,776.36,25.56,-.02
2020-11-28,16,SAN JUAN DEL RIO,714.6,691.81,22.81,-.02
2020-11-28,17,SAN JUAN DEL RIO,894.13,865.87,28.3,-.04
2020-11-28,18,SAN JUAN DEL RIO,960.13,935.59,24.58,-.04
2020-11-28,19,SAN JUAN DEL RIO,1528.17,1485.52,42.7,-.05
2020-11-28,20,SAN JUAN DEL RIO,1178.66,1090.72,30.41,57.54
2020-11-28,21,SAN JUAN DEL RIO,1062.88,1036.6,26.29,-.01
2020-11-28,22,SAN JUAN DEL RIO,1031.89,1007.12,24.78,-.01
2020-11-28,23,SAN JUAN DEL RIO,965.83,943.54,22.3,-.01
2020-11-28,24,SAN JUAN DEL RIO,858.89,809.29,27.08,22.52
2020-11-28,1,SAN LUIS POTOSI,754.21,765.65,-22.31,10.87
2020-11-28,2,SAN LUIS POTOSI,544.35,557.12,-12.74,-.03
2020-11-28,3,SAN LUIS POTOSI,527.77,538,-10.21,-.02
2020-11-28,4,SAN LUIS POTOSI,513.99,522.89,-8.91,0
2020-11-28,5,SAN LUIS POTOSI,514.02,524.05,-10.03,0
2020-11-28,6,SAN LUIS POTOSI,520.19,530.31,-10.12,0
2020-11-28,7,SAN LUIS POTOSI,551.59,562.75,-11.16,0
2020-11-28,8,SAN LUIS POTOSI,923.05,938.29,-12.68,-2.57
2020-11-28,9,SAN LUIS POTOSI,902.18,925.48,-21.77,-1.53
2020-11-28,10,SAN LUIS POTOSI,897.43,926.9,-27.75,-1.71
2020-11-28,11,SAN LUIS POTOSI,893.55,924.49,-29.4,-1.55
2020-11-28,12,SAN LUIS POTOSI,894.6,925.09,-28.96,-1.53
2020-11-28,13,SAN LUIS POTOSI,896.44,928.03,-30.08,-1.51
2020-11-28,14,SAN LUIS POTOSI,838.11,868.43,-28.95,-1.38
2020-11-28,15,SAN LUIS POTOSI,748.22,776.36,-27.03,-1.11
2020-11-28,16,SAN LUIS POTOSI,665.16,691.81,-25.83,-.82
2020-11-28,17,SAN LUIS POTOSI,835.63,865.87,-28.9,-1.34
2020-11-28,18,SAN LUIS POTOSI,929.91,935.59,-24.23,18.55
2020-11-28,19,SAN LUIS POTOSI,1497.18,1485.52,-48.21,59.88
2020-11-28,20,SAN LUIS POTOSI,907.95,1090.72,-37.35,-145.42
2020-11-28,21,SAN LUIS POTOSI,1035.92,1036.61,-32.8,32.11
2020-11-28,22,SAN LUIS POTOSI,1008.32,1007.12,-31.05,32.25
2020-11-28,23,SAN LUIS POTOSI,944.13,943.55,-28.77,29.36
2020-11-28,24,SAN LUIS POTOSI,782.99,809.29,-23.88,-2.43
2020-11-28,1,SAN MARTIN,801.3,765.65,42.31,-6.66
2020-11-28,2,SAN MARTIN,585.47,557.12,28.38,-.03
2020-11-28,3,SAN MARTIN,563.19,538,25.21,-.02
2020-11-28,4,SAN MARTIN,546.42,522.89,23.52,0
2020-11-28,5,SAN MARTIN,548.04,524.05,23.99,0
2020-11-28,6,SAN MARTIN,555.53,530.31,25.23,0
2020-11-28,7,SAN MARTIN,589.73,562.75,26.98,0
2020-11-28,8,SAN MARTIN,971.31,938.29,37.47,-4.45
2020-11-28,9,SAN MARTIN,965.58,925.48,44.23,-4.12
2020-11-28,10,SAN MARTIN,971.55,926.9,49.23,-4.58
2020-11-28,11,SAN MARTIN,969.18,924.49,48.83,-4.14
2020-11-28,12,SAN MARTIN,970.58,925.09,49.57,-4.08
2020-11-28,13,SAN MARTIN,972.12,928.03,48.09,-4.01
2020-11-28,14,SAN MARTIN,909.98,868.43,45.21,-3.66
2020-11-28,15,SAN MARTIN,813.44,776.36,40.03,-2.94
2020-11-28,16,SAN MARTIN,724.9,691.81,35.27,-2.17
2020-11-28,17,SAN MARTIN,904.93,865.87,42.61,-3.55
2020-11-28,18,SAN MARTIN,969.89,935.59,47.38,-13.08
2020-11-28,19,SAN MARTIN,1538.93,1485.52,88.32,-34.91
2020-11-28,20,SAN MARTIN,1401.38,1090.72,62.75,247.91
2020-11-28,21,SAN MARTIN,1074.67,1036.6,56.79,-18.72
2020-11-28,22,SAN MARTIN,1047.44,1007.12,59.06,-18.73
2020-11-28,23,SAN MARTIN,986.48,943.54,60,-17.06
2020-11-28,24,SAN MARTIN,935.05,809.29,50.68,75.08
2020-11-28,1,TAMPICO,684.37,765.65,-56.71,-24.57
2020-11-28,2,TAMPICO,520.37,557.12,-36.54,-.21
2020-11-28,3,TAMPICO,505.5,538,-32.38,-.12
2020-11-28,4,TAMPICO,493.47,522.89,-29.43,0
2020-11-28,5,TAMPICO,493.53,524.05,-30.52,0
2020-11-28,6,TAMPICO,498.96,530.31,-31.35,0
2020-11-28,7,TAMPICO,526.96,562.75,-35.79,0
2020-11-28,8,TAMPICO,844.1,938.29,-61.3,-32.89
2020-11-28,9,TAMPICO,835.63,925.48,-61.02,-28.83
2020-11-28,10,TAMPICO,831.63,926.9,-63.21,-32.05
2020-11-28,11,TAMPICO,830.05,924.49,-65.48,-28.97
2020-11-28,12,TAMPICO,832.81,925.09,-63.84,-28.44
2020-11-28,13,TAMPICO,836.5,928.03,-63.7,-27.83
2020-11-28,14,TAMPICO,783.88,868.43,-59.16,-25.39
2020-11-28,15,TAMPICO,702.6,776.36,-53.33,-20.42
2020-11-28,16,TAMPICO,628.99,691.81,-47.78,-15.04
2020-11-28,17,TAMPICO,779.88,865.87,-61.45,-24.54
2020-11-28,18,TAMPICO,818.39,935.59,-64.17,-53.04
2020-11-28,19,TAMPICO,1258.65,1485.52,-102.14,-124.73
2020-11-28,20,TAMPICO,533.44,1090.72,-77.34,-479.94
2020-11-28,21,TAMPICO,894.31,1036.61,-74.48,-67.81
2020-11-28,22,TAMPICO,867.33,1007.12,-71.83,-67.96
2020-11-28,23,TAMPICO,816.6,943.54,-64.85,-62.1
2020-11-28,24,TAMPICO,839.56,809.29,-58.2,88.47
2020-11-28,1,TAPACHULA,831.91,765.65,73.25,-6.99
2020-11-28,2,TAPACHULA,610.47,557.12,53.38,-.03
2020-11-28,3,TAPACHULA,581.59,538,43.61,-.02
2020-11-28,4,TAPACHULA,562.7,522.89,39.81,0
2020-11-28,5,TAPACHULA,566.23,524.05,42.19,0
2020-11-28,6,TAPACHULA,574.93,530.31,44.63,0
2020-11-28,7,TAPACHULA,608.12,562.75,45.37,0
2020-11-28,8,TAPACHULA,992.79,938.29,59.36,-4.86
2020-11-28,9,TAPACHULA,995.7,925.48,74.72,-4.5
2020-11-28,10,TAPACHULA,1004.96,926.9,83.05,-4.99
2020-11-28,11,TAPACHULA,998.32,924.49,78.41,-4.59
2020-11-28,12,TAPACHULA,999.49,925.09,78.91,-4.52
2020-11-28,13,TAPACHULA,997.47,928.03,73.88,-4.44
2020-11-28,14,TAPACHULA,935.25,868.43,70.88,-4.06
2020-11-28,15,TAPACHULA,834.45,776.36,61.3,-3.21
2020-11-28,16,TAPACHULA,741.83,691.81,52.39,-2.37
2020-11-28,17,TAPACHULA,926.68,865.87,64.69,-3.87
2020-11-28,18,TAPACHULA,999.38,935.59,77.61,-13.82
2020-11-28,19,TAPACHULA,1575.17,1485.52,126.34,-36.69
2020-11-28,20,TAPACHULA,1436.19,1090.72,84.89,260.59
2020-11-28,21,TAPACHULA,1095.79,1036.6,78.86,-19.68
2020-11-28,22,TAPACHULA,1082.03,1007.12,94.32,-19.41
2020-11-28,23,TAPACHULA,1040.82,943.54,114.95,-17.67
2020-11-28,24,TAPACHULA,992.27,809.29,105.06,77.91
2020-11-28,1,TECAMACHALCO,804.7,765.65,46.14,-7.09
2020-11-28,2,TECAMACHALCO,588.04,557.12,30.95,-.03
2020-11-28,3,TECAMACHALCO,565.38,538,27.4,-.02
2020-11-28,4,TECAMACHALCO,548.54,522.89,25.65,0
2020-11-28,5,TECAMACHALCO,550.52,524.05,26.47,0
2020-11-28,6,TECAMACHALCO,558.23,530.31,27.93,0
2020-11-28,7,TECAMACHALCO,593.73,562.75,30.98,0
2020-11-28,8,TECAMACHALCO,976.13,938.29,42.95,-5.11
2020-11-28,9,TECAMACHALCO,971.25,925.48,50.48,-4.71
2020-11-28,10,TECAMACHALCO,977.27,926.9,55.63,-5.26
2020-11-28,11,TECAMACHALCO,974.15,924.49,54.38,-4.72
2020-11-28,12,TECAMACHALCO,975.54,925.09,55.1,-4.65
2020-11-28,13,TECAMACHALCO,976.19,928.03,52.73,-4.57
2020-11-28,14,TECAMACHALCO,913.6,868.43,49.35,-4.18
2020-11-28,15,TECAMACHALCO,816.39,776.36,43.39,-3.37
2020-11-28,16,TECAMACHALCO,727.05,691.81,37.74,-2.49
2020-11-28,17,TECAMACHALCO,907.31,865.87,45.5,-4.06
2020-11-28,18,TECAMACHALCO,972.92,935.59,51.46,-14.13
2020-11-28,19,TECAMACHALCO,1547.75,1485.52,99.63,-37.4
2020-11-28,20,TECAMACHALCO,1427.35,1090.72,72.13,264.5
2020-11-28,21,TECAMACHALCO,1081.67,1036.6,65.18,-20.11
2020-11-28,22,TECAMACHALCO,1054.39,1007.11,67.38,-20.11
2020-11-28,23,TECAMACHALCO,993.16,943.54,67.84,-18.23
2020-11-28,24,TECAMACHALCO,945.28,809.29,56.48,79.51
2020-11-28,1,TEHUACAN,826.76,765.65,68.13,-7.01
2020-11-28,2,TEHUACAN,603.87,557.12,46.78,-.03
2020-11-28,3,TEHUACAN,580.08,538,42.1,-.02
2020-11-28,4,TEHUACAN,562.43,522.89,39.53,0
2020-11-28,5,TEHUACAN,564.56,524.05,40.51,0
2020-11-28,6,TEHUACAN,572.89,530.31,42.59,0
2020-11-28,7,TEHUACAN,609.45,562.75,46.7,0
2020-11-28,8,TEHUACAN,1003.51,938.29,70.17,-4.95
2020-11-28,9,TEHUACAN,998.95,925.48,78.04,-4.57
2020-11-28,10,TEHUACAN,1005.83,926.9,84,-5.07
2020-11-28,11,TEHUACAN,1001.96,924.49,82.04,-4.58
2020-11-28,12,TEHUACAN,1002.31,925.09,81.72,-4.5
2020-11-28,13,TEHUACAN,1002.14,928.03,78.53,-4.43
2020-11-28,14,TEHUACAN,936.89,868.43,72.51,-4.04
2020-11-28,15,TEHUACAN,836.81,776.36,63.71,-3.26
2020-11-28,16,TEHUACAN,744.79,691.81,55.39,-2.41
2020-11-28,17,TEHUACAN,929.71,865.87,67.78,-3.94
2020-11-28,18,TEHUACAN,997.56,935.59,75.85,-13.88
2020-11-28,19,TEHUACAN,1587.73,1485.52,139.01,-36.8
2020-11-28,20,TEHUACAN,1452.03,1090.72,100.36,260.96
2020-11-28,21,TEHUACAN,1109.73,1036.6,92.88,-19.75
2020-11-28,22,TEHUACAN,1082.17,1007.12,94.86,-19.8
2020-11-28,23,TEHUACAN,1021.5,943.54,95.99,-18.03
2020-11-28,24,TEHUACAN,970.66,809.29,82.22,79.14
2020-11-28,1,TEHUANTEPEC,826.05,765.65,67.35,-6.95
2020-11-28,2,TEHUANTEPEC,600.38,557.12,43.29,-.03
2020-11-28,3,TEHUANTEPEC,572.21,538,34.23,-.02
2020-11-28,4,TEHUANTEPEC,556.18,522.89,33.28,0
2020-11-28,5,TEHUANTEPEC,561.63,524.05,37.58,0
2020-11-28,6,TEHUANTEPEC,572.93,530.31,42.62,0
2020-11-28,7,TEHUANTEPEC,609.37,562.75,46.62,0
2020-11-28,8,TEHUANTEPEC,998.01,938.29,64.49,-4.77
2020-11-28,9,TEHUANTEPEC,993.81,925.48,72.74,-4.41
2020-11-28,10,TEHUANTEPEC,997.95,926.9,75.95,-4.9
2020-11-28,11,TEHUANTEPEC,983.16,924.49,63.17,-4.51
2020-11-28,12,TEHUANTEPEC,975.53,925.09,54.87,-4.43
2020-11-28,13,TEHUANTEPEC,970.14,928.03,46.47,-4.36
2020-11-28,14,TEHUANTEPEC,907.29,868.43,42.84,-3.98
2020-11-28,15,TEHUANTEPEC,806.49,776.36,33.28,-3.15
2020-11-28,16,TEHUANTEPEC,716.68,691.81,27.19,-2.32
2020-11-28,17,TEHUANTEPEC,896.3,865.87,34.23,-3.8
2020-11-28,18,TEHUANTEPEC,974.54,935.59,52.67,-13.72
2020-11-28,19,TEHUANTEPEC,1562.4,1485.52,113.41,-36.52
2020-11-28,20,TEHUANTEPEC,1436.05,1090.72,85.52,259.81
2020-11-28,21,TEHUANTEPEC,1100.3,1036.6,83.28,-19.59
2020-11-28,22,TEHUANTEPEC,1084.45,1007.11,96.65,-19.31
2020-11-28,23,TEHUANTEPEC,1034.53,943.54,108.58,-17.59
2020-11-28,24,TEHUANTEPEC,982.97,809.29,95.97,77.7
2020-11-28,1,TEPIC VALLARTA,758.48,765.65,-2.89,-4.27
2020-11-28,2,TEPIC VALLARTA,556.46,557.12,-1.8,1.14
2020-11-28,3,TEPIC VALLARTA,536.31,538,-2.33,.64
2020-11-28,4,TEPIC VALLARTA,520.66,522.89,-2.23,0
2020-11-28,5,TEPIC VALLARTA,521.07,524.05,-2.98,0
2020-11-28,6,TEPIC VALLARTA,526,530.31,-4.31,0
2020-11-28,7,TEPIC VALLARTA,558.15,562.75,-4.6,0
2020-11-28,8,TEPIC VALLARTA,1126.65,938.29,34.46,153.9
2020-11-28,9,TEPIC VALLARTA,1085.36,925.48,32.28,127.61
2020-11-28,10,TEPIC VALLARTA,1100.43,926.9,31.9,141.63
2020-11-28,11,TEPIC VALLARTA,1084.83,924.49,32.85,127.49
2020-11-28,12,TEPIC VALLARTA,1084.4,925.09,34,125.31
2020-11-28,13,TEPIC VALLARTA,1078.31,928.03,27,123.29
2020-11-28,14,TEPIC VALLARTA,1000.71,868.43,19.63,112.66
2020-11-28,15,TEPIC VALLARTA,897.42,776.36,29.99,91.07
2020-11-28,16,TEPIC VALLARTA,785.7,691.81,26.68,67.21
2020-11-28,17,TEPIC VALLARTA,1011.04,865.87,35.35,109.82
2020-11-28,18,TEPIC VALLARTA,982.99,935.59,6.77,40.63
2020-11-28,19,TEPIC VALLARTA,1380.5,1485.52,-52.02,-53
2020-11-28,20,TEPIC VALLARTA,969.43,1090.72,-17.62,-103.67
2020-11-28,21,TEPIC VALLARTA,1012.39,1036.6,3.82,-28.04
2020-11-28,22,TEPIC VALLARTA,985.18,1007.12,6.31,-28.25
2020-11-28,23,TEPIC VALLARTA,917.16,943.54,-.66,-25.72
2020-11-28,24,TEPIC VALLARTA,780.61,809.29,2.63,-31.31
2020-11-28,1,TEZIUTLAN,774.7,765.65,18.99,-9.93
2020-11-28,2,TEZIUTLAN,570.27,557.12,13.21,-.06
2020-11-28,3,TEZIUTLAN,550.49,538,12.53,-.04
2020-11-28,4,TEZIUTLAN,534.63,522.89,11.74,0
2020-11-28,5,TEZIUTLAN,535.66,524.05,11.61,0
2020-11-28,6,TEZIUTLAN,541.95,530.31,11.65,0
2020-11-28,7,TEZIUTLAN,575.82,562.75,13.07,0
2020-11-28,8,TEZIUTLAN,935.16,938.29,6.72,-9.85
2020-11-28,9,TEZIUTLAN,928.95,925.48,12.3,-8.82
2020-11-28,10,TEZIUTLAN,931.89,926.9,14.78,-9.79
2020-11-28,11,TEZIUTLAN,930.63,924.49,14.93,-8.79
2020-11-28,12,TEZIUTLAN,933.85,925.09,17.4,-8.64
2020-11-28,13,TEZIUTLAN,935.22,928.03,15.7,-8.51
2020-11-28,14,TEZIUTLAN,876.92,868.43,16.27,-7.78
2020-11-28,15,TEZIUTLAN,785.56,776.36,15.5,-6.3
2020-11-28,16,TEZIUTLAN,700.54,691.81,13.38,-4.65
2020-11-28,17,TEZIUTLAN,872.77,865.87,14.51,-7.6
2020-11-28,18,TEZIUTLAN,934.04,935.59,19.12,-20.67
2020-11-28,19,TEZIUTLAN,1478.62,1485.52,45.01,-51.91
2020-11-28,20,TEZIUTLAN,1479.93,1090.72,36.58,352.64
2020-11-28,21,TEZIUTLAN,1039.84,1036.6,31.18,-27.95
2020-11-28,22,TEZIUTLAN,1011.93,1007.12,32.91,-28.09
2020-11-28,23,TEZIUTLAN,949.47,943.54,31.52,-25.6
2020-11-28,24,TEZIUTLAN,935.68,809.29,19.68,106.71
2020-11-28,1,TICUL,857.38,765.65,98.72,-6.99
2020-11-28,2,TICUL,622.55,557.12,65.46,-.03
2020-11-28,3,TICUL,590.94,538,52.96,-.02
2020-11-28,4,TICUL,568.57,522.89,45.68,0
2020-11-28,5,TICUL,566.46,524.05,42.42,0
2020-11-28,6,TICUL,574.44,530.31,44.14,0
2020-11-28,7,TICUL,605.81,562.75,43.06,0
2020-11-28,8,TICUL,994.07,938.29,60.65,-4.87
2020-11-28,9,TICUL,1003.61,925.48,82.63,-4.5
2020-11-28,10,TICUL,1017.09,926.9,95.19,-5
2020-11-28,11,TICUL,1017.07,924.49,97.17,-4.6
2020-11-28,12,TICUL,1022.45,925.09,101.88,-4.52
2020-11-28,13,TICUL,1025.34,928.03,101.76,-4.45
2020-11-28,14,TICUL,953.41,868.43,89.04,-4.06
2020-11-28,15,TICUL,849.33,776.36,76.18,-3.21
2020-11-28,16,TICUL,757.28,691.81,67.84,-2.37
2020-11-28,17,TICUL,946.9,865.87,84.92,-3.88
2020-11-28,18,TICUL,1023.94,935.59,102.17,-13.82
2020-11-28,19,TICUL,1616.89,1485.52,168.08,-36.71
2020-11-28,20,TICUL,1467.5,1090.72,116.13,260.66
2020-11-28,21,TICUL,1123.04,1036.6,106.12,-19.69
2020-11-28,22,TICUL,1108.69,1007.12,120.99,-19.42
2020-11-28,23,TICUL,1064.51,943.54,138.65,-17.68
2020-11-28,24,TICUL,1009.92,809.29,122.69,77.94
2020-11-28,1,TLAXCALA,799.23,765.65,40.73,-7.15
2020-11-28,2,TLAXCALA,584.8,557.12,27.71,-.03
2020-11-28,3,TLAXCALA,562.89,538,24.91,-.02
2020-11-28,4,TLAXCALA,546.41,522.89,23.52,0
2020-11-28,5,TLAXCALA,547.45,524.05,23.41,0
2020-11-28,6,TLAXCALA,554.81,530.31,24.5,0
2020-11-28,7,TLAXCALA,590.5,562.75,27.75,0
2020-11-28,8,TLAXCALA,967.24,938.29,34.22,-5.27
2020-11-28,9,TLAXCALA,958.49,925.48,37.86,-4.85
2020-11-28,10,TLAXCALA,963.49,926.9,42,-5.4
2020-11-28,11,TLAXCALA,960.57,924.49,40.95,-4.87
2020-11-28,12,TLAXCALA,963.18,925.09,42.88,-4.79
2020-11-28,13,TLAXCALA,963.45,928.03,40.13,-4.7
2020-11-28,14,TLAXCALA,902.6,868.43,38.47,-4.29
2020-11-28,15,TLAXCALA,807.5,776.36,34.59,-3.45
2020-11-28,16,TLAXCALA,719.73,691.81,30.47,-2.54
2020-11-28,17,TLAXCALA,898.74,865.87,37.04,-4.16
2020-11-28,18,TLAXCALA,965.82,935.59,44.43,-14.2
2020-11-28,19,TLAXCALA,1533.63,1485.52,85.55,-37.43
2020-11-28,20,TLAXCALA,1416.57,1090.72,63.46,262.39
2020-11-28,21,TLAXCALA,1073.35,1036.61,56.73,-19.99
2020-11-28,22,TLAXCALA,1045.09,1007.12,58.03,-20.06
2020-11-28,23,TLAXCALA,982.7,943.54,57.44,-18.28
2020-11-28,24,TLAXCALA,934.93,809.29,46.05,79.6
2020-11-28,1,TUXTLA,826.24,765.65,67.58,-6.99
2020-11-28,2,TUXTLA,603.65,557.12,46.55,-.03
2020-11-28,3,TUXTLA,575.93,538,37.95,-.02
2020-11-28,4,TUXTLA,557.3,522.89,34.4,0
2020-11-28,5,TUXTLA,559.72,524.05,35.68,0
2020-11-28,6,TUXTLA,568.56,530.31,38.25,0
2020-11-28,7,TUXTLA,601.74,562.75,38.99,0
2020-11-28,8,TUXTLA,984.48,938.29,51.05,-4.87
2020-11-28,9,TUXTLA,984.93,925.48,63.95,-4.5
2020-11-28,10,TUXTLA,993.81,926.9,71.91,-4.99
2020-11-28,11,TUXTLA,987.67,924.49,67.77,-4.59
2020-11-28,12,TUXTLA,988.85,925.09,68.27,-4.52
2020-11-28,13,TUXTLA,988.01,928.03,64.42,-4.44
2020-11-28,14,TUXTLA,924.67,868.43,60.3,-4.06
2020-11-28,15,TUXTLA,825.13,776.36,51.98,-3.21
2020-11-28,16,TUXTLA,733.64,691.81,44.2,-2.37
2020-11-28,17,TUXTLA,916.25,865.87,54.26,-3.88
2020-11-28,18,TUXTLA,985.64,935.59,63.87,-13.82
2020-11-28,19,TUXTLA,1548.43,1485.52,99.61,-36.7
2020-11-28,20,TUXTLA,1416.59,1090.72,65.27,260.6
2020-11-28,21,TUXTLA,1077.57,1036.6,60.65,-19.68
2020-11-28,22,TUXTLA,1066.41,1007.12,78.7,-19.41
2020-11-28,23,TUXTLA,1027.78,943.54,101.92,-17.68
2020-11-28,24,TUXTLA,981.91,809.29,94.7,77.92
2020-11-28,1,URUAPAN,801.43,765.65,28.93,6.85
2020-11-28,2,URUAPAN,576.72,557.12,19.4,.21
2020-11-28,3,URUAPAN,556.45,538,18.34,.12
2020-11-28,4,URUAPAN,538.98,522.89,16.09,0
2020-11-28,5,URUAPAN,540.74,524.05,16.7,0
2020-11-28,6,URUAPAN,547.6,530.31,17.3,0
2020-11-28,7,URUAPAN,583.1,562.75,20.35,0
2020-11-28,8,URUAPAN,1012.66,938.29,46.16,28.21
2020-11-28,9,URUAPAN,998.07,925.48,48.71,23.88
2020-11-28,10,URUAPAN,1003.53,926.9,50.13,26.51
2020-11-28,11,URUAPAN,999.65,924.49,51.3,23.85
2020-11-28,12,URUAPAN,998.24,925.09,49.7,23.46
2020-11-28,13,URUAPAN,1001.04,928.03,49.93,23.08
2020-11-28,14,URUAPAN,933.47,868.43,43.95,21.09
2020-11-28,15,URUAPAN,835.76,776.36,42.36,17.04
2020-11-28,16,URUAPAN,742.13,691.81,37.79,12.54
2020-11-28,17,URUAPAN,934.31,865.87,47.93,20.51
2020-11-28,18,URUAPAN,1000.66,935.59,44.35,20.72
2020-11-28,19,URUAPAN,1577.76,1485.52,61.25,31
2020-11-28,20,URUAPAN,1135.62,1090.72,49.85,-4.95
2020-11-28,21,URUAPAN,1103.51,1036.6,50.23,16.67
2020-11-28,22,URUAPAN,1071.06,1007.12,47.19,16.75
2020-11-28,23,URUAPAN,1000.87,943.54,42.07,15.26
2020-11-28,24,URUAPAN,854.01,809.29,34.01,10.71
2020-11-28,1,VDM CENTRO,804.67,765.65,44.51,-5.49
2020-11-28,2,VDM CENTRO,586.86,557.12,29.75,-.02
2020-11-28,3,VDM CENTRO,564.89,538,26.91,-.01
2020-11-28,4,VDM CENTRO,547.92,522.89,25.02,0
2020-11-28,5,VDM CENTRO,549.46,524.05,25.42,0
2020-11-28,6,VDM CENTRO,556.77,530.31,26.46,0
2020-11-28,7,VDM CENTRO,592.25,562.75,29.5,0
2020-11-28,8,VDM CENTRO,978.9,938.29,42.94,-2.34
2020-11-28,9,VDM CENTRO,971.48,925.48,48.3,-2.3
2020-11-28,10,VDM CENTRO,977.59,926.9,53.24,-2.55
2020-11-28,11,VDM CENTRO,977.02,924.49,54.83,-2.31
2020-11-28,12,VDM CENTRO,978.27,925.09,55.44,-2.27
2020-11-28,13,VDM CENTRO,980.99,928.03,55.18,-2.23
2020-11-28,14,VDM CENTRO,918.42,868.43,52.03,-2.04
2020-11-28,15,VDM CENTRO,821.48,776.36,46.76,-1.64
2020-11-28,16,VDM CENTRO,733.04,691.81,42.44,-1.21
2020-11-28,17,VDM CENTRO,914.77,865.87,50.88,-1.98
2020-11-28,18,VDM CENTRO,979.72,935.59,54.39,-10.26
2020-11-28,19,VDM CENTRO,1556.38,1485.52,99.61,-28.75
2020-11-28,20,VDM CENTRO,1373.65,1090.72,72.53,210.41
2020-11-28,21,VDM CENTRO,1087.28,1036.61,66.1,-15.43
2020-11-28,22,VDM CENTRO,1056.59,1007.12,64.95,-15.48
2020-11-28,23,VDM CENTRO,990.41,943.55,60.96,-14.09
2020-11-28,24,VDM CENTRO,923.88,809.29,50.28,64.31
2020-11-28,1,VDM NORTE,802.91,765.65,42.6,-5.34
2020-11-28,2,VDM NORTE,585.79,557.12,28.68,-.01
2020-11-28,3,VDM NORTE,564.06,538,26.07,-.01
2020-11-28,4,VDM NORTE,547.22,522.89,24.32,0
2020-11-28,5,VDM NORTE,548.75,524.05,24.7,0
2020-11-28,6,VDM NORTE,555.95,530.31,25.65,0
2020-11-28,7,VDM NORTE,591.13,562.75,28.38,0
2020-11-28,8,VDM NORTE,976.57,938.29,40.48,-2.2
2020-11-28,9,VDM NORTE,968.82,925.48,45.52,-2.17
2020-11-28,10,VDM NORTE,974.42,926.9,49.94,-2.42
2020-11-28,11,VDM NORTE,973.65,924.49,51.33,-2.18
2020-11-28,12,VDM NORTE,974.62,925.09,51.67,-2.14
2020-11-28,13,VDM NORTE,977.32,928.03,51.39,-2.11
2020-11-28,14,VDM NORTE,915.06,868.43,48.55,-1.92
2020-11-28,15,VDM NORTE,818.44,776.36,43.64,-1.55
2020-11-28,16,VDM NORTE,730.51,691.81,39.85,-1.14
2020-11-28,17,VDM NORTE,911.38,865.87,47.38,-1.87
2020-11-28,18,VDM NORTE,975.88,935.59,50.24,-9.96
2020-11-28,19,VDM NORTE,1549.13,1485.52,91.57,-27.96
2020-11-28,20,VDM NORTE,1361.74,1090.72,66.35,204.67
2020-11-28,21,VDM NORTE,1081.86,1036.61,60.26,-15
2020-11-28,22,VDM NORTE,1051.55,1007.12,59.48,-15.04
2020-11-28,23,VDM NORTE,985.72,943.55,55.88,-13.7
2020-11-28,24,VDM NORTE,918.22,809.29,46.31,62.61
2020-11-28,1,VDM SUR,809.82,765.65,49.44,-5.27
2020-11-28,2,VDM SUR,590.46,557.12,33.35,-.01
2020-11-28,3,VDM SUR,568.54,538,30.55,-.01
2020-11-28,4,VDM SUR,551.36,522.89,28.47,0
2020-11-28,5,VDM SUR,553.09,524.05,29.04,0
2020-11-28,6,VDM SUR,560.43,530.31,30.12,0
2020-11-28,7,VDM SUR,596.02,562.75,33.27,0
2020-11-28,8,VDM SUR,986.3,938.29,49.58,-1.58
2020-11-28,9,VDM SUR,978.4,925.48,54.58,-1.66
2020-11-28,10,VDM SUR,984.25,926.9,59.21,-1.85
2020-11-28,11,VDM SUR,983.27,924.49,60.46,-1.68
2020-11-28,12,VDM SUR,983.87,925.09,60.44,-1.66
2020-11-28,13,VDM SUR,986.69,928.03,60.3,-1.64
2020-11-28,14,VDM SUR,923.6,868.43,56.67,-1.5
2020-11-28,15,VDM SUR,826.3,776.36,51.15,-1.21
2020-11-28,16,VDM SUR,737.15,691.81,46.23,-.89
2020-11-28,17,VDM SUR,920.18,865.87,55.78,-1.46
2020-11-28,18,VDM SUR,985.31,935.59,59.36,-9.65
2020-11-28,19,VDM SUR,1564.87,1485.52,107.05,-27.7
2020-11-28,20,VDM SUR,1374.56,1090.72,78.11,205.73
2020-11-28,21,VDM SUR,1093.32,1036.61,71.58,-14.86
2020-11-28,22,VDM SUR,1062.48,1007.12,70.26,-14.9
2020-11-28,23,VDM SUR,996.05,943.55,66.06,-13.56
2020-11-28,24,VDM SUR,927.52,809.29,55.24,62.98
2020-11-28,1,VERACRUZ,791.71,765.65,34.12,-8.06
2020-11-28,2,VERACRUZ,579.88,557.12,22.8,-.04
2020-11-28,3,VERACRUZ,557.68,538,19.7,-.02
2020-11-28,4,VERACRUZ,540.56,522.89,17.67,0
2020-11-28,5,VERACRUZ,542.2,524.05,18.15,0
2020-11-28,6,VERACRUZ,549.12,530.31,18.81,0
2020-11-28,7,VERACRUZ,582.91,562.75,20.16,0
2020-11-28,8,VERACRUZ,955.39,938.29,23.76,-6.66
2020-11-28,9,VERACRUZ,951.36,925.48,31.94,-6.06
2020-11-28,10,VERACRUZ,957.19,926.9,37.05,-6.76
2020-11-28,11,VERACRUZ,956.2,924.49,37.67,-5.96
2020-11-28,12,VERACRUZ,957.81,925.09,38.57,-5.85
2020-11-28,13,VERACRUZ,959.22,928.03,36.96,-5.77
2020-11-28,14,VERACRUZ,898.54,868.43,35.38,-5.27
2020-11-28,15,VERACRUZ,802.05,776.36,30.02,-4.33
2020-11-28,16,VERACRUZ,714.26,691.81,25.65,-3.19
2020-11-28,17,VERACRUZ,890.67,865.87,30.03,-5.22
2020-11-28,18,VERACRUZ,954.46,935.59,35.17,-16.3
2020-11-28,19,VERACRUZ,1513.67,1485.52,70.31,-42.16
2020-11-28,20,VERACRUZ,1435.86,1090.72,50.04,295.11
2020-11-28,21,VERACRUZ,1059.46,1036.61,45.4,-22.55
2020-11-28,22,VERACRUZ,1031.6,1007.12,47.49,-23.01
2020-11-28,23,VERACRUZ,974.45,943.54,51.88,-20.98
2020-11-28,24,VERACRUZ,943.82,809.29,43.84,90.69
2020-11-28,1,VICTORIA,608.63,765.65,-81.2,-75.82
2020-11-28,2,VICTORIA,504.96,557.12,-51.56,-.6
2020-11-28,3,VICTORIA,492.99,538,-44.67,-.34
2020-11-28,4,VICTORIA,482.41,522.89,-40.48,0
2020-11-28,5,VICTORIA,482.32,524.05,-41.73,0
2020-11-28,6,VICTORIA,487.44,530.31,-42.86,0
2020-11-28,7,VICTORIA,514.1,562.75,-48.65,0
2020-11-28,8,VICTORIA,771.47,938.29,-72.68,-94.15
2020-11-28,9,VICTORIA,768.81,925.48,-73.61,-83.06
2020-11-28,10,VICTORIA,753.85,926.9,-80.93,-92.12
2020-11-28,11,VICTORIA,756.3,924.49,-85.27,-82.93
2020-11-28,12,VICTORIA,761.21,925.09,-82.35,-81.53
2020-11-28,13,VICTORIA,767.41,928.03,-80.43,-80.19
2020-11-28,14,VICTORIA,720.41,868.43,-74.74,-73.29
2020-11-28,15,VICTORIA,647.77,776.36,-69.37,-59.22
2020-11-28,16,VICTORIA,583.56,691.81,-64.56,-43.69
2020-11-28,17,VICTORIA,711.48,865.87,-82.94,-71.45
2020-11-28,18,VICTORIA,682.26,935.59,-87.55,-165.79
2020-11-28,19,VICTORIA,939.36,1485.52,-146.45,-399.7
2020-11-28,20,VICTORIA,531.81,1090.72,-108.43,-450.48
2020-11-28,21,VICTORIA,719.95,1036.6,-102.19,-214.47
2020-11-28,22,VICTORIA,689.12,1007.12,-102.48,-215.51
2020-11-28,23,VICTORIA,649.44,943.54,-97.83,-196.27
2020-11-28,24,VICTORIA,485.26,809.29,-86.39,-237.64
2020-11-28,1,VILLAHERMOSA,824.92,765.65,66.26,-6.99
2020-11-28,2,VILLAHERMOSA,601.19,557.12,44.1,-.03
2020-11-28,3,VILLAHERMOSA,572.57,538,34.59,-.02
2020-11-28,4,VILLAHERMOSA,552.84,522.89,29.95,0
2020-11-28,5,VILLAHERMOSA,553.77,524.05,29.72,0
2020-11-28,6,VILLAHERMOSA,561.65,530.31,31.35,0
2020-11-28,7,VILLAHERMOSA,593.14,562.75,30.39,0
2020-11-28,8,VILLAHERMOSA,970.21,938.29,36.79,-4.87
2020-11-28,9,VILLAHERMOSA,972.45,925.48,51.47,-4.5
2020-11-28,10,VILLAHERMOSA,982.38,926.9,60.48,-5
2020-11-28,11,VILLAHERMOSA,977.13,924.49,57.23,-4.6
2020-11-28,12,VILLAHERMOSA,979.68,925.09,59.11,-4.52
2020-11-28,13,VILLAHERMOSA,979.94,928.03,56.36,-4.45
2020-11-28,14,VILLAHERMOSA,916.95,868.43,52.58,-4.06
2020-11-28,15,VILLAHERMOSA,818.18,776.36,45.03,-3.21
2020-11-28,16,VILLAHERMOSA,727.88,691.81,38.44,-2.37
2020-11-28,17,VILLAHERMOSA,908.39,865.87,46.4,-3.88
2020-11-28,18,VILLAHERMOSA,978.59,935.59,56.82,-13.82
2020-11-28,19,VILLAHERMOSA,1545.78,1485.52,96.97,-36.71
2020-11-28,20,VILLAHERMOSA,1417.18,1090.72,65.8,260.66
2020-11-28,21,VILLAHERMOSA,1078.64,1036.6,61.73,-19.69
2020-11-28,22,VILLAHERMOSA,1068.15,1007.12,80.45,-19.42
2020-11-28,23,VILLAHERMOSA,1027.67,943.54,101.81,-17.68
2020-11-28,24,VILLAHERMOSA,980.16,809.29,92.94,77.94
2020-11-28,1,XALAPA,786.31,765.65,30.12,-9.46
2020-11-28,2,XALAPA,582.64,557.12,25.58,-.06
2020-11-28,3,XALAPA,563.72,538,25.75,-.03
2020-11-28,4,XALAPA,546.81,522.89,23.92,0
2020-11-28,5,XALAPA,548.01,524.05,23.97,0
2020-11-28,6,XALAPA,550.51,530.31,20.2,0
2020-11-28,7,XALAPA,583.84,562.75,21.09,0
2020-11-28,8,XALAPA,947.01,938.29,17.78,-9.07
2020-11-28,9,XALAPA,940.56,925.48,23.24,-8.16
2020-11-28,10,XALAPA,943.84,926.9,26.01,-9.07
2020-11-28,11,XALAPA,941.67,924.49,25.3,-8.12
2020-11-28,12,XALAPA,947.35,925.09,30.24,-7.98
2020-11-28,13,XALAPA,947.32,928.03,27.13,-7.85
2020-11-28,14,XALAPA,889.4,868.43,28.14,-7.17
2020-11-28,15,XALAPA,797.16,776.36,26.64,-5.83
2020-11-28,16,XALAPA,710.91,691.81,23.41,-4.3
2020-11-28,17,XALAPA,886.17,865.87,27.34,-7.04
2020-11-28,18,XALAPA,950.88,935.59,34.94,-19.65
2020-11-28,19,XALAPA,1505.3,1485.52,69.54,-49.76
2020-11-28,20,XALAPA,1485.03,1090.72,56.08,338.23
2020-11-28,21,XALAPA,1059.56,1036.6,49.69,-26.73
2020-11-28,22,XALAPA,1030.92,1007.12,50.82,-27.02
2020-11-28,23,XALAPA,968.68,943.54,49.71,-24.58
2020-11-28,24,XALAPA,945.69,809.29,33.79,102.61
2020-11-28,1,ZACAPU,794.82,765.65,22.13,7.04
2020-11-28,2,ZACAPU,572.34,557.12,15.02,.21
2020-11-28,3,ZACAPU,552.82,538,14.71,.12
2020-11-28,4,ZACAPU,535.55,522.89,12.66,0
2020-11-28,5,ZACAPU,537.5,524.05,13.46,0
2020-11-28,6,ZACAPU,544.36,530.31,14.05,0
2020-11-28,7,ZACAPU,579.28,562.75,16.53,0
2020-11-28,8,ZACAPU,1004.25,938.29,37.4,28.56
2020-11-28,9,ZACAPU,988.41,925.48,38.75,24.18
2020-11-28,10,ZACAPU,992.43,926.9,38.69,26.85
2020-11-28,11,ZACAPU,987.97,924.49,39.29,24.19
2020-11-28,12,ZACAPU,985.87,925.09,36.99,23.79
2020-11-28,13,ZACAPU,988.91,928.03,37.48,23.4
2020-11-28,14,ZACAPU,922.33,868.43,32.51,21.39
2020-11-28,15,ZACAPU,825.94,776.36,32.3,17.28
2020-11-28,16,ZACAPU,733.53,691.81,28.99,12.73
2020-11-28,17,ZACAPU,923.35,865.87,36.67,20.81
2020-11-28,18,ZACAPU,989.64,935.59,32.86,21.19
2020-11-28,19,ZACAPU,1559.81,1485.52,42.33,31.96
2020-11-28,20,ZACAPU,1119.5,1090.72,35.94,-7.15
2020-11-28,21,ZACAPU,1091.58,1036.6,37.79,17.19
2020-11-28,22,ZACAPU,1059.95,1007.12,35.57,17.27
2020-11-28,23,ZACAPU,991.33,943.54,32.06,15.73
2020-11-28,24,ZACAPU,845.86,809.29,26.32,10.25
2020-11-28,1,ZACATECAS,791.85,765.65,6.56,19.65
2020-11-28,2,ZACATECAS,563.47,557.12,6.27,.08
2020-11-28,3,ZACATECAS,545.34,538,7.29,.04
2020-11-28,4,ZACATECAS,530.7,522.89,7.81,0
2020-11-28,5,ZACATECAS,530.97,524.05,6.92,0
2020-11-28,6,ZACATECAS,537.04,530.31,6.74,0
2020-11-28,7,ZACATECAS,570.35,562.75,7.6,0
2020-11-28,8,ZACATECAS,1020.98,938.29,31.1,51.59
2020-11-28,9,ZACATECAS,999.57,925.48,19.07,55.02
2020-11-28,10,ZACATECAS,998.58,926.9,11.7,59.99
2020-11-28,11,ZACATECAS,990.99,924.49,10.84,55.65
2020-11-28,12,ZACATECAS,991.61,925.09,11.17,55.35
2020-11-28,13,ZACATECAS,990.47,928.03,7.87,54.57
2020-11-28,14,ZACATECAS,922.31,868.43,3.95,49.93
2020-11-28,15,ZACATECAS,821.39,776.36,4.68,40.35
2020-11-28,16,ZACATECAS,724.13,691.81,2.65,29.68
2020-11-28,17,ZACATECAS,922.08,865.87,7.85,48.37
2020-11-28,18,ZACATECAS,1004.42,935.59,13.64,55.19
2020-11-28,19,ZACATECAS,1608.72,1485.52,14.99,108.21
2020-11-28,20,ZACATECAS,1009.94,1090.72,16.88,-97.66
2020-11-28,21,ZACATECAS,1116.22,1036.6,22.68,56.94
2020-11-28,22,ZACATECAS,1088.13,1007.12,21.42,59.6
2020-11-28,23,ZACATECAS,1015.25,943.54,15.49,56.22
2020-11-28,24,ZACATECAS,821.47,809.29,10.55,1.63
2020-11-28,1,ZAMORA,799.16,765.65,25.77,7.74
2020-11-28,2,ZAMORA,575.04,557.12,17.66,.26
2020-11-28,3,ZAMORA,555.15,538,17.01,.14
2020-11-28,4,ZAMORA,538.14,522.89,15.25,0
2020-11-28,5,ZAMORA,539.73,524.05,15.69,0
2020-11-28,6,ZAMORA,546.44,530.31,16.14,0
2020-11-28,7,ZAMORA,581.73,562.75,18.98,0
2020-11-28,8,ZAMORA,1019.27,938.29,45.88,35.09
2020-11-28,9,ZAMORA,1002.37,925.48,47.26,29.63
2020-11-28,10,ZAMORA,1007.4,926.9,47.59,32.9
2020-11-28,11,ZAMORA,1002.05,924.49,47.93,29.63
2020-11-28,12,ZAMORA,1000.69,925.09,46.47,29.14
2020-11-28,13,ZAMORA,1002.3,928.03,45.63,28.65
2020-11-28,14,ZAMORA,933.77,868.43,39.17,26.18
2020-11-28,15,ZAMORA,835.98,776.36,38.46,21.17
2020-11-28,16,ZAMORA,741.56,691.81,34.19,15.56
2020-11-28,17,ZAMORA,935.07,865.87,43.74,25.46
2020-11-28,18,ZAMORA,998.56,935.59,38.55,24.42
2020-11-28,19,ZAMORA,1562.79,1485.52,42.79,34.48
2020-11-28,20,ZAMORA,1111.81,1090.72,37.71,-16.62
2020-11-28,21,ZAMORA,1096.2,1036.6,41.04,18.56
2020-11-28,22,ZAMORA,1064.64,1007.12,38.88,18.65
2020-11-28,23,ZAMORA,995.6,943.54,35.08,16.97
2020-11-28,24,ZAMORA,847.27,809.29,29.53,8.45
2020-11-28,1,ZAPOTLAN,786.44,765.65,12.82,7.97
2020-11-28,2,ZAPOTLAN,566.43,557.12,8.81,.5
2020-11-28,3,ZAPOTLAN,546.71,538,8.43,.28
2020-11-28,4,ZAPOTLAN,530.31,522.89,7.42,0
2020-11-28,5,ZAPOTLAN,530.97,524.05,6.93,0
2020-11-28,6,ZAPOTLAN,537.26,530.31,6.96,0
2020-11-28,7,ZAPOTLAN,571.4,562.75,8.65,0
2020-11-28,8,ZAPOTLAN,1043.26,938.29,37.11,67.86
2020-11-28,9,ZAPOTLAN,1022.22,925.48,39.89,56.85
2020-11-28,10,ZAPOTLAN,1028.89,926.9,38.84,63.15
2020-11-28,11,ZAPOTLAN,1020.53,924.49,39.12,56.92
2020-11-28,12,ZAPOTLAN,1020.06,925.09,39,55.97
2020-11-28,13,ZAPOTLAN,1019.07,928.03,35.98,55.06
2020-11-28,14,ZAPOTLAN,948.19,868.43,29.44,50.33
2020-11-28,15,ZAPOTLAN,847.32,776.36,30.29,40.67
2020-11-28,16,ZAPOTLAN,747.8,691.81,25.97,30.03
2020-11-28,17,ZAPOTLAN,948.54,865.87,33.6,49.07
2020-11-28,18,ZAPOTLAN,993.6,935.59,22.71,35.3
2020-11-28,19,ZAPOTLAN,1512.93,1485.52,-2.2,29.61
2020-11-28,20,ZAPOTLAN,1048.73,1090.72,11.08,-53.06
2020-11-28,21,ZAPOTLAN,1073.84,1036.6,21.24,15.99
2020-11-28,22,ZAPOTLAN,1043.42,1007.11,20.23,16.08
2020-11-28,23,ZAPOTLAN,976.8,943.54,18.61,14.65
2020-11-28,24,ZAPOTLAN,825.01,809.29,17.05,-1.34
2020-11-28,1,ZIHUATANEJO,833.43,765.65,68.57,-.78
2020-11-28,2,ZIHUATANEJO,603.9,557.12,46.68,.1
2020-11-28,3,ZIHUATANEJO,583.22,538,45.17,.06
2020-11-28,4,ZIHUATANEJO,562.77,522.89,39.87,0
2020-11-28,5,ZIHUATANEJO,566.11,524.05,42.07,0
2020-11-28,6,ZIHUATANEJO,572.89,530.31,42.59,0
2020-11-28,7,ZIHUATANEJO,608.56,562.75,45.81,0
2020-11-28,8,ZIHUATANEJO,1024.84,938.29,75.18,11.37
2020-11-28,9,ZIHUATANEJO,1008.3,925.48,73.37,9.44
2020-11-28,10,ZIHUATANEJO,1011.31,926.9,73.91,10.5
2020-11-28,11,ZIHUATANEJO,1011.17,924.49,77.23,9.45
2020-11-28,12,ZIHUATANEJO,1003.71,925.09,69.37,9.25
2020-11-28,13,ZIHUATANEJO,1010.07,928.03,72.91,9.13
2020-11-28,14,ZIHUATANEJO,944.99,868.43,68.28,8.29
2020-11-28,15,ZIHUATANEJO,849.15,776.36,66.07,6.72
2020-11-28,16,ZIHUATANEJO,757.9,691.81,61.15,4.95
2020-11-28,17,ZIHUATANEJO,949.64,865.87,75.67,8.1
2020-11-28,18,ZIHUATANEJO,1008.73,935.59,71.75,1.39
2020-11-28,19,ZIHUATANEJO,1593.39,1485.52,116.94,-9.07
2020-11-28,20,ZIHUATANEJO,1321.39,1090.72,95.11,135.57
2020-11-28,21,ZIHUATANEJO,1122.72,1036.6,91.04,-4.92
2020-11-28,22,ZIHUATANEJO,1088.36,1007.12,86.14,-4.89
2020-11-28,23,ZIHUATANEJO,1019.27,943.54,80.17,-4.44
2020-11-28,24,ZIHUATANEJO,930.57,809.29,75.68,45.6
2020-11-29,1,ACAPULCO,685.9,607.46,81.06,-2.61
2020-11-29,2,ACAPULCO,597.2,527.63,69.57,0
2020-11-29,3,ACAPULCO,575.25,510.83,64.42,0
2020-11-29,4,ACAPULCO,549.92,490.27,59.66,0
2020-11-29,5,ACAPULCO,558.02,500.57,57.45,0
2020-11-29,6,ACAPULCO,544.12,492.87,51.26,0
2020-11-29,7,ACAPULCO,522.7,475.34,47.37,0
2020-11-29,8,ACAPULCO,545.39,497.78,46.61,1
2020-11-29,9,ACAPULCO,526.03,475.05,50.37,.61
2020-11-29,10,ACAPULCO,550.17,487.8,60.9,1.47
2020-11-29,11,ACAPULCO,570.59,505.18,64.48,.93
2020-11-29,12,ACAPULCO,568.76,503.74,64.36,.65
2020-11-29,13,ACAPULCO,581,512.8,67.47,.73
2020-11-29,14,ACAPULCO,580.41,510.39,68.68,1.34
2020-11-29,15,ACAPULCO,586.48,517.01,68.09,1.38
2020-11-29,16,ACAPULCO,591.42,519.23,70.44,1.75
2020-11-29,17,ACAPULCO,607.28,536.4,69.58,1.3
2020-11-29,18,ACAPULCO,982.82,864.44,114.79,3.58
2020-11-29,19,ACAPULCO,969.42,851.19,118.23,0
2020-11-29,20,ACAPULCO,1166.07,1030.23,135.84,0
2020-11-29,21,ACAPULCO,1030.63,859.6,114.48,56.55
2020-11-29,22,ACAPULCO,966.39,847.41,118.98,0
2020-11-29,23,ACAPULCO,963.43,840.49,122.94,0
2020-11-29,24,ACAPULCO,579.29,513.17,66.12,0
2020-11-29,1,AGUASCALIENTES,623.82,607.46,-4.27,20.63
2020-11-29,2,AGUASCALIENTES,523.54,527.63,-4.08,0
2020-11-29,3,AGUASCALIENTES,507.63,510.83,-3.2,0
2020-11-29,4,AGUASCALIENTES,487.28,490.27,-2.99,0
2020-11-29,5,AGUASCALIENTES,496,500.57,-4.58,0
2020-11-29,6,AGUASCALIENTES,489.18,492.87,-3.69,0
2020-11-29,7,AGUASCALIENTES,470.85,475.34,-4.49,0
2020-11-29,8,AGUASCALIENTES,498.94,497.78,-1.31,2.47
2020-11-29,9,AGUASCALIENTES,467.57,475.05,-9.47,1.99
2020-11-29,10,AGUASCALIENTES,481.47,487.8,-11.63,5.3
2020-11-29,11,AGUASCALIENTES,495.95,505.18,-12.54,3.32
2020-11-29,12,AGUASCALIENTES,493.26,503.74,-12.8,2.32
2020-11-29,13,AGUASCALIENTES,501.98,512.8,-13.44,2.61
2020-11-29,14,AGUASCALIENTES,502.9,510.39,-12.36,4.87
2020-11-29,15,AGUASCALIENTES,509.5,517.01,-12.53,5.02
2020-11-29,16,AGUASCALIENTES,513.58,519.23,-11.98,6.33
2020-11-29,17,AGUASCALIENTES,532.61,536.4,-8.5,4.7
2020-11-29,18,AGUASCALIENTES,876.64,864.44,-.67,12.87
2020-11-29,19,AGUASCALIENTES,843.97,851.19,-7.22,0
2020-11-29,20,AGUASCALIENTES,1024.81,1030.23,-5.42,0
2020-11-29,21,AGUASCALIENTES,861.18,859.6,-8,9.58
2020-11-29,22,AGUASCALIENTES,842.2,847.41,-5.21,0
2020-11-29,23,AGUASCALIENTES,835.1,840.49,-5.39,0
2020-11-29,24,AGUASCALIENTES,508.34,513.17,-4.84,0
2020-11-29,1,APATZINGAN,648.22,607.46,36.39,4.38
2020-11-29,2,APATZINGAN,557.89,527.63,30.27,0
2020-11-29,3,APATZINGAN,538.74,510.83,27.91,0
2020-11-29,4,APATZINGAN,515.16,490.27,24.89,0
2020-11-29,5,APATZINGAN,522.69,500.57,22.12,0
2020-11-29,6,APATZINGAN,515.37,492.87,22.5,0
2020-11-29,7,APATZINGAN,495.93,475.34,20.59,0
2020-11-29,8,APATZINGAN,529.21,497.78,26.55,4.88
2020-11-29,9,APATZINGAN,503.92,475.05,25.65,3.23
2020-11-29,10,APATZINGAN,525.97,487.8,29.62,8.55
2020-11-29,11,APATZINGAN,541.99,505.18,31.44,5.37
2020-11-29,12,APATZINGAN,538.39,503.74,30.88,3.76
2020-11-29,13,APATZINGAN,549.26,512.8,32.24,4.22
2020-11-29,14,APATZINGAN,551.65,510.39,33.46,7.8
2020-11-29,15,APATZINGAN,558.13,517.01,33.08,8.03
2020-11-29,16,APATZINGAN,563.19,519.23,33.8,10.15
2020-11-29,17,APATZINGAN,578.66,536.4,34.74,7.52
2020-11-29,18,APATZINGAN,945.76,864.44,60.47,20.85
2020-11-29,19,APATZINGAN,907.63,851.19,56.44,0
2020-11-29,20,APATZINGAN,1105.31,1030.23,75.08,0
2020-11-29,21,APATZINGAN,933.27,859.6,59.88,13.79
2020-11-29,22,APATZINGAN,905.77,847.41,58.36,0
2020-11-29,23,APATZINGAN,900.24,840.49,59.76,0
2020-11-29,24,APATZINGAN,542.28,513.17,29.11,0
2020-11-29,1,CABORCA,449.48,607.46,-103.67,-54.31
2020-11-29,2,CABORCA,429.11,527.63,-98.52,0
2020-11-29,3,CABORCA,425.18,510.83,-85.64,0
2020-11-29,4,CABORCA,414.54,490.27,-75.72,0
2020-11-29,5,CABORCA,417.65,500.57,-82.93,0
2020-11-29,6,CABORCA,419.25,492.87,-73.62,0
2020-11-29,7,CABORCA,402.84,475.34,-72.5,0
2020-11-29,8,CABORCA,362.29,497.78,-40.68,-94.81
2020-11-29,9,CABORCA,343.82,475.05,-67.58,-63.64
2020-11-29,10,CABORCA,219.7,487.8,-91.51,-176.6
2020-11-29,11,CABORCA,310.73,505.18,-83.18,-111.27
2020-11-29,12,CABORCA,369.24,503.74,-56.6,-77.9
2020-11-29,13,CABORCA,357.17,512.8,-68.27,-87.36
2020-11-29,14,CABORCA,286.34,510.39,-62.75,-161.3
2020-11-29,15,CABORCA,285.89,517.01,-64.95,-166.18
2020-11-29,16,CABORCA,248.87,519.23,-60.46,-209.9
2020-11-29,17,CABORCA,312.37,536.4,-68.08,-155.95
2020-11-29,18,CABORCA,336.61,864.44,-95.84,-432
2020-11-29,19,CABORCA,703.08,851.19,-148.11,0
2020-11-29,20,CABORCA,904.47,1030.23,-125.76,0
2020-11-29,21,CABORCA,732.43,859.6,-138.61,11.45
2020-11-29,22,CABORCA,724.26,847.41,-123.15,0
2020-11-29,23,CABORCA,694.81,840.49,-145.68,0
2020-11-29,24,CABORCA,447.68,513.17,-65.5,0
2020-11-29,1,CAMARGO,460.18,607.46,-66.93,-80.35
2020-11-29,2,CAMARGO,468.51,527.63,-59.12,0
2020-11-29,3,CAMARGO,458.72,510.83,-52.11,0
2020-11-29,4,CAMARGO,445.36,490.27,-44.9,0
2020-11-29,5,CAMARGO,448,500.57,-52.58,0
2020-11-29,6,CAMARGO,447.22,492.87,-45.65,0
2020-11-29,7,CAMARGO,430.83,475.34,-44.51,0
2020-11-29,8,CAMARGO,408,497.78,-24.99,-64.79
2020-11-29,9,CAMARGO,390.53,475.05,-40.33,-44.19
2020-11-29,10,CAMARGO,333.01,487.8,-33.08,-121.72
2020-11-29,11,CAMARGO,383.15,505.18,-45.31,-76.73
2020-11-29,12,CAMARGO,402.99,503.74,-47.02,-53.73
2020-11-29,13,CAMARGO,402.51,512.8,-50.03,-60.26
2020-11-29,14,CAMARGO,364.43,510.39,-34.73,-111.22
2020-11-29,15,CAMARGO,365.91,517.01,-36.53,-114.57
2020-11-29,16,CAMARGO,344.5,519.23,-30.02,-144.71
2020-11-29,17,CAMARGO,392.95,536.41,-35.94,-107.52
2020-11-29,18,CAMARGO,512.81,864.44,-53.83,-297.8
2020-11-29,19,CAMARGO,768.12,851.19,-83.07,0
2020-11-29,20,CAMARGO,957.81,1030.23,-72.42,0
2020-11-29,21,CAMARGO,790.12,859.6,-80.47,11
2020-11-29,22,CAMARGO,772.24,847.41,-75.17,0
2020-11-29,23,CAMARGO,745.49,840.49,-95,0
2020-11-29,24,CAMARGO,458.53,513.17,-54.64,0
2020-11-29,1,CAMPECHE,704.37,607.46,101.99,-5.08
2020-11-29,2,CAMPECHE,609.87,527.63,82.25,0
2020-11-29,3,CAMPECHE,582.28,510.83,71.46,0
2020-11-29,4,CAMPECHE,555.85,490.27,65.58,0
2020-11-29,5,CAMPECHE,556.69,500.57,56.11,0
2020-11-29,6,CAMPECHE,548.59,492.87,55.73,0
2020-11-29,7,CAMPECHE,526.42,475.34,51.08,0
2020-11-29,8,CAMPECHE,544.09,497.78,47.15,-.84
2020-11-29,9,CAMPECHE,527.09,475.05,52.65,-.61
2020-11-29,10,CAMPECHE,543.04,487.8,56.73,-1.5
2020-11-29,11,CAMPECHE,562.76,505.18,58.52,-.94
2020-11-29,12,CAMPECHE,564.22,503.74,61.14,-.66
2020-11-29,13,CAMPECHE,577.98,512.8,65.92,-.74
2020-11-29,14,CAMPECHE,575,510.39,65.99,-1.38
2020-11-29,15,CAMPECHE,586.88,517.01,71.28,-1.41
2020-11-29,16,CAMPECHE,608,519.23,90.55,-1.78
2020-11-29,17,CAMPECHE,629.79,536.4,94.71,-1.32
2020-11-29,18,CAMPECHE,1018.67,864.44,158.01,-3.79
2020-11-29,19,CAMPECHE,1002.58,851.19,151.39,0
2020-11-29,20,CAMPECHE,1197.22,1030.23,166.99,0
2020-11-29,21,CAMPECHE,1107.11,859.6,158.41,89.1
2020-11-29,22,CAMPECHE,1009.38,847.41,161.97,0
2020-11-29,23,CAMPECHE,1003.08,840.49,162.59,0
2020-11-29,24,CAMPECHE,583.9,513.17,70.73,0
2020-11-29,1,CANCUN,689.19,607.46,86.81,-5.08
2020-11-29,2,CANCUN,596.33,527.63,68.7,0
2020-11-29,3,CANCUN,568.7,510.83,57.87,0
2020-11-29,4,CANCUN,545.5,490.27,55.23,0
2020-11-29,5,CANCUN,542.92,500.57,42.35,0
2020-11-29,6,CANCUN,537.63,492.87,44.77,0
2020-11-29,7,CANCUN,516.25,475.34,40.91,0
2020-11-29,8,CANCUN,535.22,497.78,38.28,-.84
2020-11-29,9,CANCUN,520.85,475.05,46.41,-.61
2020-11-29,10,CANCUN,538.29,487.8,51.99,-1.5
2020-11-29,11,CANCUN,554.44,505.18,50.2,-.94
2020-11-29,12,CANCUN,555.59,503.74,52.5,-.66
2020-11-29,13,CANCUN,569.2,512.8,57.14,-.74
2020-11-29,14,CANCUN,566.78,510.39,57.76,-1.38
2020-11-29,15,CANCUN,582.12,517.01,66.52,-1.41
2020-11-29,16,CANCUN,616.6,519.23,99.15,-1.78
2020-11-29,17,CANCUN,639.35,536.4,104.27,-1.32
2020-11-29,18,CANCUN,1033.45,864.44,172.8,-3.79
2020-11-29,19,CANCUN,1008.43,851.19,157.24,0
2020-11-29,20,CANCUN,1195.76,1030.23,165.53,0
2020-11-29,21,CANCUN,1104.97,859.6,156.27,89.1
2020-11-29,22,CANCUN,1006.49,847.41,159.08,0
2020-11-29,23,CANCUN,1004.25,840.49,163.77,0
2020-11-29,24,CANCUN,570.6,513.17,57.43,0
2020-11-29,1,CARMEN,737.87,607.46,135.49,-5.08
2020-11-29,2,CARMEN,638.03,527.63,110.4,0
2020-11-29,3,CARMEN,608.82,510.83,97.99,0
2020-11-29,4,CARMEN,579.81,490.27,89.54,0
2020-11-29,5,CARMEN,580.91,500.57,80.34,0
2020-11-29,6,CARMEN,570.96,492.87,78.09,0
2020-11-29,7,CARMEN,546.81,475.34,71.47,0
2020-11-29,8,CARMEN,564.42,497.78,67.48,-.84
2020-11-29,9,CARMEN,545.45,475.05,71.01,-.61
2020-11-29,10,CARMEN,560.78,487.8,74.47,-1.5
2020-11-29,11,CARMEN,582.47,505.18,78.23,-.94
2020-11-29,12,CARMEN,584.42,503.74,81.34,-.66
2020-11-29,13,CARMEN,599.29,512.8,87.23,-.74
2020-11-29,14,CARMEN,596.99,510.39,87.98,-1.38
2020-11-29,15,CARMEN,608.86,517.01,93.26,-1.41
2020-11-29,16,CARMEN,627.43,519.23,109.98,-1.78
2020-11-29,17,CARMEN,649.68,536.4,114.6,-1.32
2020-11-29,18,CARMEN,1052.03,864.44,191.38,-3.79
2020-11-29,19,CARMEN,1039.97,851.19,188.78,0
2020-11-29,20,CARMEN,1246.15,1030.23,215.92,0
2020-11-29,21,CARMEN,1149.35,859.6,200.66,89.1
2020-11-29,22,CARMEN,1052.31,847.41,204.9,0
2020-11-29,23,CARMEN,1046.07,840.49,205.58,0
2020-11-29,24,CARMEN,613.3,513.17,100.12,0
2020-11-29,1,CASAS GRANDES,418.57,607.46,-116.25,-72.64
2020-11-29,2,CASAS GRANDES,422.64,527.63,-104.98,0
2020-11-29,3,CASAS GRANDES,416.05,510.83,-94.78,0
2020-11-29,4,CASAS GRANDES,405.38,490.27,-84.89,0
2020-11-29,5,CASAS GRANDES,406.39,500.57,-94.18,0
2020-11-29,6,CASAS GRANDES,408.65,492.87,-84.22,0
2020-11-29,7,CASAS GRANDES,393.53,475.34,-81.81,0
2020-11-29,8,CASAS GRANDES,366.09,497.78,-58.35,-73.34
2020-11-29,9,CASAS GRANDES,353.41,475.05,-72.18,-49.46
2020-11-29,10,CASAS GRANDES,287.87,487.8,-63.01,-136.92
2020-11-29,11,CASAS GRANDES,342.3,505.18,-76.56,-86.32
2020-11-29,12,CASAS GRANDES,367.98,503.74,-75.34,-60.42
2020-11-29,13,CASAS GRANDES,363.77,512.8,-81.21,-67.82
2020-11-29,14,CASAS GRANDES,322.29,510.39,-62.89,-125.21
2020-11-29,15,CASAS GRANDES,322.96,517.01,-65.06,-129
2020-11-29,16,CASAS GRANDES,298.57,519.23,-57.75,-162.91
2020-11-29,17,CASAS GRANDES,345.49,536.4,-69.87,-121.04
2020-11-29,18,CASAS GRANDES,416.46,864.44,-112.46,-335.53
2020-11-29,19,CASAS GRANDES,689.36,851.19,-161.82,0
2020-11-29,20,CASAS GRANDES,870.15,1030.23,-160.08,0
2020-11-29,21,CASAS GRANDES,711.3,859.6,-159.45,11.15
2020-11-29,22,CASAS GRANDES,697.8,847.41,-149.61,0
2020-11-29,23,CASAS GRANDES,671.21,840.49,-169.28,0
2020-11-29,24,CASAS GRANDES,416.41,513.17,-96.76,0
2020-11-29,1,CELAYA,615.71,607.46,5.09,3.16
2020-11-29,2,CELAYA,531.93,527.63,4.3,0
2020-11-29,3,CELAYA,515.59,510.83,4.76,0
2020-11-29,4,CELAYA,494.29,490.27,4.02,0
2020-11-29,5,CELAYA,504.43,500.57,3.85,0
2020-11-29,6,CELAYA,497.1,492.87,4.23,0
2020-11-29,7,CELAYA,478.72,475.34,3.38,0
2020-11-29,8,CELAYA,502.76,497.78,4.21,.76
2020-11-29,9,CELAYA,478.41,475.05,2.84,.53
2020-11-29,10,CELAYA,491.4,487.8,2.23,1.37
2020-11-29,11,CELAYA,509.02,505.18,2.97,.87
2020-11-29,12,CELAYA,507.37,503.74,3.02,.61
2020-11-29,13,CELAYA,516.25,512.8,2.78,.68
2020-11-29,14,CELAYA,514.72,510.39,3.07,1.26
2020-11-29,15,CELAYA,521.02,517.01,2.71,1.29
2020-11-29,16,CELAYA,522.99,519.23,2.16,1.6
2020-11-29,17,CELAYA,541.29,536.4,3.66,1.23
2020-11-29,18,CELAYA,875.6,864.44,7.78,3.38
2020-11-29,19,CELAYA,857.88,851.19,6.69,0
2020-11-29,20,CELAYA,1040.17,1030.23,9.95,0
2020-11-29,21,CELAYA,870.87,859.6,6.69,4.59
2020-11-29,22,CELAYA,853.12,847.41,5.71,0
2020-11-29,23,CELAYA,847.75,840.49,7.27,0
2020-11-29,24,CELAYA,517.6,513.17,4.42,0
2020-11-29,1,CENTRO ORIENTE,631.99,607.46,28.43,-3.9
2020-11-29,2,CENTRO ORIENTE,551.03,527.63,23.4,0
2020-11-29,3,CENTRO ORIENTE,532.16,510.83,21.34,0
2020-11-29,4,CENTRO ORIENTE,510.65,490.27,20.38,0
2020-11-29,5,CENTRO ORIENTE,521.08,500.57,20.5,0
2020-11-29,6,CENTRO ORIENTE,512.65,492.87,19.78,0
2020-11-29,7,CENTRO ORIENTE,495.8,475.34,20.46,0
2020-11-29,8,CENTRO ORIENTE,516.06,497.78,18.89,-.62
2020-11-29,9,CENTRO ORIENTE,496.2,475.05,21.59,-.45
2020-11-29,10,CENTRO ORIENTE,510.64,487.8,23.89,-1.05
2020-11-29,11,CENTRO ORIENTE,530.54,505.18,25.99,-.64
2020-11-29,12,CENTRO ORIENTE,529.71,503.74,26.41,-.45
2020-11-29,13,CENTRO ORIENTE,540.06,512.8,27.76,-.5
2020-11-29,14,CENTRO ORIENTE,537.07,510.39,27.6,-.91
2020-11-29,15,CENTRO ORIENTE,543.5,517.01,27.42,-.93
2020-11-29,16,CENTRO ORIENTE,544.88,519.23,26.88,-1.24
2020-11-29,17,CENTRO ORIENTE,561.65,536.4,26.17,-.92
2020-11-29,18,CENTRO ORIENTE,900.92,864.44,39.06,-2.58
2020-11-29,19,CENTRO ORIENTE,895.2,851.19,44.02,0
2020-11-29,20,CENTRO ORIENTE,1082.44,1030.23,52.21,0
2020-11-29,21,CENTRO ORIENTE,900.4,859.6,46.45,-5.64
2020-11-29,22,CENTRO ORIENTE,891.59,847.41,44.19,0
2020-11-29,23,CENTRO ORIENTE,881.94,840.49,41.46,0
2020-11-29,24,CENTRO ORIENTE,535.92,513.17,22.75,0
2020-11-29,1,CENTRO SUR,644.49,607.46,39.55,-2.52
2020-11-29,2,CENTRO SUR,562.2,527.63,34.57,0
2020-11-29,3,CENTRO SUR,542.81,510.83,31.98,0
2020-11-29,4,CENTRO SUR,520.13,490.27,29.87,0
2020-11-29,5,CENTRO SUR,530.97,500.57,30.4,0
2020-11-29,6,CENTRO SUR,522.08,492.87,29.21,0
2020-11-29,7,CENTRO SUR,503.92,475.34,28.58,0
2020-11-29,8,CENTRO SUR,525.54,497.78,27.41,.35
2020-11-29,9,CENTRO SUR,504.62,475.05,29.38,.2
2020-11-29,10,CENTRO SUR,521.31,487.8,32.64,.86
2020-11-29,11,CENTRO SUR,539.96,505.18,34.24,.54
2020-11-29,12,CENTRO SUR,538.39,503.74,34.27,.38
2020-11-29,13,CENTRO SUR,549.26,512.8,36.04,.42
2020-11-29,14,CENTRO SUR,547.7,510.39,36.53,.79
2020-11-29,15,CENTRO SUR,553.79,517.01,35.96,.82
2020-11-29,16,CENTRO SUR,557.65,519.23,37.38,1.04
2020-11-29,17,CENTRO SUR,573.72,536.4,36.54,.77
2020-11-29,18,CENTRO SUR,923.04,864.44,56.49,2.11
2020-11-29,19,CENTRO SUR,909.52,851.19,58.33,0
2020-11-29,20,CENTRO SUR,1099.5,1030.23,69.27,0
2020-11-29,21,CENTRO SUR,953.58,859.6,59.66,34.32
2020-11-29,22,CENTRO SUR,905.49,847.41,58.08,0
2020-11-29,23,CENTRO SUR,900.74,840.49,60.25,0
2020-11-29,24,CENTRO SUR,546.16,513.17,32.99,0
2020-11-29,1,CHETUMAL,707.31,607.46,104.93,-5.08
2020-11-29,2,CHETUMAL,612.02,527.63,84.39,0
2020-11-29,3,CHETUMAL,584.26,510.83,73.43,0
2020-11-29,4,CHETUMAL,557.61,490.27,67.34,0
2020-11-29,5,CHETUMAL,558.46,500.57,57.89,0
2020-11-29,6,CHETUMAL,550.5,492.87,57.63,0
2020-11-29,7,CHETUMAL,528.6,475.34,53.26,0
2020-11-29,8,CHETUMAL,545.99,497.78,49.05,-.84
2020-11-29,9,CHETUMAL,528.5,475.05,54.07,-.61
2020-11-29,10,CHETUMAL,544.62,487.8,58.31,-1.5
2020-11-29,11,CHETUMAL,565.18,505.18,60.94,-.94
2020-11-29,12,CHETUMAL,566.82,503.74,63.74,-.66
2020-11-29,13,CHETUMAL,580.29,512.8,68.24,-.74
2020-11-29,14,CHETUMAL,577,510.39,67.99,-1.38
2020-11-29,15,CHETUMAL,588.96,517.01,73.36,-1.41
2020-11-29,16,CHETUMAL,610.35,519.23,92.9,-1.78
2020-11-29,17,CHETUMAL,632.98,536.4,97.89,-1.32
2020-11-29,18,CHETUMAL,1025.97,864.44,165.31,-3.79
2020-11-29,19,CHETUMAL,1007.28,851.19,156.1,0
2020-11-29,20,CHETUMAL,1201.53,1030.23,171.3,0
2020-11-29,21,CHETUMAL,1110.38,859.6,161.68,89.1
2020-11-29,22,CHETUMAL,1011.84,847.41,164.43,0
2020-11-29,23,CHETUMAL,1005.88,840.49,165.39,0
2020-11-29,24,CHETUMAL,586.62,513.17,73.45,0
2020-11-29,1,CHIHUAHUA,424.12,607.46,-103.01,-80.33
2020-11-29,2,CHIHUAHUA,437.25,527.63,-90.38,0
2020-11-29,3,CHIHUAHUA,428.54,510.83,-82.29,0
2020-11-29,4,CHIHUAHUA,416.63,490.27,-73.64,0
2020-11-29,5,CHIHUAHUA,418.3,500.57,-82.28,0
2020-11-29,6,CHIHUAHUA,418.98,492.87,-73.89,0
2020-11-29,7,CHIHUAHUA,404.19,475.34,-71.15,0
2020-11-29,8,CHIHUAHUA,381.57,497.78,-51.86,-64.36
2020-11-29,9,CHIHUAHUA,367.27,475.05,-64.11,-43.67
2020-11-29,10,CHIHUAHUA,313.62,487.8,-53.71,-120.48
2020-11-29,11,CHIHUAHUA,360.5,505.18,-68.74,-75.95
2020-11-29,12,CHIHUAHUA,379.09,503.74,-71.46,-53.19
2020-11-29,13,CHIHUAHUA,377.98,512.8,-75.17,-59.65
2020-11-29,14,CHIHUAHUA,343.38,510.39,-56.91,-110.1
2020-11-29,15,CHIHUAHUA,344.73,517.01,-58.87,-113.42
2020-11-29,16,CHIHUAHUA,324.32,519.23,-51.65,-143.26
2020-11-29,17,CHIHUAHUA,368.55,536.4,-61.41,-106.44
2020-11-29,18,CHIHUAHUA,469.12,864.44,-100.5,-294.83
2020-11-29,19,CHIHUAHUA,719.61,851.19,-131.57,0
2020-11-29,20,CHIHUAHUA,900.77,1030.23,-129.46,0
2020-11-29,21,CHIHUAHUA,740.37,859.6,-130.24,11.01
2020-11-29,22,CHIHUAHUA,721.75,847.41,-125.66,0
2020-11-29,23,CHIHUAHUA,695.15,840.49,-145.34,0
2020-11-29,24,CHIHUAHUA,428.32,513.17,-84.85,0
2020-11-29,1,CHILPANCINGO,683.75,607.46,79.28,-2.99
2020-11-29,2,CHILPANCINGO,595.36,527.63,67.73,0
2020-11-29,3,CHILPANCINGO,573.82,510.83,62.99,0
2020-11-29,4,CHILPANCINGO,548.65,490.27,58.38,0
2020-11-29,5,CHILPANCINGO,557.36,500.57,56.79,0
2020-11-29,6,CHILPANCINGO,542.15,492.87,49.28,0
2020-11-29,7,CHILPANCINGO,521.65,475.34,46.32,0
2020-11-29,8,CHILPANCINGO,542.57,497.78,44.15,.64
2020-11-29,9,CHILPANCINGO,524.56,475.05,49.14,.38
2020-11-29,10,CHILPANCINGO,549.39,487.8,60.67,.92
2020-11-29,11,CHILPANCINGO,569.85,505.18,64.09,.58
2020-11-29,12,CHILPANCINGO,568.24,503.74,64.1,.41
2020-11-29,13,CHILPANCINGO,580.33,512.8,67.08,.45
2020-11-29,14,CHILPANCINGO,579.13,510.39,67.91,.84
2020-11-29,15,CHILPANCINGO,585.21,517.01,67.33,.86
2020-11-29,16,CHILPANCINGO,590.05,519.23,69.72,1.1
2020-11-29,17,CHILPANCINGO,606.5,536.4,69.28,.82
2020-11-29,18,CHILPANCINGO,979.63,864.44,112.94,2.25
2020-11-29,19,CHILPANCINGO,965.18,851.19,113.99,0
2020-11-29,20,CHILPANCINGO,1157.67,1030.23,127.45,0
2020-11-29,21,CHILPANCINGO,1027.13,859.6,107.83,59.7
2020-11-29,22,CHILPANCINGO,962.2,847.41,114.8,0
2020-11-29,23,CHILPANCINGO,958.95,840.49,118.46,0
2020-11-29,24,CHILPANCINGO,577.29,513.17,64.12,0
2020-11-29,1,CHONTALPA,671.62,607.46,69.24,-5.08
2020-11-29,2,CHONTALPA,583.51,527.63,55.88,0
2020-11-29,3,CHONTALPA,560.03,510.83,49.21,0
2020-11-29,4,CHONTALPA,534.8,490.27,44.54,0
2020-11-29,5,CHONTALPA,538.85,500.57,38.28,0
2020-11-29,6,CHONTALPA,530.15,492.87,37.28,0
2020-11-29,7,CHONTALPA,510.24,475.34,34.9,0
2020-11-29,8,CHONTALPA,526.9,497.78,29.96,-.84
2020-11-29,9,CHONTALPA,508.03,475.05,33.59,-.61
2020-11-29,10,CHONTALPA,521.33,487.8,35.03,-1.5
2020-11-29,11,CHONTALPA,541.3,505.18,37.05,-.94
2020-11-29,12,CHONTALPA,542.49,503.74,39.41,-.66
2020-11-29,13,CHONTALPA,554.55,512.8,42.49,-.74
2020-11-29,14,CHONTALPA,550.41,510.39,41.39,-1.38
2020-11-29,15,CHONTALPA,558.33,517.01,42.73,-1.41
2020-11-29,16,CHONTALPA,568.47,519.23,51.02,-1.78
2020-11-29,17,CHONTALPA,586.96,536.4,51.87,-1.32
2020-11-29,18,CHONTALPA,944.39,864.44,83.74,-3.79
2020-11-29,19,CHONTALPA,931.23,851.19,80.05,0
2020-11-29,20,CHONTALPA,1117.06,1030.23,86.83,0
2020-11-29,21,CHONTALPA,1039.94,859.6,91.24,89.1
2020-11-29,22,CHONTALPA,942.59,847.41,95.18,0
2020-11-29,23,CHONTALPA,933.98,840.49,93.5,0
2020-11-29,24,CHONTALPA,552.41,513.17,39.24,0
2020-11-29,1,CIENEGA,623.78,607.46,11.37,4.95
2020-11-29,2,CIENEGA,535.95,527.63,8.32,0
2020-11-29,3,CIENEGA,518.71,510.83,7.88,0
2020-11-29,4,CIENEGA,496.27,490.27,6,0
2020-11-29,5,CIENEGA,503.03,500.57,2.46,0
2020-11-29,6,CIENEGA,496.14,492.87,3.27,0
2020-11-29,7,CIENEGA,477.07,475.34,1.73,0
2020-11-29,8,CIENEGA,517.16,497.78,8.58,10.8
2020-11-29,9,CIENEGA,489.22,475.05,7.11,7.07
2020-11-29,10,CIENEGA,515.22,487.8,8.32,19.1
2020-11-29,11,CIENEGA,525.94,505.18,8.73,12.03
2020-11-29,12,CIENEGA,520.74,503.74,8.55,8.44
2020-11-29,13,CIENEGA,531.43,512.8,9.22,9.42
2020-11-29,14,CIENEGA,537.98,510.39,10.21,17.39
2020-11-29,15,CIENEGA,542.26,517.01,7.33,17.91
2020-11-29,16,CIENEGA,549.84,519.23,7.85,22.76
2020-11-29,17,CIENEGA,563.27,536.4,9.99,16.87
2020-11-29,18,CIENEGA,935.13,864.44,24.07,46.62
2020-11-29,19,CIENEGA,855.84,851.19,4.66,0
2020-11-29,20,CIENEGA,1039.14,1030.23,8.92,0
2020-11-29,21,CIENEGA,876.59,859.6,3.59,13.41
2020-11-29,22,CIENEGA,855.57,847.41,8.16,0
2020-11-29,23,CIENEGA,858.24,840.49,17.75,0
2020-11-29,24,CIENEGA,518.57,513.17,5.4,0
2020-11-29,1,COATZACOALCOS,666.63,607.46,64.26,-5.08
2020-11-29,2,COATZACOALCOS,580.27,527.63,52.64,0
2020-11-29,3,COATZACOALCOS,558.31,510.83,47.49,0
2020-11-29,4,COATZACOALCOS,533.47,490.27,43.2,0
2020-11-29,5,COATZACOALCOS,538.98,500.57,38.41,0
2020-11-29,6,COATZACOALCOS,530.47,492.87,37.6,0
2020-11-29,7,COATZACOALCOS,511.73,475.34,36.39,0
2020-11-29,8,COATZACOALCOS,529.54,497.78,32.6,-.84
2020-11-29,9,COATZACOALCOS,510.57,475.05,36.13,-.61
2020-11-29,10,COATZACOALCOS,524.23,487.8,37.93,-1.5
2020-11-29,11,COATZACOALCOS,544.71,505.18,40.47,-.94
2020-11-29,12,COATZACOALCOS,545.5,503.74,42.42,-.66
2020-11-29,13,COATZACOALCOS,556.98,512.8,44.93,-.74
2020-11-29,14,COATZACOALCOS,552.34,510.39,43.33,-1.38
2020-11-29,15,COATZACOALCOS,559.59,517.01,43.99,-1.42
2020-11-29,16,COATZACOALCOS,567.18,519.23,49.74,-1.78
2020-11-29,17,COATZACOALCOS,585.15,536.4,50.07,-1.33
2020-11-29,18,COATZACOALCOS,937.33,864.44,76.69,-3.8
2020-11-29,19,COATZACOALCOS,922.2,851.19,71.01,0
2020-11-29,20,COATZACOALCOS,1106.25,1030.23,76.02,0
2020-11-29,21,COATZACOALCOS,1027.44,859.6,78.83,89.01
2020-11-29,22,COATZACOALCOS,928.83,847.41,81.42,0
2020-11-29,23,COATZACOALCOS,919.34,840.49,78.86,0
2020-11-29,24,COATZACOALCOS,547.43,513.17,34.26,0
2020-11-29,1,COLIMA,624.41,607.46,12.54,4.41
2020-11-29,2,COLIMA,537.56,527.63,9.93,0
2020-11-29,3,COLIMA,520.16,510.83,9.34,0
2020-11-29,4,COLIMA,497.92,490.27,7.65,0
2020-11-29,5,COLIMA,504.83,500.57,4.25,0
2020-11-29,6,COLIMA,497.24,492.87,4.37,0
2020-11-29,7,COLIMA,477.41,475.34,2.07,0
2020-11-29,8,COLIMA,517.54,497.78,9.04,10.72
2020-11-29,9,COLIMA,487.85,475.05,5.81,7
2020-11-29,10,COLIMA,514.09,487.8,7.42,18.87
2020-11-29,11,COLIMA,524.99,505.18,7.94,11.87
2020-11-29,12,COLIMA,519.7,503.74,7.64,8.32
2020-11-29,13,COLIMA,529.48,512.8,7.41,9.27
2020-11-29,14,COLIMA,535.8,510.39,8.27,17.14
2020-11-29,15,COLIMA,542.62,517.01,7.94,17.67
2020-11-29,16,COLIMA,550.46,519.23,8.79,22.44
2020-11-29,17,COLIMA,563.69,536.4,10.62,16.67
2020-11-29,18,COLIMA,934.61,864.44,24,46.17
2020-11-29,19,COLIMA,855.72,851.19,4.53,0
2020-11-29,20,COLIMA,1037.49,1030.23,7.27,0
2020-11-29,21,COLIMA,877.29,859.6,3.37,14.32
2020-11-29,22,COLIMA,855.39,847.41,7.99,0
2020-11-29,23,COLIMA,859.75,840.49,19.27,0
2020-11-29,24,COLIMA,520.12,513.17,6.95,0
2020-11-29,1,CORDOBA,639.7,607.46,37.85,-5.6
2020-11-29,2,CORDOBA,558.73,527.63,31.1,0
2020-11-29,3,CORDOBA,538.67,510.83,27.84,0
2020-11-29,4,CORDOBA,516,490.27,25.73,0
2020-11-29,5,CORDOBA,524.98,500.57,24.4,0
2020-11-29,6,CORDOBA,516.31,492.87,23.45,0
2020-11-29,7,CORDOBA,508.85,475.34,33.51,0
2020-11-29,8,CORDOBA,527.64,497.78,30.69,-.84
2020-11-29,9,CORDOBA,507.99,475.05,33.54,-.61
2020-11-29,10,CORDOBA,523.04,487.8,36.72,-1.48
2020-11-29,11,CORDOBA,543.94,505.18,39.69,-.93
2020-11-29,12,CORDOBA,543.79,503.74,40.7,-.65
2020-11-29,13,CORDOBA,555.4,512.8,43.34,-.73
2020-11-29,14,CORDOBA,551.4,510.39,42.38,-1.36
2020-11-29,15,CORDOBA,557.34,517.01,41.73,-1.4
2020-11-29,16,CORDOBA,561.21,519.23,43.74,-1.76
2020-11-29,17,CORDOBA,578.39,536.4,43.3,-1.31
2020-11-29,18,CORDOBA,908.6,864.44,48.87,-4.72
2020-11-29,19,CORDOBA,904.55,851.19,53.37,0
2020-11-29,20,CORDOBA,1090.01,1030.23,59.79,0
2020-11-29,21,CORDOBA,1001.85,859.6,59.21,83.05
2020-11-29,22,CORDOBA,905.27,847.41,57.86,0
2020-11-29,23,CORDOBA,891.15,840.49,50.66,0
2020-11-29,24,CORDOBA,536.19,513.17,23.02,0
2020-11-29,1,CUAUHTEMOC,444.4,607.46,-82.51,-80.55
2020-11-29,2,CUAUHTEMOC,454.62,527.63,-73.01,0
2020-11-29,3,CUAUHTEMOC,445.55,510.83,-65.28,0
2020-11-29,4,CUAUHTEMOC,433.17,490.27,-57.1,0
2020-11-29,5,CUAUHTEMOC,435.11,500.57,-65.46,0
2020-11-29,6,CUAUHTEMOC,435.4,492.87,-57.47,0
2020-11-29,7,CUAUHTEMOC,419.68,475.34,-55.66,0
2020-11-29,8,CUAUHTEMOC,397.15,497.78,-36.55,-64.08
2020-11-29,9,CUAUHTEMOC,381.06,475.05,-50.49,-43.49
2020-11-29,10,CUAUHTEMOC,328,487.8,-39.83,-119.97
2020-11-29,11,CUAUHTEMOC,375.46,505.18,-54.1,-75.63
2020-11-29,12,CUAUHTEMOC,394.06,503.74,-56.72,-52.96
2020-11-29,13,CUAUHTEMOC,393.55,512.8,-59.86,-59.39
2020-11-29,14,CUAUHTEMOC,358.4,510.39,-42.36,-109.63
2020-11-29,15,CUAUHTEMOC,360.1,517.01,-43.98,-112.94
2020-11-29,16,CUAUHTEMOC,340.2,519.23,-36.37,-142.65
2020-11-29,17,CUAUHTEMOC,387.17,536.4,-43.25,-105.99
2020-11-29,18,CUAUHTEMOC,499.33,864.44,-71.54,-293.57
2020-11-29,19,CUAUHTEMOC,748.03,851.19,-103.15,0
2020-11-29,20,CUAUHTEMOC,934.62,1030.23,-95.61,0
2020-11-29,21,CUAUHTEMOC,769.23,859.6,-101.38,11.01
2020-11-29,22,CUAUHTEMOC,750.66,847.41,-96.75,0
2020-11-29,23,CUAUHTEMOC,723.98,840.49,-116.51,0
2020-11-29,24,CUAUHTEMOC,444.62,513.17,-68.56,0
2020-11-29,1,CUAUTLA,652.59,607.46,49.31,-4.18
2020-11-29,2,CUAUTLA,568.82,527.63,41.19,0
2020-11-29,3,CUAUTLA,548.53,510.83,37.7,0
2020-11-29,4,CUAUTLA,525.63,490.27,35.36,0
2020-11-29,5,CUAUTLA,535.37,500.57,34.8,0
2020-11-29,6,CUAUTLA,525.93,492.87,33.06,0
2020-11-29,7,CUAUTLA,508.39,475.34,33.05,0
2020-11-29,8,CUAUTLA,528.85,497.78,31.5,-.44
2020-11-29,9,CUAUTLA,509.16,475.05,34.45,-.34
2020-11-29,10,CUAUTLA,525.75,487.8,38.69,-.74
2020-11-29,11,CUAUTLA,545.7,505.18,40.98,-.47
2020-11-29,12,CUAUTLA,545.17,503.74,41.75,-.33
2020-11-29,13,CUAUTLA,556.01,512.8,43.58,-.37
2020-11-29,14,CUAUTLA,553.08,510.39,43.38,-.69
2020-11-29,15,CUAUTLA,559.34,517.01,43.03,-.71
2020-11-29,16,CUAUTLA,563.04,519.23,44.7,-.88
2020-11-29,17,CUAUTLA,580.26,536.4,44.51,-.66
2020-11-29,18,CUAUTLA,932.56,864.44,69.95,-1.83
2020-11-29,19,CUAUTLA,925.71,851.19,74.52,0
2020-11-29,20,CUAUTLA,1116.1,1030.23,85.87,0
2020-11-29,21,CUAUTLA,1009.04,859.6,76.28,73.16
2020-11-29,22,CUAUTLA,922.29,847.41,74.88,0
2020-11-29,23,CUAUTLA,911.53,840.49,71.05,0
2020-11-29,24,CUAUTLA,550.76,513.17,37.59,0
2020-11-29,1,CUERNAVACA,651.59,607.46,48.1,-3.97
2020-11-29,2,CUERNAVACA,567.9,527.63,40.27,0
2020-11-29,3,CUERNAVACA,547.71,510.83,36.88,0
2020-11-29,4,CUERNAVACA,524.69,490.27,34.42,0
2020-11-29,5,CUERNAVACA,534.41,500.57,33.84,0
2020-11-29,6,CUERNAVACA,524.27,492.87,31.4,0
2020-11-29,7,CUERNAVACA,506.19,475.34,30.85,0
2020-11-29,8,CUERNAVACA,526.37,497.78,28.86,-.28
2020-11-29,9,CUERNAVACA,507.15,475.05,32.33,-.23
2020-11-29,10,CUERNAVACA,524.73,487.8,37.41,-.48
2020-11-29,11,CUERNAVACA,544.57,505.18,39.69,-.3
2020-11-29,12,CUERNAVACA,543.98,503.74,40.45,-.21
2020-11-29,13,CUERNAVACA,555.04,512.8,42.48,-.24
2020-11-29,14,CUERNAVACA,552.38,510.39,42.44,-.45
2020-11-29,15,CUERNAVACA,558.59,517.01,42.03,-.46
2020-11-29,16,CUERNAVACA,562.45,519.23,43.8,-.58
2020-11-29,17,CUERNAVACA,579.36,536.4,43.38,-.43
2020-11-29,18,CUERNAVACA,931.58,864.44,68.34,-1.2
2020-11-29,19,CUERNAVACA,922.67,851.19,71.49,0
2020-11-29,20,CUERNAVACA,1111.2,1030.23,80.97,0
2020-11-29,21,CUERNAVACA,999.89,859.6,71.61,68.69
2020-11-29,22,CUERNAVACA,919.1,847.41,71.7,0
2020-11-29,23,CUERNAVACA,910.03,840.49,69.54,0
2020-11-29,24,CUERNAVACA,549.8,513.17,36.63,0
2020-11-29,1,CULIACAN,529.45,607.46,-42.94,-35.07
2020-11-29,2,CULIACAN,484.56,527.63,-43.07,0
2020-11-29,3,CULIACAN,473.65,510.83,-37.18,0
2020-11-29,4,CULIACAN,455.07,490.27,-35.19,0
2020-11-29,5,CULIACAN,454.27,500.57,-46.31,0
2020-11-29,6,CULIACAN,450.1,492.87,-42.77,0
2020-11-29,7,CULIACAN,430.86,475.34,-44.48,0
2020-11-29,8,CULIACAN,354.07,497.78,-27.93,-115.78
2020-11-29,9,CULIACAN,358.77,475.05,-36.66,-79.62
2020-11-29,10,CULIACAN,229.97,487.8,-40.11,-217.72
2020-11-29,11,CULIACAN,329.63,505.18,-38.39,-137.17
2020-11-29,12,CULIACAN,370.71,503.74,-36.97,-96.06
2020-11-29,13,CULIACAN,365.33,512.8,-39.75,-107.72
2020-11-29,14,CULIACAN,268.96,510.39,-42.5,-198.93
2020-11-29,15,CULIACAN,269.33,517.01,-42.76,-204.93
2020-11-29,16,CULIACAN,218.27,519.23,-42.11,-258.86
2020-11-29,17,CULIACAN,300.17,536.4,-43.91,-192.33
2020-11-29,18,CULIACAN,270.21,864.44,-61.47,-532.77
2020-11-29,19,CULIACAN,723.04,851.19,-128.14,0
2020-11-29,20,CULIACAN,908.92,1030.23,-121.31,0
2020-11-29,21,CULIACAN,747.79,859.6,-123.54,11.73
2020-11-29,22,CULIACAN,756.91,847.41,-90.5,0
2020-11-29,23,CULIACAN,746.51,840.49,-93.98,0
2020-11-29,24,CULIACAN,464.3,513.17,-48.88,0
2020-11-29,1,DURANGO,529.96,607.46,-31.94,-45.56
2020-11-29,2,DURANGO,498.67,527.63,-28.96,0
2020-11-29,3,DURANGO,485.87,510.83,-24.96,0
2020-11-29,4,DURANGO,464.56,490.27,-25.71,0
2020-11-29,5,DURANGO,468.37,500.57,-32.21,0
2020-11-29,6,DURANGO,462.87,492.87,-30,0
2020-11-29,7,DURANGO,444.01,475.34,-31.33,0
2020-11-29,8,DURANGO,383.5,497.78,-10.36,-103.93
2020-11-29,9,DURANGO,373.82,475.05,-28.25,-72.98
2020-11-29,10,DURANGO,264.12,487.8,-23.93,-199.76
2020-11-29,11,DURANGO,353.37,505.18,-25.96,-125.86
2020-11-29,12,DURANGO,387.12,503.74,-28.49,-88.14
2020-11-29,13,DURANGO,388.97,512.8,-24.98,-98.85
2020-11-29,14,DURANGO,303.91,510.39,-23.9,-182.58
2020-11-29,15,DURANGO,303.88,517.01,-25.04,-188.09
2020-11-29,16,DURANGO,257.3,519.23,-24.37,-237.56
2020-11-29,17,DURANGO,338.85,536.4,-21.06,-176.5
2020-11-29,18,DURANGO,343.88,864.44,-31.64,-488.92
2020-11-29,19,DURANGO,782.71,851.19,-68.47,0
2020-11-29,20,DURANGO,957.77,1030.23,-72.45,0
2020-11-29,21,DURANGO,800.71,859.6,-70.06,11.17
2020-11-29,22,DURANGO,794.22,847.41,-53.19,0
2020-11-29,23,DURANGO,784.04,840.49,-56.45,0
2020-11-29,24,DURANGO,477.97,513.17,-35.21,0
2020-11-29,1,FRESNILLO,650.56,607.46,-24.78,67.88
2020-11-29,2,FRESNILLO,506.67,527.63,-20.96,0
2020-11-29,3,FRESNILLO,492.86,510.83,-17.97,0
2020-11-29,4,FRESNILLO,474.19,490.27,-16.07,0
2020-11-29,5,FRESNILLO,482.03,500.57,-18.54,0
2020-11-29,6,FRESNILLO,475.44,492.87,-17.43,0
2020-11-29,7,FRESNILLO,457.17,475.34,-18.17,0
2020-11-29,8,FRESNILLO,482.56,497.78,-11.45,-3.77
2020-11-29,9,FRESNILLO,452.45,475.05,-21.47,-1.13
2020-11-29,10,FRESNILLO,466.05,487.8,-19.8,-1.96
2020-11-29,11,FRESNILLO,482.53,505.18,-21.63,-1.03
2020-11-29,12,FRESNILLO,481.2,503.74,-21.96,-.59
2020-11-29,13,FRESNILLO,491.47,512.8,-21.48,.15
2020-11-29,14,FRESNILLO,488.87,510.39,-20.42,-1.09
2020-11-29,15,FRESNILLO,493.61,517.01,-21.1,-2.3
2020-11-29,16,FRESNILLO,495.9,519.23,-20.48,-2.86
2020-11-29,17,FRESNILLO,517.45,536.4,-16.7,-2.25
2020-11-29,18,FRESNILLO,840.08,864.44,-18.24,-6.13
2020-11-29,19,FRESNILLO,823.29,851.19,-27.9,0
2020-11-29,20,FRESNILLO,1003.24,1030.23,-26.99,0
2020-11-29,21,FRESNILLO,842.93,859.6,-26.75,10.08
2020-11-29,22,FRESNILLO,824.47,847.41,-22.94,0
2020-11-29,23,FRESNILLO,806.66,840.49,-33.83,0
2020-11-29,24,FRESNILLO,492.08,513.17,-21.1,0
2020-11-29,1,GUADALAJARA,618.83,607.46,6.93,4.45
2020-11-29,2,GUADALAJARA,532.01,527.63,4.38,0
2020-11-29,3,GUADALAJARA,515.07,510.83,4.24,0
2020-11-29,4,GUADALAJARA,492.7,490.27,2.44,0
2020-11-29,5,GUADALAJARA,499.29,500.57,-1.29,0
2020-11-29,6,GUADALAJARA,492.43,492.87,-.44,0
2020-11-29,7,GUADALAJARA,473.38,475.34,-1.96,0
2020-11-29,8,GUADALAJARA,514.98,497.78,5.16,12.04
2020-11-29,9,GUADALAJARA,485.25,475.05,2.35,7.86
2020-11-29,10,GUADALAJARA,512.52,487.8,3.44,21.27
2020-11-29,11,GUADALAJARA,522.44,505.18,3.87,13.39
2020-11-29,12,GUADALAJARA,517.09,503.74,3.96,9.39
2020-11-29,13,GUADALAJARA,528.01,512.8,4.68,10.53
2020-11-29,14,GUADALAJARA,535.45,510.39,5.6,19.46
2020-11-29,15,GUADALAJARA,541.28,517.01,4.2,20.07
2020-11-29,16,GUADALAJARA,549.53,519.23,4.97,25.34
2020-11-29,17,GUADALAJARA,562.42,536.4,7.19,18.83
2020-11-29,18,GUADALAJARA,935.68,864.44,19.11,52.13
2020-11-29,19,GUADALAJARA,847.24,851.19,-3.95,0
2020-11-29,20,GUADALAJARA,1027.61,1030.23,-2.62,0
2020-11-29,21,GUADALAJARA,866.93,859.6,-5.98,13.31
2020-11-29,22,GUADALAJARA,847.3,847.41,-.11,0
2020-11-29,23,GUADALAJARA,851.95,840.49,11.46,0
2020-11-29,24,GUADALAJARA,514.96,513.17,1.79,0
2020-11-29,1,GUASAVE,504.03,607.46,-64.92,-38.51
2020-11-29,2,GUASAVE,463.54,527.63,-64.09,0
2020-11-29,3,GUASAVE,455.13,510.83,-55.69,0
2020-11-29,4,GUASAVE,435.33,490.27,-54.94,0
2020-11-29,5,GUASAVE,440.03,500.57,-60.54,0
2020-11-29,6,GUASAVE,436.98,492.87,-55.89,0
2020-11-29,7,GUASAVE,417.57,475.34,-57.77,0
2020-11-29,8,GUASAVE,348.1,497.78,-36.57,-113.11
2020-11-29,9,GUASAVE,349.83,475.05,-48.26,-76.96
2020-11-29,10,GUASAVE,225.94,487.8,-49.34,-212.52
2020-11-29,11,GUASAVE,324.64,505.18,-46.65,-133.89
2020-11-29,12,GUASAVE,365.04,503.74,-44.94,-93.77
2020-11-29,13,GUASAVE,358.36,512.8,-49.29,-105.15
2020-11-29,14,GUASAVE,263.38,510.39,-52.83,-194.18
2020-11-29,15,GUASAVE,263.65,517.01,-53.33,-200.04
2020-11-29,16,GUASAVE,214.12,519.23,-52.43,-252.68
2020-11-29,17,GUASAVE,293.31,536.4,-55.36,-187.73
2020-11-29,18,GUASAVE,266.02,864.44,-78.41,-520.02
2020-11-29,19,GUASAVE,699.56,851.19,-151.63,0
2020-11-29,20,GUASAVE,887.81,1030.23,-142.42,0
2020-11-29,21,GUASAVE,726.45,859.6,-144.84,11.69
2020-11-29,22,GUASAVE,723.16,847.41,-124.25,0
2020-11-29,23,GUASAVE,703.78,840.49,-136.71,0
2020-11-29,24,GUASAVE,448.33,513.17,-64.84,0
2020-11-29,1,GUAYMAS,448.86,607.46,-109.65,-48.94
2020-11-29,2,GUAYMAS,420.42,527.63,-107.2,0
2020-11-29,3,GUAYMAS,417.68,510.83,-93.15,0
2020-11-29,4,GUAYMAS,408.45,490.27,-81.81,0
2020-11-29,5,GUAYMAS,414.38,500.57,-86.19,0
2020-11-29,6,GUAYMAS,413.71,492.87,-79.16,0
2020-11-29,7,GUAYMAS,396.79,475.34,-78.55,0
2020-11-29,8,GUAYMAS,346.48,497.78,-48.16,-103.15
2020-11-29,9,GUAYMAS,337.11,475.05,-69.3,-68.63
2020-11-29,10,GUAYMAS,222.04,487.8,-75.12,-190.65
2020-11-29,11,GUAYMAS,312.78,505.18,-72.28,-120.12
2020-11-29,12,GUAYMAS,352.34,503.74,-67.29,-84.12
2020-11-29,13,GUAYMAS,344.63,512.8,-73.84,-94.33
2020-11-29,14,GUAYMAS,263.91,510.39,-72.31,-174.17
2020-11-29,15,GUAYMAS,263.83,517.01,-73.77,-179.42
2020-11-29,16,GUAYMAS,222.21,519.23,-70.41,-226.62
2020-11-29,17,GUAYMAS,291.04,536.4,-77,-168.37
2020-11-29,18,GUAYMAS,280.64,864.44,-117.43,-466.37
2020-11-29,19,GUAYMAS,661.19,851.19,-190,0
2020-11-29,20,GUAYMAS,849.49,1030.23,-180.74,0
2020-11-29,21,GUAYMAS,685.91,859.6,-185.24,11.55
2020-11-29,22,GUAYMAS,681.65,847.41,-165.76,0
2020-11-29,23,GUAYMAS,651.61,840.49,-188.88,0
2020-11-29,24,GUAYMAS,421.19,513.17,-91.98,0
2020-11-29,1,HERMOSILLO,435.72,607.46,-120.03,-51.71
2020-11-29,2,HERMOSILLO,409.73,527.63,-117.9,0
2020-11-29,3,HERMOSILLO,410.27,510.83,-100.56,0
2020-11-29,4,HERMOSILLO,399.78,490.27,-90.49,0
2020-11-29,5,HERMOSILLO,406.49,500.57,-94.08,0
2020-11-29,6,HERMOSILLO,406.8,492.87,-86.07,0
2020-11-29,7,HERMOSILLO,389.72,475.34,-85.62,0
2020-11-29,8,HERMOSILLO,343.83,497.78,-54.47,-99.48
2020-11-29,9,HERMOSILLO,332.99,475.05,-75.83,-66.23
2020-11-29,10,HERMOSILLO,222.06,487.8,-81.83,-183.92
2020-11-29,11,HERMOSILLO,308.9,505.18,-80.4,-115.88
2020-11-29,12,HERMOSILLO,350.24,503.74,-72.36,-81.15
2020-11-29,13,HERMOSILLO,342.74,512.8,-79.06,-91
2020-11-29,14,HERMOSILLO,267.81,510.39,-74.55,-168.02
2020-11-29,15,HERMOSILLO,267.95,517.01,-75.97,-173.09
2020-11-29,16,HERMOSILLO,228.47,519.23,-72.14,-218.63
2020-11-29,17,HERMOSILLO,294.49,536.4,-79.47,-162.44
2020-11-29,18,HERMOSILLO,291.96,864.44,-122.48,-450
2020-11-29,19,HERMOSILLO,645.23,851.19,-205.95,0
2020-11-29,20,HERMOSILLO,827.36,1030.23,-202.87,0
2020-11-29,21,HERMOSILLO,666.74,859.6,-204.36,11.51
2020-11-29,22,HERMOSILLO,664.63,847.41,-182.78,0
2020-11-29,23,HERMOSILLO,634.1,840.49,-206.39,0
2020-11-29,24,HERMOSILLO,411.5,513.17,-101.68,0
2020-11-29,1,HUAJUAPAN,686.58,607.46,84.15,-5.02
2020-11-29,2,HUAJUAPAN,597.42,527.63,69.8,0
2020-11-29,3,HUAJUAPAN,575.24,510.83,64.41,0
2020-11-29,4,HUAJUAPAN,550.55,490.27,60.29,0
2020-11-29,5,HUAJUAPAN,560.08,500.57,59.51,0
2020-11-29,6,HUAJUAPAN,551.97,492.87,59.1,0
2020-11-29,7,HUAJUAPAN,534.55,475.34,59.21,0
2020-11-29,8,HUAJUAPAN,553.72,497.78,56.76,-.82
2020-11-29,9,HUAJUAPAN,532.88,475.05,58.42,-.59
2020-11-29,10,HUAJUAPAN,548.78,487.8,62.43,-1.45
2020-11-29,11,HUAJUAPAN,571.06,505.18,66.79,-.91
2020-11-29,12,HUAJUAPAN,571.37,503.74,68.27,-.64
2020-11-29,13,HUAJUAPAN,583.38,512.8,71.3,-.72
2020-11-29,14,HUAJUAPAN,579.67,510.39,70.61,-1.34
2020-11-29,15,HUAJUAPAN,586.6,517.01,70.96,-1.37
2020-11-29,16,HUAJUAPAN,590.44,519.23,72.93,-1.73
2020-11-29,17,HUAJUAPAN,608.3,536.4,73.18,-1.28
2020-11-29,18,HUAJUAPAN,977.46,864.44,116.7,-3.69
2020-11-29,19,HUAJUAPAN,984.41,851.19,133.23,0
2020-11-29,20,HUAJUAPAN,1190.31,1030.23,160.08,0
2020-11-29,21,HUAJUAPAN,1088.75,859.6,138.31,90.84
2020-11-29,22,HUAJUAPAN,980.15,847.41,132.74,0
2020-11-29,23,HUAJUAPAN,961.23,840.49,120.74,0
2020-11-29,24,HUAJUAPAN,574.6,513.17,61.43,0
2020-11-29,1,HUASTECA,571.95,607.46,-20.68,-14.83
2020-11-29,2,HUASTECA,511.18,527.63,-16.45,0
2020-11-29,3,HUASTECA,495.75,510.83,-15.08,0
2020-11-29,4,HUASTECA,476.99,490.27,-13.27,0
2020-11-29,5,HUASTECA,488.34,500.57,-12.23,0
2020-11-29,6,HUASTECA,480.92,492.87,-11.95,0
2020-11-29,7,HUASTECA,463.71,475.34,-11.63,0
2020-11-29,8,HUASTECA,480.63,497.78,-12.03,-5.13
2020-11-29,9,HUASTECA,459.03,475.05,-12.51,-3.5
2020-11-29,10,HUASTECA,463.16,487.8,-15.05,-9.59
2020-11-29,11,HUASTECA,483.74,505.18,-15.42,-6.02
2020-11-29,12,HUASTECA,484.05,503.74,-15.47,-4.22
2020-11-29,13,HUASTECA,490.41,512.8,-17.67,-4.73
2020-11-29,14,HUASTECA,484.16,510.39,-17.47,-8.75
2020-11-29,15,HUASTECA,491.88,517.01,-16.12,-9.02
2020-11-29,16,HUASTECA,491.28,519.23,-16.56,-11.38
2020-11-29,17,HUASTECA,511.52,536.4,-16.43,-8.46
2020-11-29,18,HUASTECA,813.78,864.44,-27.28,-23.38
2020-11-29,19,HUASTECA,826.84,851.19,-24.34,0
2020-11-29,20,HUASTECA,1003.02,1030.23,-27.21,0
2020-11-29,21,HUASTECA,845.19,859.6,-25.78,11.37
2020-11-29,22,HUASTECA,820.32,847.41,-27.09,0
2020-11-29,23,HUASTECA,805.48,840.49,-35,0
2020-11-29,24,HUASTECA,495.17,513.17,-18,0
2020-11-29,1,HUATULCO,744.16,607.46,140.9,-4.2
2020-11-29,2,HUATULCO,646.61,527.63,118.98,0
2020-11-29,3,HUATULCO,620.56,510.83,109.74,0
2020-11-29,4,HUATULCO,592.67,490.27,102.41,0
2020-11-29,5,HUATULCO,600.99,500.57,100.41,0
2020-11-29,6,HUATULCO,590.6,492.87,97.73,0
2020-11-29,7,HUATULCO,569.13,475.34,93.79,0
2020-11-29,8,HUATULCO,587.61,497.78,90.03,-.2
2020-11-29,9,HUATULCO,565.19,475.05,90.33,-.18
2020-11-29,10,HUATULCO,584.27,487.8,96.93,-.45
2020-11-29,11,HUATULCO,609.16,505.18,104.26,-.29
2020-11-29,12,HUATULCO,610.59,503.74,107.05,-.2
2020-11-29,13,HUATULCO,624.4,512.8,111.84,-.23
2020-11-29,14,HUATULCO,621.81,510.39,111.85,-.43
2020-11-29,15,HUATULCO,627.99,517.01,111.41,-.43
2020-11-29,16,HUATULCO,630.37,519.23,111.68,-.54
2020-11-29,17,HUATULCO,648.83,536.4,112.83,-.4
2020-11-29,18,HUATULCO,1049.87,864.44,186.64,-1.21
2020-11-29,19,HUATULCO,1067.38,851.19,216.19,0
2020-11-29,20,HUATULCO,1295.93,1030.23,265.7,0
2020-11-29,21,HUATULCO,1162.04,859.6,225.94,76.51
2020-11-29,22,HUATULCO,1061.57,847.41,214.16,0
2020-11-29,23,HUATULCO,1037.95,840.49,197.46,0
2020-11-29,24,HUATULCO,616.62,513.17,103.45,0
2020-11-29,1,HUEJUTLA,567.65,607.46,-22.38,-17.44
2020-11-29,2,HUEJUTLA,513.88,527.63,-13.75,0
2020-11-29,3,HUEJUTLA,494.59,510.83,-16.24,0
2020-11-29,4,HUEJUTLA,475.8,490.27,-14.47,0
2020-11-29,5,HUEJUTLA,487.11,500.57,-13.46,0
2020-11-29,6,HUEJUTLA,479.45,492.87,-13.41,0
2020-11-29,7,HUEJUTLA,461.91,475.34,-13.43,0
2020-11-29,8,HUEJUTLA,477.96,497.78,-14.42,-5.41
2020-11-29,9,HUEJUTLA,459.27,475.05,-12.07,-3.7
2020-11-29,10,HUEJUTLA,463.92,487.8,-13.76,-10.13
2020-11-29,11,HUEJUTLA,484.33,505.18,-14.49,-6.36
2020-11-29,12,HUEJUTLA,484.62,503.74,-14.67,-4.46
2020-11-29,13,HUEJUTLA,491.56,512.8,-16.25,-5
2020-11-29,14,HUEJUTLA,485.85,510.39,-15.28,-9.26
2020-11-29,15,HUEJUTLA,497.5,517.01,-9.98,-9.53
2020-11-29,16,HUEJUTLA,492.33,519.23,-14.86,-12.04
2020-11-29,17,HUEJUTLA,510.86,536.4,-16.6,-8.95
2020-11-29,18,HUEJUTLA,806.97,864.44,-32.75,-24.72
2020-11-29,19,HUEJUTLA,824.56,851.19,-26.63,0
2020-11-29,20,HUEJUTLA,998.95,1030.23,-31.28,0
2020-11-29,21,HUEJUTLA,843.56,859.6,-28.91,12.87
2020-11-29,22,HUEJUTLA,817.11,847.41,-30.3,0
2020-11-29,23,HUEJUTLA,803.59,840.49,-36.9,0
2020-11-29,24,HUEJUTLA,494.75,513.17,-18.43,0
2020-11-29,1,IGUALA,679.27,607.46,74.92,-3.1
2020-11-29,2,IGUALA,591.36,527.63,63.73,0
2020-11-29,3,IGUALA,569.94,510.83,59.12,0
2020-11-29,4,IGUALA,545.16,490.27,54.89,0
2020-11-29,5,IGUALA,554.24,500.57,53.67,0
2020-11-29,6,IGUALA,538.08,492.87,45.22,0
2020-11-29,7,IGUALA,518.09,475.34,42.75,0
2020-11-29,8,IGUALA,538.13,497.78,39.82,.53
2020-11-29,9,IGUALA,521.23,475.05,45.88,.3
2020-11-29,10,IGUALA,546.69,487.8,58.14,.75
2020-11-29,11,IGUALA,567.23,505.18,61.57,.47
2020-11-29,12,IGUALA,565.89,503.74,61.82,.33
2020-11-29,13,IGUALA,577.82,512.8,64.65,.37
2020-11-29,14,IGUALA,576.56,510.39,65.5,.68
2020-11-29,15,IGUALA,582.16,517.01,64.45,.7
2020-11-29,16,IGUALA,587.4,519.23,67.28,.89
2020-11-29,17,IGUALA,603.93,536.4,66.87,.66
2020-11-29,18,IGUALA,973.44,864.44,107.18,1.82
2020-11-29,19,IGUALA,955.72,851.19,104.53,0
2020-11-29,20,IGUALA,1143.46,1030.23,113.23,0
2020-11-29,21,IGUALA,1016.64,859.6,96.44,60.61
2020-11-29,22,IGUALA,953.8,847.41,106.4,0
2020-11-29,23,IGUALA,952.02,840.49,111.54,0
2020-11-29,24,IGUALA,573.46,513.17,60.28,0
2020-11-29,1,IRAPUATO,625.89,607.46,11.4,7.03
2020-11-29,2,IRAPUATO,536.56,527.63,8.93,0
2020-11-29,3,IRAPUATO,519.99,510.83,9.17,0
2020-11-29,4,IRAPUATO,498.68,490.27,8.41,0
2020-11-29,5,IRAPUATO,508.04,500.57,7.47,0
2020-11-29,6,IRAPUATO,500.38,492.87,7.51,0
2020-11-29,7,IRAPUATO,481.81,475.34,6.47,0
2020-11-29,8,IRAPUATO,508.42,497.78,8.64,2
2020-11-29,9,IRAPUATO,482.81,475.05,6.37,1.39
2020-11-29,10,IRAPUATO,498.11,487.8,6.63,3.68
2020-11-29,11,IRAPUATO,514.61,505.18,7.11,2.31
2020-11-29,12,IRAPUATO,512.32,503.74,6.95,1.62
2020-11-29,13,IRAPUATO,521.89,512.8,7.28,1.81
2020-11-29,14,IRAPUATO,521.46,510.39,7.72,3.36
2020-11-29,15,IRAPUATO,527.97,517.01,7.51,3.45
2020-11-29,16,IRAPUATO,531.28,519.23,7.69,4.36
2020-11-29,17,IRAPUATO,548.59,536.4,8.96,3.23
2020-11-29,18,IRAPUATO,890.9,864.44,17.54,8.93
2020-11-29,19,IRAPUATO,865.7,851.19,14.51,0
2020-11-29,20,IRAPUATO,1049.12,1030.23,18.9,0
2020-11-29,21,IRAPUATO,881.11,859.6,14.56,6.95
2020-11-29,22,IRAPUATO,862.25,847.41,14.85,0
2020-11-29,23,IRAPUATO,856.04,840.49,15.55,0
2020-11-29,24,IRAPUATO,521.72,513.17,8.55,0
2020-11-29,1,IXMIQUILPAN,638.84,607.46,32.68,-1.29
2020-11-29,2,IXMIQUILPAN,555.18,527.63,27.55,0
2020-11-29,3,IXMIQUILPAN,536.45,510.83,25.62,0
2020-11-29,4,IXMIQUILPAN,514.89,490.27,24.62,0
2020-11-29,5,IXMIQUILPAN,525.61,500.57,25.03,0
2020-11-29,6,IXMIQUILPAN,517.21,492.87,24.34,0
2020-11-29,7,IXMIQUILPAN,500.42,475.34,25.09,0
2020-11-29,8,IXMIQUILPAN,521.83,497.78,24.24,-.19
2020-11-29,9,IXMIQUILPAN,498.52,475.05,23.6,-.13
2020-11-29,10,IXMIQUILPAN,511.71,487.8,24.17,-.25
2020-11-29,11,IXMIQUILPAN,530.14,505.18,25.11,-.15
2020-11-29,12,IXMIQUILPAN,528.52,503.74,24.9,-.12
2020-11-29,13,IXMIQUILPAN,538.55,512.8,25.88,-.13
2020-11-29,14,IXMIQUILPAN,535.79,510.39,25.66,-.25
2020-11-29,15,IXMIQUILPAN,542.52,517.01,25.75,-.24
2020-11-29,16,IXMIQUILPAN,546.44,519.23,27.51,-.31
2020-11-29,17,IXMIQUILPAN,564.79,536.4,28.61,-.23
2020-11-29,18,IXMIQUILPAN,881.79,864.44,18.04,-.7
2020-11-29,19,IXMIQUILPAN,877.09,851.19,25.9,0
2020-11-29,20,IXMIQUILPAN,1061.56,1030.23,31.33,0
2020-11-29,21,IXMIQUILPAN,891.23,859.6,28.3,3.33
2020-11-29,22,IXMIQUILPAN,872.79,847.41,25.38,0
2020-11-29,23,IXMIQUILPAN,889.4,840.49,48.91,0
2020-11-29,24,IXMIQUILPAN,540.48,513.17,27.31,0
2020-11-29,1,IZUCAR,661.4,607.46,58.9,-4.96
2020-11-29,2,IZUCAR,576.38,527.63,48.75,0
2020-11-29,3,IZUCAR,555.8,510.83,44.98,0
2020-11-29,4,IZUCAR,532.41,490.27,42.14,0
2020-11-29,5,IZUCAR,541.8,500.57,41.22,0
2020-11-29,6,IZUCAR,533.59,492.87,40.72,0
2020-11-29,7,IZUCAR,516.12,475.34,40.79,0
2020-11-29,8,IZUCAR,535.83,497.78,38.86,-.82
2020-11-29,9,IZUCAR,515.84,475.05,41.39,-.6
2020-11-29,10,IZUCAR,531.51,487.8,45.16,-1.46
2020-11-29,11,IZUCAR,552.13,505.18,47.87,-.92
2020-11-29,12,IZUCAR,551.94,503.74,48.84,-.64
2020-11-29,13,IZUCAR,563.07,512.8,51,-.72
2020-11-29,14,IZUCAR,559.54,510.39,50.49,-1.34
2020-11-29,15,IZUCAR,566.21,517.01,50.57,-1.38
2020-11-29,16,IZUCAR,569.76,519.23,52.26,-1.73
2020-11-29,17,IZUCAR,587.15,536.4,52.03,-1.29
2020-11-29,18,IZUCAR,941.84,864.44,81.03,-3.63
2020-11-29,19,IZUCAR,940.6,851.19,89.42,0
2020-11-29,20,IZUCAR,1136.34,1030.23,106.11,0
2020-11-29,21,IZUCAR,1049.04,859.6,92.71,96.73
2020-11-29,22,IZUCAR,937.47,847.41,90.06,0
2020-11-29,23,IZUCAR,923.5,840.49,83.01,0
2020-11-29,24,IZUCAR,555.99,513.17,42.82,0
2020-11-29,1,JIQUILPAN,624.95,607.46,12.65,4.84
2020-11-29,2,JIQUILPAN,538.13,527.63,10.5,0
2020-11-29,3,JIQUILPAN,520.58,510.83,9.75,0
2020-11-29,4,JIQUILPAN,498.12,490.27,7.86,0
2020-11-29,5,JIQUILPAN,504.96,500.57,4.39,0
2020-11-29,6,JIQUILPAN,497.98,492.87,5.11,0
2020-11-29,7,JIQUILPAN,478.52,475.34,3.19,0
2020-11-29,8,JIQUILPAN,514.25,497.78,9.48,7
2020-11-29,9,JIQUILPAN,488.01,475.05,8.36,4.6
2020-11-29,10,JIQUILPAN,510.92,487.8,10.83,12.29
2020-11-29,11,JIQUILPAN,524.37,505.18,11.46,7.73
2020-11-29,12,JIQUILPAN,520.2,503.74,11.05,5.41
2020-11-29,13,JIQUILPAN,530.71,512.8,11.85,6.06
2020-11-29,14,JIQUILPAN,534.41,510.39,12.81,11.21
2020-11-29,15,JIQUILPAN,539.8,517.01,11.24,11.55
2020-11-29,16,JIQUILPAN,545.86,519.23,12.04,14.6
2020-11-29,17,JIQUILPAN,560.01,536.4,12.77,10.84
2020-11-29,18,JIQUILPAN,920.73,864.44,26.23,30.06
2020-11-29,19,JIQUILPAN,862.26,851.19,11.08,0
2020-11-29,20,JIQUILPAN,1045.44,1030.23,15.21,0
2020-11-29,21,JIQUILPAN,884.2,859.6,10.31,14.29
2020-11-29,22,JIQUILPAN,860.78,847.41,13.37,0
2020-11-29,23,JIQUILPAN,862.66,840.49,22.17,0
2020-11-29,24,JIQUILPAN,521.48,513.17,8.31,0
2020-11-29,1,JUAREZ,402.35,607.46,-128.68,-76.42
2020-11-29,2,JUAREZ,414.33,527.63,-113.3,0
2020-11-29,3,JUAREZ,405.58,510.83,-105.25,0
2020-11-29,4,JUAREZ,396.72,490.27,-93.55,0
2020-11-29,5,JUAREZ,394.62,500.57,-105.95,0
2020-11-29,6,JUAREZ,399.59,492.87,-93.28,0
2020-11-29,7,JUAREZ,384.9,475.34,-90.44,0
2020-11-29,8,JUAREZ,359.89,497.78,-68.88,-69.02
2020-11-29,9,JUAREZ,356,475.05,-72.42,-46.62
2020-11-29,10,JUAREZ,308.12,487.8,-50.9,-128.78
2020-11-29,11,JUAREZ,350.89,505.18,-73.12,-81.17
2020-11-29,12,JUAREZ,367.27,503.74,-79.63,-56.85
2020-11-29,13,JUAREZ,358.74,512.8,-90.31,-63.75
2020-11-29,14,JUAREZ,334.63,510.39,-58.08,-117.68
2020-11-29,15,JUAREZ,334.64,517.01,-61.15,-121.23
2020-11-29,16,JUAREZ,318.17,519.23,-47.93,-153.12
2020-11-29,17,JUAREZ,351.94,536.4,-70.7,-113.77
2020-11-29,18,JUAREZ,428.65,864.44,-120.65,-315.13
2020-11-29,19,JUAREZ,695.74,851.19,-155.44,0
2020-11-29,20,JUAREZ,876.66,1030.23,-153.57,0
2020-11-29,21,JUAREZ,719.11,859.6,-151.57,11.08
2020-11-29,22,JUAREZ,702.31,847.41,-145.1,0
2020-11-29,23,JUAREZ,675.09,840.49,-165.4,0
2020-11-29,24,JUAREZ,406.98,513.17,-106.19,0
2020-11-29,1,LAGUNA,485.37,607.46,-42.4,-79.69
2020-11-29,2,LAGUNA,490.04,527.63,-37.59,0
2020-11-29,3,LAGUNA,479.06,510.83,-31.77,0
2020-11-29,4,LAGUNA,460.94,490.27,-29.33,0
2020-11-29,5,LAGUNA,466.56,500.57,-34.01,0
2020-11-29,6,LAGUNA,461.51,492.87,-31.36,0
2020-11-29,7,LAGUNA,443.89,475.34,-31.45,0
2020-11-29,8,LAGUNA,413.36,497.78,-17.25,-67.18
2020-11-29,9,LAGUNA,393.31,475.05,-35.2,-46.54
2020-11-29,10,LAGUNA,323.17,487.8,-37.03,-127.6
2020-11-29,11,LAGUNA,383.39,505.18,-41.36,-80.43
2020-11-29,12,LAGUNA,406,503.74,-41.42,-56.32
2020-11-29,13,LAGUNA,409.69,512.8,-39.94,-63.17
2020-11-29,14,LAGUNA,357.32,510.39,-36.45,-116.61
2020-11-29,15,LAGUNA,359.3,517.01,-37.58,-120.13
2020-11-29,16,LAGUNA,331,519.23,-36.5,-151.73
2020-11-29,17,LAGUNA,391.05,536.4,-32.63,-112.73
2020-11-29,18,LAGUNA,507.72,864.44,-44.47,-312.24
2020-11-29,19,LAGUNA,783.03,851.19,-68.16,0
2020-11-29,20,LAGUNA,955.65,1030.23,-74.58,0
2020-11-29,21,LAGUNA,801.62,859.6,-68.93,10.96
2020-11-29,22,LAGUNA,785.91,847.41,-61.5,0
2020-11-29,23,LAGUNA,765.29,840.49,-75.2,0
2020-11-29,24,LAGUNA,474.24,513.17,-38.94,0
2020-11-29,1,LAZARO CARDENAS,637.19,607.46,29.84,-.11
2020-11-29,2,LAZARO CARDENAS,556.95,527.63,29.32,0
2020-11-29,3,LAZARO CARDENAS,538.76,510.83,27.93,0
2020-11-29,4,LAZARO CARDENAS,514.4,490.27,24.14,0
2020-11-29,5,LAZARO CARDENAS,520.24,500.57,19.66,0
2020-11-29,6,LAZARO CARDENAS,512.82,492.87,19.95,0
2020-11-29,7,LAZARO CARDENAS,490.14,475.34,14.81,0
2020-11-29,8,LAZARO CARDENAS,523.15,497.78,22.1,3.26
2020-11-29,9,LAZARO CARDENAS,499.27,475.05,22.1,2.12
2020-11-29,10,LAZARO CARDENAS,520.56,487.8,27.79,4.97
2020-11-29,11,LAZARO CARDENAS,537.4,505.18,29.09,3.13
2020-11-29,12,LAZARO CARDENAS,532.82,503.74,26.89,2.19
2020-11-29,13,LAZARO CARDENAS,543.96,512.8,28.71,2.45
2020-11-29,14,LAZARO CARDENAS,545.95,510.39,31.03,4.53
2020-11-29,15,LAZARO CARDENAS,550.9,517.01,29.22,4.67
2020-11-29,16,LAZARO CARDENAS,556.5,519.23,31.37,5.91
2020-11-29,17,LAZARO CARDENAS,568.03,536.4,27.22,4.4
2020-11-29,18,LAZARO CARDENAS,926.58,864.44,49.99,12.16
2020-11-29,19,LAZARO CARDENAS,890.24,851.19,39.05,0
2020-11-29,20,LAZARO CARDENAS,1075.91,1030.23,45.68,0
2020-11-29,21,LAZARO CARDENAS,928.05,859.6,36.41,32.04
2020-11-29,22,LAZARO CARDENAS,885.17,847.41,37.77,0
2020-11-29,23,LAZARO CARDENAS,889.76,840.49,49.27,0
2020-11-29,24,LAZARO CARDENAS,536.6,513.17,23.42,0
2020-11-29,1,LEON,631.94,607.46,12.8,11.69
2020-11-29,2,LEON,537.54,527.63,9.91,0
2020-11-29,3,LEON,520.59,510.83,9.76,0
2020-11-29,4,LEON,499.26,490.27,8.99,0
2020-11-29,5,LEON,508.44,500.57,7.87,0
2020-11-29,6,LEON,501.08,492.87,8.21,0
2020-11-29,7,LEON,482.6,475.34,7.26,0
2020-11-29,8,LEON,509.71,497.78,9.97,1.95
2020-11-29,9,LEON,481.92,475.05,5.44,1.43
2020-11-29,10,LEON,496.94,487.8,5.34,3.8
2020-11-29,11,LEON,513.17,505.18,5.6,2.38
2020-11-29,12,LEON,511.04,503.74,5.63,1.67
2020-11-29,13,LEON,520.28,512.8,5.61,1.87
2020-11-29,14,LEON,520.11,510.39,6.25,3.48
2020-11-29,15,LEON,526.72,517.01,6.12,3.58
2020-11-29,16,LEON,530.24,519.23,6.49,4.52
2020-11-29,17,LEON,548.52,536.4,8.75,3.36
2020-11-29,18,LEON,895.84,864.44,22.09,9.31
2020-11-29,19,LEON,869.66,851.19,18.47,0
2020-11-29,20,LEON,1055.83,1030.23,25.6,0
2020-11-29,21,LEON,885.94,859.6,18.82,7.53
2020-11-29,22,LEON,867.34,847.41,19.93,0
2020-11-29,23,LEON,859.71,840.49,19.22,0
2020-11-29,24,LEON,521.83,513.17,8.66,0
2020-11-29,1,LOS ALTOS,633.01,607.46,11.14,14.41
2020-11-29,2,LOS ALTOS,536.52,527.63,8.9,0
2020-11-29,3,LOS ALTOS,519.58,510.83,8.75,0
2020-11-29,4,LOS ALTOS,498.12,490.27,7.85,0
2020-11-29,5,LOS ALTOS,506.87,500.57,6.3,0
2020-11-29,6,LOS ALTOS,500.03,492.87,7.16,0
2020-11-29,7,LOS ALTOS,481.5,475.34,6.16,0
2020-11-29,8,LOS ALTOS,512.34,497.78,10.43,4.13
2020-11-29,9,LOS ALTOS,481.99,475.05,4.02,2.93
2020-11-29,10,LOS ALTOS,499.07,487.8,3.38,7.88
2020-11-29,11,LOS ALTOS,513.19,505.18,3.07,4.95
2020-11-29,12,LOS ALTOS,509.85,503.74,2.63,3.48
2020-11-29,13,LOS ALTOS,519.08,512.8,2.38,3.9
2020-11-29,14,LOS ALTOS,520.72,510.39,3.12,7.21
2020-11-29,15,LOS ALTOS,526.71,517.01,2.27,7.43
2020-11-29,16,LOS ALTOS,531.82,519.23,3.25,9.34
2020-11-29,17,LOS ALTOS,550.22,536.4,6.88,6.94
2020-11-29,18,LOS ALTOS,906.37,864.44,22.77,19.17
2020-11-29,19,LOS ALTOS,865.36,851.19,14.17,0
2020-11-29,20,LOS ALTOS,1051.1,1030.23,20.87,0
2020-11-29,21,LOS ALTOS,883.5,859.6,12.87,11.03
2020-11-29,22,LOS ALTOS,862.91,847.41,15.5,0
2020-11-29,23,LOS ALTOS,858.54,840.49,18.05,0
2020-11-29,24,LOS ALTOS,520.74,513.17,7.57,0
2020-11-29,1,LOS MOCHIS,489.06,607.46,-78.12,-40.28
2020-11-29,2,LOS MOCHIS,451.63,527.63,-76,0
2020-11-29,3,LOS MOCHIS,445.12,510.83,-65.71,0
2020-11-29,4,LOS MOCHIS,424.98,490.27,-65.29,0
2020-11-29,5,LOS MOCHIS,431.49,500.57,-69.09,0
2020-11-29,6,LOS MOCHIS,429.05,492.87,-63.82,0
2020-11-29,7,LOS MOCHIS,409.24,475.34,-66.1,0
2020-11-29,8,LOS MOCHIS,341.92,497.78,-44.16,-111.71
2020-11-29,9,LOS MOCHIS,343.21,475.05,-56.25,-75.59
2020-11-29,10,LOS MOCHIS,221.45,487.8,-56.49,-209.86
2020-11-29,11,LOS MOCHIS,319.65,505.18,-53.32,-132.22
2020-11-29,12,LOS MOCHIS,359.31,503.74,-51.85,-92.59
2020-11-29,13,LOS MOCHIS,352.31,512.8,-56.65,-103.84
2020-11-29,14,LOS MOCHIS,258.06,510.39,-60.58,-191.75
2020-11-29,15,LOS MOCHIS,258.22,517.01,-61.26,-197.54
2020-11-29,16,LOS MOCHIS,209.21,519.23,-60.5,-249.52
2020-11-29,17,LOS MOCHIS,286.92,536.4,-64.09,-185.39
2020-11-29,18,LOS MOCHIS,259.45,864.44,-91.41,-513.58
2020-11-29,19,LOS MOCHIS,682.03,851.19,-169.15,0
2020-11-29,20,LOS MOCHIS,868.29,1030.23,-161.94,0
2020-11-29,21,LOS MOCHIS,709.04,859.6,-162.23,11.67
2020-11-29,22,LOS MOCHIS,700.84,847.41,-146.57,0
2020-11-29,23,LOS MOCHIS,678.73,840.49,-161.76,0
2020-11-29,24,LOS MOCHIS,437.95,513.17,-75.22,0
2020-11-29,1,LOS RIOS,682.58,607.46,80.2,-5.08
2020-11-29,2,LOS RIOS,592.66,527.63,65.04,0
2020-11-29,3,LOS RIOS,568.16,510.83,57.33,0
2020-11-29,4,LOS RIOS,542.5,490.27,52.24,0
2020-11-29,5,LOS RIOS,545.76,500.57,45.19,0
2020-11-29,6,LOS RIOS,537.36,492.87,44.49,0
2020-11-29,7,LOS RIOS,516.75,475.34,41.42,0
2020-11-29,8,LOS RIOS,533.54,497.78,36.59,-.84
2020-11-29,9,LOS RIOS,514.97,475.05,40.53,-.61
2020-11-29,10,LOS RIOS,528.96,487.8,42.65,-1.5
2020-11-29,11,LOS RIOS,549.09,505.18,44.85,-.94
2020-11-29,12,LOS RIOS,550.32,503.74,47.23,-.66
2020-11-29,13,LOS RIOS,562.71,512.8,50.65,-.74
2020-11-29,14,LOS RIOS,558.89,510.39,49.88,-1.38
2020-11-29,15,LOS RIOS,567.78,517.01,52.18,-1.41
2020-11-29,16,LOS RIOS,579.94,519.23,62.49,-1.78
2020-11-29,17,LOS RIOS,599.39,536.4,64.3,-1.32
2020-11-29,18,LOS RIOS,966.51,864.44,105.86,-3.79
2020-11-29,19,LOS RIOS,952.39,851.19,101.21,0
2020-11-29,20,LOS RIOS,1141.03,1030.23,110.8,0
2020-11-29,21,LOS RIOS,1059.99,859.6,111.29,89.1
2020-11-29,22,LOS RIOS,962.24,847.41,114.83,0
2020-11-29,23,LOS RIOS,953.64,840.49,113.16,0
2020-11-29,24,LOS RIOS,561.83,513.17,48.66,0
2020-11-29,1,LOS TUXTLAS,661.4,607.46,59.13,-5.18
2020-11-29,2,LOS TUXTLAS,575.26,527.63,47.64,0
2020-11-29,3,LOS TUXTLAS,553.05,510.83,42.23,0
2020-11-29,4,LOS TUXTLAS,528.51,490.27,38.25,0
2020-11-29,5,LOS TUXTLAS,535.27,500.57,34.7,0
2020-11-29,6,LOS TUXTLAS,526.7,492.87,33.83,0
2020-11-29,7,LOS TUXTLAS,507.8,475.34,32.46,0
2020-11-29,8,LOS TUXTLAS,525.59,497.78,28.69,-.89
2020-11-29,9,LOS TUXTLAS,506.7,475.05,32.3,-.64
2020-11-29,10,LOS TUXTLAS,521.21,487.8,35,-1.59
2020-11-29,11,LOS TUXTLAS,542.08,505.18,37.9,-1
2020-11-29,12,LOS TUXTLAS,542.78,503.74,39.74,-.7
2020-11-29,13,LOS TUXTLAS,554.72,512.8,42.71,-.79
2020-11-29,14,LOS TUXTLAS,550.55,510.39,41.62,-1.46
2020-11-29,15,LOS TUXTLAS,557.87,517.01,42.36,-1.51
2020-11-29,16,LOS TUXTLAS,563.73,519.23,46.39,-1.9
2020-11-29,17,LOS TUXTLAS,581.1,536.4,46.1,-1.41
2020-11-29,18,LOS TUXTLAS,933.29,864.44,72.82,-3.98
2020-11-29,19,LOS TUXTLAS,932.02,851.19,80.83,0
2020-11-29,20,LOS TUXTLAS,1122.58,1030.23,92.35,0
2020-11-29,21,LOS TUXTLAS,1035.15,859.6,88.34,87.22
2020-11-29,22,LOS TUXTLAS,935.19,847.41,87.78,0
2020-11-29,23,LOS TUXTLAS,921.59,840.49,81.1,0
2020-11-29,24,LOS TUXTLAS,549.75,513.17,36.58,0
2020-11-29,1,MANZANILLO,613.66,607.46,1.8,4.4
2020-11-29,2,MANZANILLO,528.19,527.63,.56,0
2020-11-29,3,MANZANILLO,511.16,510.83,.34,0
2020-11-29,4,MANZANILLO,489.2,490.27,-1.07,0
2020-11-29,5,MANZANILLO,495.79,500.57,-4.79,0
2020-11-29,6,MANZANILLO,488.5,492.87,-4.37,0
2020-11-29,7,MANZANILLO,469.11,475.34,-6.23,0
2020-11-29,8,MANZANILLO,508.5,497.78,.05,10.66
2020-11-29,9,MANZANILLO,479.23,475.05,-2.78,6.96
2020-11-29,10,MANZANILLO,505.37,487.8,-1.2,18.77
2020-11-29,11,MANZANILLO,515.95,505.18,-1.04,11.8
2020-11-29,12,MANZANILLO,510.91,503.74,-1.1,8.27
2020-11-29,13,MANZANILLO,521.21,512.8,-.78,9.2
2020-11-29,14,MANZANILLO,527.17,510.39,-.23,17.01
2020-11-29,15,MANZANILLO,534.05,517.01,-.49,17.53
2020-11-29,16,MANZANILLO,542.21,519.23,.67,22.3
2020-11-29,17,MANZANILLO,555.26,536.4,2.29,16.57
2020-11-29,18,MANZANILLO,921.54,864.44,11.18,45.92
2020-11-29,19,MANZANILLO,843.51,851.19,-7.68,0
2020-11-29,20,MANZANILLO,1022.63,1030.23,-7.6,0
2020-11-29,21,MANZANILLO,865.33,859.6,-8.64,14.37
2020-11-29,22,MANZANILLO,843.43,847.41,-3.98,0
2020-11-29,23,MANZANILLO,846.45,840.49,5.96,0
2020-11-29,24,MANZANILLO,511.36,513.17,-1.81,0
2020-11-29,1,MATAMOROS,387.68,607.46,-114.41,-105.37
2020-11-29,2,MATAMOROS,428.32,527.63,-99.31,0
2020-11-29,3,MATAMOROS,417.51,510.83,-93.32,0
2020-11-29,4,MATAMOROS,405.85,490.27,-84.42,0
2020-11-29,5,MATAMOROS,412.42,500.57,-88.15,0
2020-11-29,6,MATAMOROS,407.16,492.87,-85.71,0
2020-11-29,7,MATAMOROS,390.94,475.34,-84.39,0
2020-11-29,8,MATAMOROS,392.21,497.78,-76.62,-28.95
2020-11-29,9,MATAMOROS,374.74,475.05,-80.39,-19.91
2020-11-29,10,MATAMOROS,364.28,487.8,-68.84,-54.68
2020-11-29,11,MATAMOROS,391.92,505.18,-78.74,-34.52
2020-11-29,12,MATAMOROS,402.12,503.74,-77.45,-24.17
2020-11-29,13,MATAMOROS,407.01,512.8,-78.68,-27.11
2020-11-29,14,MATAMOROS,387.27,510.39,-73.15,-49.97
2020-11-29,15,MATAMOROS,392.61,517.01,-72.93,-51.47
2020-11-29,16,MATAMOROS,381.8,519.23,-72.41,-65.02
2020-11-29,17,MATAMOROS,419.13,536.4,-68.97,-48.31
2020-11-29,18,MATAMOROS,615.66,864.44,-114.99,-133.8
2020-11-29,19,MATAMOROS,721.46,851.19,-129.72,0
2020-11-29,20,MATAMOROS,876.21,1030.23,-154.02,0
2020-11-29,21,MATAMOROS,737.09,859.6,-133.15,10.64
2020-11-29,22,MATAMOROS,713.76,847.41,-133.64,0
2020-11-29,23,MATAMOROS,666.37,840.49,-174.11,0
2020-11-29,24,MATAMOROS,408.57,513.17,-104.61,0
2020-11-29,1,MATEHUALA,628.78,607.46,12.68,8.64
2020-11-29,2,MATEHUALA,537.39,527.63,9.76,0
2020-11-29,3,MATEHUALA,519.84,510.83,9.02,0
2020-11-29,4,MATEHUALA,500.56,490.27,10.29,0
2020-11-29,5,MATEHUALA,513.27,500.57,12.7,0
2020-11-29,6,MATEHUALA,507.56,492.87,14.69,0
2020-11-29,7,MATEHUALA,489.24,475.34,13.9,0
2020-11-29,8,MATEHUALA,512.74,497.78,15.59,-.64
2020-11-29,9,MATEHUALA,482.14,475.05,7.44,-.34
2020-11-29,10,MATEHUALA,490.08,487.8,3.3,-1.02
2020-11-29,11,MATEHUALA,507.09,505.18,2.56,-.65
2020-11-29,12,MATEHUALA,503.69,503.74,.4,-.45
2020-11-29,13,MATEHUALA,511.11,512.8,-1.19,-.51
2020-11-29,14,MATEHUALA,506.92,510.39,-2.55,-.92
2020-11-29,15,MATEHUALA,512.31,517.01,-3.76,-.95
2020-11-29,16,MATEHUALA,515.34,519.23,-2.69,-1.21
2020-11-29,17,MATEHUALA,538.06,536.4,2.56,-.9
2020-11-29,18,MATEHUALA,883.59,864.44,21.62,-2.47
2020-11-29,19,MATEHUALA,874.08,851.19,22.9,0
2020-11-29,20,MATEHUALA,1062.47,1030.23,32.24,0
2020-11-29,21,MATEHUALA,889.11,859.6,20.25,9.26
2020-11-29,22,MATEHUALA,870.06,847.41,22.65,0
2020-11-29,23,MATEHUALA,861.14,840.49,20.65,0
2020-11-29,24,MATEHUALA,521.6,513.17,8.43,0
2020-11-29,1,MAZATLAN,558.7,607.46,-19.28,-29.47
2020-11-29,2,MAZATLAN,507.48,527.63,-20.15,0
2020-11-29,3,MAZATLAN,493.63,510.83,-17.2,0
2020-11-29,4,MAZATLAN,469.46,490.27,-20.81,0
2020-11-29,5,MAZATLAN,471.26,500.57,-29.31,0
2020-11-29,6,MAZATLAN,466.01,492.87,-26.86,0
2020-11-29,7,MAZATLAN,447,475.34,-28.34,0
2020-11-29,8,MAZATLAN,365.16,497.78,-10.26,-122.36
2020-11-29,9,MAZATLAN,367.32,475.05,-23.77,-83.96
2020-11-29,10,MAZATLAN,233.9,487.8,-24.29,-229.61
2020-11-29,11,MAZATLAN,336.59,505.18,-23.94,-144.65
2020-11-29,12,MAZATLAN,378.78,503.74,-23.67,-101.29
2020-11-29,13,MAZATLAN,375.68,512.8,-23.53,-113.59
2020-11-29,14,MAZATLAN,276.68,510.39,-23.94,-209.78
2020-11-29,15,MAZATLAN,276.68,517.01,-24.23,-216.11
2020-11-29,16,MAZATLAN,222.84,519.23,-23.41,-272.98
2020-11-29,17,MAZATLAN,311.05,536.4,-22.54,-202.82
2020-11-29,18,MAZATLAN,271.92,864.44,-30.69,-561.83
2020-11-29,19,MAZATLAN,772,851.19,-79.18,0
2020-11-29,20,MAZATLAN,954.44,1030.23,-75.79,0
2020-11-29,21,MAZATLAN,794.62,859.6,-76.79,11.81
2020-11-29,22,MAZATLAN,798.01,847.41,-49.4,0
2020-11-29,23,MAZATLAN,798.36,840.49,-42.13,0
2020-11-29,24,MAZATLAN,483.74,513.17,-29.44,0
2020-11-29,1,MERIDA,681,607.46,78.62,-5.08
2020-11-29,2,MERIDA,589.46,527.63,61.84,0
2020-11-29,3,MERIDA,560.49,510.83,49.66,0
2020-11-29,4,MERIDA,535.21,490.27,44.94,0
2020-11-29,5,MERIDA,533.34,500.57,32.77,0
2020-11-29,6,MERIDA,526.43,492.87,33.56,0
2020-11-29,7,MERIDA,504.85,475.34,29.51,0
2020-11-29,8,MERIDA,522.35,497.78,25.41,-.84
2020-11-29,9,MERIDA,508.49,475.05,34.06,-.61
2020-11-29,10,MERIDA,525.68,487.8,39.38,-1.5
2020-11-29,11,MERIDA,542.95,505.18,38.71,-.94
2020-11-29,12,MERIDA,544.67,503.74,41.58,-.66
2020-11-29,13,MERIDA,559.34,512.8,47.28,-.74
2020-11-29,14,MERIDA,557.43,510.39,48.42,-1.38
2020-11-29,15,MERIDA,571.66,517.01,56.06,-1.41
2020-11-29,16,MERIDA,601.21,519.23,83.75,-1.78
2020-11-29,17,MERIDA,623.91,536.4,88.83,-1.32
2020-11-29,18,MERIDA,1008.24,864.44,147.59,-3.79
2020-11-29,19,MERIDA,989.93,851.19,138.74,0
2020-11-29,20,MERIDA,1177.66,1030.23,147.43,0
2020-11-29,21,MERIDA,1090.67,859.6,141.97,89.1
2020-11-29,22,MERIDA,993.92,847.41,146.51,0
2020-11-29,23,MERIDA,988.98,840.49,148.49,0
2020-11-29,24,MERIDA,567.31,513.17,54.13,0
2020-11-29,1,MINAS,643.69,607.46,33.27,2.97
2020-11-29,2,MINAS,553.08,527.63,25.45,0
2020-11-29,3,MINAS,534.03,510.83,23.21,0
2020-11-29,4,MINAS,510.42,490.27,20.15,0
2020-11-29,5,MINAS,515.92,500.57,15.35,0
2020-11-29,6,MINAS,507.46,492.87,14.59,0
2020-11-29,7,MINAS,489.96,475.34,14.62,0
2020-11-29,8,MINAS,535.31,497.78,24.06,13.47
2020-11-29,9,MINAS,500.94,475.05,17.07,8.82
2020-11-29,10,MINAS,531.24,487.8,19.45,23.99
2020-11-29,11,MINAS,539.97,505.18,19.68,15.11
2020-11-29,12,MINAS,532.99,503.74,18.65,10.6
2020-11-29,13,MINAS,549.84,512.8,24.06,12.98
2020-11-29,14,MINAS,560.52,510.39,26.19,23.94
2020-11-29,15,MINAS,568.45,517.01,26.82,24.62
2020-11-29,16,MINAS,570.68,519.23,22.94,28.51
2020-11-29,17,MINAS,584.77,536.4,27.26,21.11
2020-11-29,18,MINAS,978.81,864.44,56.2,58.16
2020-11-29,19,MINAS,890.47,851.19,39.28,0
2020-11-29,20,MINAS,1087.42,1030.23,57.2,0
2020-11-29,21,MINAS,916.44,859.6,43.26,13.59
2020-11-29,22,MINAS,893.28,847.41,45.87,0
2020-11-29,23,MINAS,892.98,840.49,52.49,0
2020-11-29,24,MINAS,534.52,513.17,21.34,0
2020-11-29,1,MONCLOVA,413.84,607.46,-87.25,-106.37
2020-11-29,2,MONCLOVA,453.38,527.63,-74.25,0
2020-11-29,3,MONCLOVA,443.97,510.83,-66.86,0
2020-11-29,4,MONCLOVA,430.39,490.27,-59.88,0
2020-11-29,5,MONCLOVA,437.77,500.57,-62.81,0
2020-11-29,6,MONCLOVA,432.11,492.87,-60.76,0
2020-11-29,7,MONCLOVA,417.02,475.34,-58.31,0
2020-11-29,8,MONCLOVA,415.47,497.78,-50.4,-31.91
2020-11-29,9,MONCLOVA,393.91,475.05,-59.23,-21.91
2020-11-29,10,MONCLOVA,372.5,487.8,-55.09,-60.21
2020-11-29,11,MONCLOVA,406.03,505.18,-61.15,-38
2020-11-29,12,MONCLOVA,415.5,503.74,-61.63,-26.61
2020-11-29,13,MONCLOVA,421.42,512.8,-61.54,-29.85
2020-11-29,14,MONCLOVA,397.77,510.39,-57.6,-55.02
2020-11-29,15,MONCLOVA,401.13,517.01,-59.21,-56.68
2020-11-29,16,MONCLOVA,388.69,519.23,-58.95,-71.59
2020-11-29,17,MONCLOVA,427.2,536.4,-56.01,-53.19
2020-11-29,18,MONCLOVA,622.6,864.44,-94.53,-147.32
2020-11-29,19,MONCLOVA,744.11,851.19,-107.07,0
2020-11-29,20,MONCLOVA,908.67,1030.23,-121.56,0
2020-11-29,21,MONCLOVA,764.21,859.6,-106.04,10.65
2020-11-29,22,MONCLOVA,745.88,847.41,-101.53,0
2020-11-29,23,MONCLOVA,716.94,840.49,-123.55,0
2020-11-29,24,MONCLOVA,440.78,513.17,-72.39,0
2020-11-29,1,MONTEMORELOS,439.65,607.46,-73.61,-94.19
2020-11-29,2,MONTEMORELOS,466.17,527.63,-61.46,0
2020-11-29,3,MONTEMORELOS,455.31,510.83,-55.52,0
2020-11-29,4,MONTEMORELOS,440.72,490.27,-49.54,0
2020-11-29,5,MONTEMORELOS,448.68,500.57,-51.9,0
2020-11-29,6,MONTEMORELOS,442.91,492.87,-49.96,0
2020-11-29,7,MONTEMORELOS,426.26,475.34,-49.08,0
2020-11-29,8,MONTEMORELOS,429.16,497.78,-42.87,-25.75
2020-11-29,9,MONTEMORELOS,408.54,475.05,-48.78,-17.73
2020-11-29,10,MONTEMORELOS,393.84,487.8,-44.71,-49.25
2020-11-29,11,MONTEMORELOS,426,505.18,-46.79,-32.39
2020-11-29,12,MONTEMORELOS,434.42,503.74,-46.65,-22.68
2020-11-29,13,MONTEMORELOS,440.37,512.8,-47.25,-25.18
2020-11-29,14,MONTEMORELOS,418.97,510.39,-46.39,-45.03
2020-11-29,15,MONTEMORELOS,424.48,517.01,-46.92,-45.61
2020-11-29,16,MONTEMORELOS,415.46,519.23,-46.17,-57.6
2020-11-29,17,MONTEMORELOS,450.46,536.4,-43.12,-42.82
2020-11-29,18,MONTEMORELOS,672.51,864.44,-73.06,-118.87
2020-11-29,19,MONTEMORELOS,767.86,851.19,-83.32,0
2020-11-29,20,MONTEMORELOS,934.46,1030.23,-95.77,0
2020-11-29,21,MONTEMORELOS,785.9,859.6,-84.38,10.69
2020-11-29,22,MONTEMORELOS,765.43,847.41,-81.98,0
2020-11-29,23,MONTEMORELOS,735.94,840.49,-104.55,0
2020-11-29,24,MONTEMORELOS,453.09,513.17,-60.09,0
2020-11-29,1,MONTERREY,419.12,607.46,-83.04,-105.31
2020-11-29,2,MONTERREY,458.32,527.63,-69.31,0
2020-11-29,3,MONTERREY,448.28,510.83,-62.54,0
2020-11-29,4,MONTERREY,434.26,490.27,-56.01,0
2020-11-29,5,MONTERREY,441.76,500.57,-58.82,0
2020-11-29,6,MONTERREY,436.14,492.87,-56.73,0
2020-11-29,7,MONTERREY,419.43,475.34,-55.9,0
2020-11-29,8,MONTERREY,419.88,497.78,-49.14,-28.77
2020-11-29,9,MONTERREY,399.19,475.05,-56.07,-19.79
2020-11-29,10,MONTERREY,381.68,487.8,-51.78,-54.34
2020-11-29,11,MONTERREY,413.5,505.18,-57.35,-34.33
2020-11-29,12,MONTERREY,422.66,503.74,-57.04,-24.04
2020-11-29,13,MONTERREY,428.65,512.8,-57.19,-26.96
2020-11-29,14,MONTERREY,407.27,510.39,-53.46,-49.65
2020-11-29,15,MONTERREY,412,517.01,-53.87,-51.15
2020-11-29,16,MONTERREY,401.8,519.23,-52.82,-64.61
2020-11-29,17,MONTERREY,439.02,536.4,-49.37,-48.01
2020-11-29,18,MONTERREY,648.42,864.44,-83.09,-132.93
2020-11-29,19,MONTERREY,755.66,851.19,-95.53,0
2020-11-29,20,MONTERREY,920.4,1030.23,-109.83,0
2020-11-29,21,MONTERREY,774.06,859.6,-96.18,10.64
2020-11-29,22,MONTERREY,754.34,847.41,-93.07,0
2020-11-29,23,MONTERREY,724.1,840.49,-116.39,0
2020-11-29,24,MONTERREY,445.66,513.17,-67.51,0
2020-11-29,1,MORELIA,634.09,607.46,23.61,3.03
2020-11-29,2,MORELIA,547.28,527.63,19.65,0
2020-11-29,3,MORELIA,528.78,510.83,17.95,0
2020-11-29,4,MORELIA,506.06,490.27,15.79,0
2020-11-29,5,MORELIA,514.26,500.57,13.69,0
2020-11-29,6,MORELIA,506.84,492.87,13.97,0
2020-11-29,7,MORELIA,487.96,475.34,12.62,0
2020-11-29,8,MORELIA,517.86,497.78,16.86,3.21
2020-11-29,9,MORELIA,493.87,475.05,16.71,2.12
2020-11-29,10,MORELIA,513.34,487.8,19.85,5.68
2020-11-29,11,MORELIA,530.08,505.18,21.33,3.57
2020-11-29,12,MORELIA,527.33,503.74,21.08,2.51
2020-11-29,13,MORELIA,537.85,512.8,22.24,2.82
2020-11-29,14,MORELIA,538.72,510.39,23.12,5.21
2020-11-29,15,MORELIA,544.72,517.01,22.34,5.37
2020-11-29,16,MORELIA,549.31,519.23,23.3,6.79
2020-11-29,17,MORELIA,565.08,536.4,23.6,5.07
2020-11-29,18,MORELIA,920.62,864.44,42.1,14.08
2020-11-29,19,MORELIA,889.49,851.19,38.31,0
2020-11-29,20,MORELIA,1080.17,1030.23,49.94,0
2020-11-29,21,MORELIA,916.83,859.6,40.02,17.21
2020-11-29,22,MORELIA,886.51,847.41,39.11,0
2020-11-29,23,MORELIA,881.8,840.49,41.31,0
2020-11-29,24,MORELIA,532.82,513.17,19.64,0
2020-11-29,1,MORELOS,650.72,607.46,47.3,-4.03
2020-11-29,2,MORELOS,567.22,527.63,39.59,0
2020-11-29,3,MORELOS,547.08,510.83,36.26,0
2020-11-29,4,MORELOS,524.09,490.27,33.82,0
2020-11-29,5,MORELOS,533.81,500.57,33.24,0
2020-11-29,6,MORELOS,523.81,492.87,30.94,0
2020-11-29,7,MORELOS,505.77,475.34,30.43,0
2020-11-29,8,MORELOS,525.88,497.78,28.41,-.32
2020-11-29,9,MORELOS,506.58,475.05,31.8,-.26
2020-11-29,10,MORELOS,523.92,487.8,36.68,-.56
2020-11-29,11,MORELOS,543.73,505.18,38.9,-.35
2020-11-29,12,MORELOS,543.07,503.74,39.57,-.25
2020-11-29,13,MORELOS,554.1,512.8,41.58,-.28
2020-11-29,14,MORELOS,551.42,510.39,41.55,-.52
2020-11-29,15,MORELOS,557.63,517.01,41.15,-.53
2020-11-29,16,MORELOS,561.47,519.23,42.91,-.67
2020-11-29,17,MORELOS,578.38,536.4,42.47,-.49
2020-11-29,18,MORELOS,929.89,864.44,66.83,-1.38
2020-11-29,19,MORELOS,921.29,851.19,70.1,0
2020-11-29,20,MORELOS,1109.85,1030.23,79.62,0
2020-11-29,21,MORELOS,1000.16,859.6,70.57,70
2020-11-29,22,MORELOS,917.98,847.41,70.58,0
2020-11-29,23,MORELOS,908.87,840.49,68.38,0
2020-11-29,24,MORELOS,549.13,513.17,35.95,0
2020-11-29,1,MOTUL TIZIMIN,661.72,607.46,59.34,-5.08
2020-11-29,2,MOTUL TIZIMIN,573.23,527.63,45.6,0
2020-11-29,3,MOTUL TIZIMIN,546.35,510.83,35.52,0
2020-11-29,4,MOTUL TIZIMIN,526.19,490.27,35.93,0
2020-11-29,5,MOTUL TIZIMIN,521.04,500.57,20.47,0
2020-11-29,6,MOTUL TIZIMIN,515.65,492.87,22.78,0
2020-11-29,7,MOTUL TIZIMIN,493.68,475.34,18.34,0
2020-11-29,8,MOTUL TIZIMIN,511.12,497.78,14.17,-.84
2020-11-29,9,MOTUL TIZIMIN,501.51,475.05,27.07,-.61
2020-11-29,10,MOTUL TIZIMIN,519.77,487.8,33.46,-1.5
2020-11-29,11,MOTUL TIZIMIN,531.96,505.18,27.71,-.94
2020-11-29,12,MOTUL TIZIMIN,533.55,503.74,30.47,-.66
2020-11-29,13,MOTUL TIZIMIN,549.26,512.8,37.2,-.74
2020-11-29,14,MOTUL TIZIMIN,548.62,510.39,39.6,-1.38
2020-11-29,15,MOTUL TIZIMIN,565.94,517.01,50.34,-1.41
2020-11-29,16,MOTUL TIZIMIN,607.73,519.23,90.27,-1.78
2020-11-29,17,MOTUL TIZIMIN,631.58,536.4,96.5,-1.32
2020-11-29,18,MOTUL TIZIMIN,1015.47,864.44,154.81,-3.79
2020-11-29,19,MOTUL TIZIMIN,993.11,851.19,141.92,0
2020-11-29,20,MOTUL TIZIMIN,1180.58,1030.23,150.35,0
2020-11-29,21,MOTUL TIZIMIN,1094.44,859.6,145.74,89.1
2020-11-29,22,MOTUL TIZIMIN,998.16,847.41,150.76,0
2020-11-29,23,MOTUL TIZIMIN,992.85,840.49,152.36,0
2020-11-29,24,MOTUL TIZIMIN,555.39,513.17,42.22,0
2020-11-29,1,NAVOJOA,458.44,607.46,-105,-44.02
2020-11-29,2,NAVOJOA,426.19,527.63,-101.44,0
2020-11-29,3,NAVOJOA,421.98,510.83,-88.85,0
2020-11-29,4,NAVOJOA,410.26,490.27,-80.01,0
2020-11-29,5,NAVOJOA,416.2,500.57,-84.37,0
2020-11-29,6,NAVOJOA,414.58,492.87,-78.29,0
2020-11-29,7,NAVOJOA,396.43,475.34,-78.91,0
2020-11-29,8,NAVOJOA,338.24,497.78,-50.85,-108.69
2020-11-29,9,NAVOJOA,336.34,475.05,-66.02,-72.69
2020-11-29,10,NAVOJOA,214.96,487.8,-71.04,-201.81
2020-11-29,11,NAVOJOA,309.61,505.18,-68.42,-127.15
2020-11-29,12,NAVOJOA,346.04,503.74,-68.66,-89.04
2020-11-29,13,NAVOJOA,336.81,512.8,-76.13,-99.86
2020-11-29,14,NAVOJOA,247.94,510.39,-78.06,-184.39
2020-11-29,15,NAVOJOA,247.77,517.01,-79.29,-189.95
2020-11-29,16,NAVOJOA,204.08,519.23,-75.24,-239.91
2020-11-29,17,NAVOJOA,277.39,536.4,-80.77,-178.24
2020-11-29,18,NAVOJOA,250.89,864.44,-119.83,-493.72
2020-11-29,19,NAVOJOA,661.83,851.19,-189.36,0
2020-11-29,20,NAVOJOA,848.22,1030.23,-182.01,0
2020-11-29,21,NAVOJOA,688.45,859.6,-182.78,11.63
2020-11-29,22,NAVOJOA,683,847.41,-164.41,0
2020-11-29,23,NAVOJOA,656.8,840.49,-183.69,0
2020-11-29,24,NAVOJOA,424.08,513.17,-89.1,0
2020-11-29,1,NOGALES,433.7,607.46,-116.94,-56.81
2020-11-29,2,NOGALES,418.66,527.63,-108.97,0
2020-11-29,3,NOGALES,415.21,510.83,-95.62,0
2020-11-29,4,NOGALES,404.9,490.27,-85.37,0
2020-11-29,5,NOGALES,407.18,500.57,-93.39,0
2020-11-29,6,NOGALES,409.39,492.87,-83.48,0
2020-11-29,7,NOGALES,393.33,475.34,-82.01,0
2020-11-29,8,NOGALES,353.95,497.78,-51.68,-92.16
2020-11-29,9,NOGALES,339.53,475.05,-74.06,-61.46
2020-11-29,10,NOGALES,239.35,487.8,-77.98,-170.47
2020-11-29,11,NOGALES,320.04,505.18,-77.71,-107.44
2020-11-29,12,NOGALES,363.89,503.74,-64.62,-75.24
2020-11-29,13,NOGALES,356.4,512.8,-72.03,-84.37
2020-11-29,14,NOGALES,291.4,510.39,-63.24,-155.76
2020-11-29,15,NOGALES,291.27,517.01,-65.29,-160.45
2020-11-29,16,NOGALES,255.54,519.23,-61,-202.69
2020-11-29,17,NOGALES,316.53,536.4,-69.3,-150.58
2020-11-29,18,NOGALES,342.78,864.44,-104.61,-417.05
2020-11-29,19,NOGALES,665.5,851.19,-185.69,0
2020-11-29,20,NOGALES,850.77,1030.23,-179.46,0
2020-11-29,21,NOGALES,689.04,859.6,-181.96,11.4
2020-11-29,22,NOGALES,682.79,847.41,-164.62,0
2020-11-29,23,NOGALES,656.73,840.49,-183.76,0
2020-11-29,24,NOGALES,421.4,513.17,-91.78,0
2020-11-29,1,NUEVO LAREDO,411.8,607.46,-91.66,-103.99
2020-11-29,2,NUEVO LAREDO,448.57,527.63,-79.05,0
2020-11-29,3,NUEVO LAREDO,439.35,510.83,-71.47,0
2020-11-29,4,NUEVO LAREDO,425.74,490.27,-64.53,0
2020-11-29,5,NUEVO LAREDO,432.31,500.57,-68.26,0
2020-11-29,6,NUEVO LAREDO,427.51,492.87,-65.36,0
2020-11-29,7,NUEVO LAREDO,413.22,475.34,-62.12,0
2020-11-29,8,NUEVO LAREDO,410.72,497.78,-53.64,-33.43
2020-11-29,9,NUEVO LAREDO,388.66,475.05,-63.47,-22.92
2020-11-29,10,NUEVO LAREDO,365.97,487.8,-58.83,-63.01
2020-11-29,11,NUEVO LAREDO,399.9,505.18,-65.52,-39.76
2020-11-29,12,NUEVO LAREDO,409.51,503.74,-66.39,-27.84
2020-11-29,13,NUEVO LAREDO,415.43,512.8,-66.15,-31.22
2020-11-29,14,NUEVO LAREDO,390.74,510.39,-62.11,-57.54
2020-11-29,15,NUEVO LAREDO,393.23,517.01,-64.52,-59.26
2020-11-29,16,NUEVO LAREDO,380.63,519.23,-63.76,-74.84
2020-11-29,17,NUEVO LAREDO,419.66,536.4,-61.14,-55.61
2020-11-29,18,NUEVO LAREDO,607.43,864.44,-102.99,-154.03
2020-11-29,19,NUEVO LAREDO,734.85,851.19,-116.33,0
2020-11-29,20,NUEVO LAREDO,902.85,1030.23,-127.38,0
2020-11-29,21,NUEVO LAREDO,759.33,859.6,-110.94,10.68
2020-11-29,22,NUEVO LAREDO,740.55,847.41,-106.86,0
2020-11-29,23,NUEVO LAREDO,712.3,840.49,-128.19,0
2020-11-29,24,NUEVO LAREDO,438.12,513.17,-75.06,0
2020-11-29,1,OAXACA,673.58,607.46,71.13,-5.01
2020-11-29,2,OAXACA,586.41,527.63,58.78,0
2020-11-29,3,OAXACA,564.49,510.83,53.66,0
2020-11-29,4,OAXACA,540.2,490.27,49.93,0
2020-11-29,5,OAXACA,548.47,500.57,47.9,0
2020-11-29,6,OAXACA,540.42,492.87,47.55,0
2020-11-29,7,OAXACA,522.66,475.34,47.32,0
2020-11-29,8,OAXACA,541.72,497.78,44.72,-.79
2020-11-29,9,OAXACA,521.88,475.05,47.4,-.57
2020-11-29,10,OAXACA,537.17,487.8,50.78,-1.41
2020-11-29,11,OAXACA,559.43,505.18,55.14,-.89
2020-11-29,12,OAXACA,560.29,503.74,57.17,-.62
2020-11-29,13,OAXACA,572.49,512.8,60.39,-.7
2020-11-29,14,OAXACA,568.71,510.39,59.62,-1.3
2020-11-29,15,OAXACA,575.17,517.01,59.5,-1.34
2020-11-29,16,OAXACA,579.35,519.23,61.81,-1.69
2020-11-29,17,OAXACA,597.27,536.4,62.11,-1.25
2020-11-29,18,OAXACA,959.72,864.44,98.86,-3.59
2020-11-29,19,OAXACA,959.3,851.19,108.11,0
2020-11-29,20,OAXACA,1155.77,1030.23,125.54,0
2020-11-29,21,OAXACA,1057.99,859.6,111.84,86.56
2020-11-29,22,OAXACA,954.43,847.41,107.03,0
2020-11-29,23,OAXACA,937.37,840.49,96.88,0
2020-11-29,24,OAXACA,559.01,513.17,45.84,0
2020-11-29,1,OBREGON,448.85,607.46,-112.95,-45.65
2020-11-29,2,OBREGON,418.33,527.63,-109.3,0
2020-11-29,3,OBREGON,415.07,510.83,-95.75,0
2020-11-29,4,OBREGON,406.95,490.27,-83.32,0
2020-11-29,5,OBREGON,413.15,500.57,-87.42,0
2020-11-29,6,OBREGON,411.97,492.87,-80.9,0
2020-11-29,7,OBREGON,394.68,475.34,-80.65,0
2020-11-29,8,OBREGON,339.16,497.78,-51.28,-107.35
2020-11-29,9,OBREGON,332.71,475.05,-70.94,-71.4
2020-11-29,10,OBREGON,214.8,487.8,-74.64,-198.36
2020-11-29,11,OBREGON,307.82,505.18,-72.38,-124.98
2020-11-29,12,OBREGON,346.7,503.74,-69.52,-87.53
2020-11-29,13,OBREGON,338.64,512.8,-76,-98.15
2020-11-29,14,OBREGON,252.77,510.39,-76.37,-181.25
2020-11-29,15,OBREGON,252.76,517.01,-77.54,-186.72
2020-11-29,16,OBREGON,208.97,519.23,-74.4,-235.86
2020-11-29,17,OBREGON,281.05,536.4,-80.11,-175.25
2020-11-29,18,OBREGON,257.06,864.44,-121.9,-485.48
2020-11-29,19,OBREGON,657.53,851.19,-193.66,0
2020-11-29,20,OBREGON,844.98,1030.23,-185.25,0
2020-11-29,21,OBREGON,683.72,859.6,-187.49,11.61
2020-11-29,22,OBREGON,679.11,847.41,-168.3,0
2020-11-29,23,OBREGON,650.34,840.49,-190.15,0
2020-11-29,24,OBREGON,421.06,513.17,-92.12,0
2020-11-29,1,ORIZABA,645.96,607.46,43.79,-5.29
2020-11-29,2,ORIZABA,563.71,527.63,36.09,0
2020-11-29,3,ORIZABA,543.39,510.83,32.56,0
2020-11-29,4,ORIZABA,520.47,490.27,30.21,0
2020-11-29,5,ORIZABA,529.05,500.57,28.48,0
2020-11-29,6,ORIZABA,520.5,492.87,27.63,0
2020-11-29,7,ORIZABA,505.57,475.34,30.23,0
2020-11-29,8,ORIZABA,524.51,497.78,27.56,-.83
2020-11-29,9,ORIZABA,505.12,475.05,30.68,-.6
2020-11-29,10,ORIZABA,519.95,487.8,33.63,-1.48
2020-11-29,11,ORIZABA,540.48,505.18,36.23,-.93
2020-11-29,12,ORIZABA,540.99,503.74,37.89,-.65
2020-11-29,13,ORIZABA,551.83,512.8,39.77,-.73
2020-11-29,14,ORIZABA,547.91,510.39,38.88,-1.36
2020-11-29,15,ORIZABA,553.85,517.01,38.23,-1.4
2020-11-29,16,ORIZABA,557.72,519.23,40.25,-1.76
2020-11-29,17,ORIZABA,574.78,536.4,39.68,-1.31
2020-11-29,18,ORIZABA,916.09,864.44,55.85,-4.19
2020-11-29,19,ORIZABA,909.1,851.19,57.91,0
2020-11-29,20,ORIZABA,1094.59,1030.23,64.36,0
2020-11-29,21,ORIZABA,1010.01,859.6,61.9,88.51
2020-11-29,22,ORIZABA,908.2,847.41,60.79,0
2020-11-29,23,ORIZABA,895.98,840.49,55.5,0
2020-11-29,24,ORIZABA,538.51,513.17,25.34,0
2020-11-29,1,PIEDRAS NEGRAS,412.55,607.46,-91.08,-103.83
2020-11-29,2,PIEDRAS NEGRAS,448.46,527.63,-79.17,0
2020-11-29,3,PIEDRAS NEGRAS,439.97,510.83,-70.86,0
2020-11-29,4,PIEDRAS NEGRAS,426.51,490.27,-63.75,0
2020-11-29,5,PIEDRAS NEGRAS,433.16,500.57,-67.41,0
2020-11-29,6,PIEDRAS NEGRAS,428.17,492.87,-64.7,0
2020-11-29,7,PIEDRAS NEGRAS,413.91,475.34,-61.43,0
2020-11-29,8,PIEDRAS NEGRAS,410.71,497.78,-52.84,-34.23
2020-11-29,9,PIEDRAS NEGRAS,386.66,475.05,-64.93,-23.46
2020-11-29,10,PIEDRAS NEGRAS,363.7,487.8,-59.59,-64.51
2020-11-29,11,PIEDRAS NEGRAS,398.04,505.18,-66.43,-40.71
2020-11-29,12,PIEDRAS NEGRAS,406.24,503.74,-68.99,-28.51
2020-11-29,13,PIEDRAS NEGRAS,412.08,512.8,-68.75,-31.97
2020-11-29,14,PIEDRAS NEGRAS,385.68,510.39,-65.76,-58.95
2020-11-29,15,PIEDRAS NEGRAS,387.1,517.01,-69.19,-60.73
2020-11-29,16,PIEDRAS NEGRAS,374.03,519.23,-68.49,-76.71
2020-11-29,17,PIEDRAS NEGRAS,413.61,536.4,-65.8,-56.99
2020-11-29,18,PIEDRAS NEGRAS,594.73,864.44,-111.87,-157.85
2020-11-29,19,PIEDRAS NEGRAS,725.39,851.19,-125.8,0
2020-11-29,20,PIEDRAS NEGRAS,897.47,1030.23,-132.76,0
2020-11-29,21,PIEDRAS NEGRAS,758.01,859.6,-112.27,10.68
2020-11-29,22,PIEDRAS NEGRAS,739.77,847.41,-107.64,0
2020-11-29,23,PIEDRAS NEGRAS,714.24,840.49,-126.25,0
2020-11-29,24,PIEDRAS NEGRAS,439.54,513.17,-73.64,0
2020-11-29,1,POZA RICA,602.89,607.46,4.68,-9.24
2020-11-29,2,POZA RICA,531.54,527.63,3.92,0
2020-11-29,3,POZA RICA,514.1,510.83,3.28,0
2020-11-29,4,POZA RICA,493.81,490.27,3.55,0
2020-11-29,5,POZA RICA,504.5,500.57,3.93,0
2020-11-29,6,POZA RICA,496.21,492.87,3.34,0
2020-11-29,7,POZA RICA,478.57,475.34,3.24,0
2020-11-29,8,POZA RICA,496.08,497.78,.75,-2.46
2020-11-29,9,POZA RICA,477.41,475.05,4.06,-1.69
2020-11-29,10,POZA RICA,489.13,487.8,5.83,-4.5
2020-11-29,11,POZA RICA,507.46,505.18,5.11,-2.83
2020-11-29,12,POZA RICA,507.46,503.74,5.71,-1.99
2020-11-29,13,POZA RICA,516.8,512.8,6.23,-2.23
2020-11-29,14,POZA RICA,512.47,510.39,6.21,-4.13
2020-11-29,15,POZA RICA,518.63,517.01,5.87,-4.26
2020-11-29,16,POZA RICA,520.35,519.23,6.48,-5.36
2020-11-29,17,POZA RICA,537.56,536.4,5.13,-3.97
2020-11-29,18,POZA RICA,858.45,864.44,4.85,-10.85
2020-11-29,19,POZA RICA,862.63,851.19,11.44,0
2020-11-29,20,POZA RICA,1041.75,1030.23,11.52,0
2020-11-29,21,POZA RICA,895.44,859.6,12.56,23.28
2020-11-29,22,POZA RICA,858.79,847.41,11.38,0
2020-11-29,23,POZA RICA,845.68,840.49,5.19,0
2020-11-29,24,POZA RICA,515.96,513.17,2.78,0
2020-11-29,1,PUEBLA,642.14,607.46,39.67,-4.98
2020-11-29,2,PUEBLA,560.11,527.63,32.49,0
2020-11-29,3,PUEBLA,540.48,510.83,29.65,0
2020-11-29,4,PUEBLA,517.99,490.27,27.73,0
2020-11-29,5,PUEBLA,527.3,500.57,26.72,0
2020-11-29,6,PUEBLA,518.68,492.87,25.82,0
2020-11-29,7,PUEBLA,501.11,475.34,25.78,0
2020-11-29,8,PUEBLA,520.26,497.78,23.31,-.84
2020-11-29,9,PUEBLA,501.05,475.05,26.61,-.61
2020-11-29,10,PUEBLA,516.09,487.8,29.77,-1.48
2020-11-29,11,PUEBLA,535.99,505.18,31.74,-.93
2020-11-29,12,PUEBLA,535.76,503.74,32.67,-.65
2020-11-29,13,PUEBLA,546.62,512.8,34.55,-.73
2020-11-29,14,PUEBLA,542.86,510.39,33.84,-1.36
2020-11-29,15,PUEBLA,548.98,517.01,33.37,-1.4
2020-11-29,16,PUEBLA,552.58,519.23,35.12,-1.76
2020-11-29,17,PUEBLA,569.62,536.4,34.52,-1.31
2020-11-29,18,PUEBLA,912.67,864.44,51.91,-3.68
2020-11-29,19,PUEBLA,907.51,851.19,56.33,0
2020-11-29,20,PUEBLA,1094.12,1030.23,63.9,0
2020-11-29,21,PUEBLA,1015.93,859.6,59.52,96.81
2020-11-29,22,PUEBLA,905.14,847.41,57.73,0
2020-11-29,23,PUEBLA,893.82,840.49,53.34,0
2020-11-29,24,PUEBLA,539.43,513.17,26.25,0
2020-11-29,1,QUERETARO,613.61,607.46,4.31,1.85
2020-11-29,2,QUERETARO,530.94,527.63,3.31,0
2020-11-29,3,QUERETARO,513.91,510.83,3.09,0
2020-11-29,4,QUERETARO,493.19,490.27,2.93,0
2020-11-29,5,QUERETARO,503.51,500.57,2.93,0
2020-11-29,6,QUERETARO,495.66,492.87,2.79,0
2020-11-29,7,QUERETARO,477.95,475.34,2.61,0
2020-11-29,8,QUERETARO,499.77,497.78,1.85,.14
2020-11-29,9,QUERETARO,474.8,475.05,-.35,.11
2020-11-29,10,QUERETARO,487.38,487.8,-.72,.3
2020-11-29,11,QUERETARO,504.65,505.18,-.72,.19
2020-11-29,12,QUERETARO,503.71,503.74,-.17,.14
2020-11-29,13,QUERETARO,512.91,512.8,-.04,.15
2020-11-29,14,QUERETARO,510.78,510.39,.11,.28
2020-11-29,15,QUERETARO,517.21,517.01,-.09,.28
2020-11-29,16,QUERETARO,519.77,519.23,.18,.35
2020-11-29,17,QUERETARO,537.45,536.4,.78,.26
2020-11-29,18,QUERETARO,868.67,864.44,3.5,.73
2020-11-29,19,QUERETARO,857.91,851.19,6.72,0
2020-11-29,20,QUERETARO,1039.45,1030.23,9.22,0
2020-11-29,21,QUERETARO,871.86,859.6,7.1,5.16
2020-11-29,22,QUERETARO,853.83,847.41,6.42,0
2020-11-29,23,QUERETARO,846.82,840.49,6.33,0
2020-11-29,24,QUERETARO,516.57,513.17,3.39,0
2020-11-29,1,REYNOSA,391.95,607.46,-110.19,-105.32
2020-11-29,2,REYNOSA,432.18,527.63,-95.45,0
2020-11-29,3,REYNOSA,421.36,510.83,-89.46,0
2020-11-29,4,REYNOSA,409.73,490.27,-80.54,0
2020-11-29,5,REYNOSA,416.57,500.57,-84.01,0
2020-11-29,6,REYNOSA,411.27,492.87,-81.6,0
2020-11-29,7,REYNOSA,395.04,475.34,-80.3,0
2020-11-29,8,REYNOSA,396.22,497.78,-72.52,-29.04
2020-11-29,9,REYNOSA,378.58,475.05,-76.49,-19.98
2020-11-29,10,REYNOSA,365.99,487.8,-66.95,-54.86
2020-11-29,11,REYNOSA,396.4,505.18,-74.15,-34.63
2020-11-29,12,REYNOSA,406.82,503.74,-72.67,-24.25
2020-11-29,13,REYNOSA,411.88,512.8,-73.72,-27.2
2020-11-29,14,REYNOSA,392,510.39,-68.24,-50.15
2020-11-29,15,REYNOSA,397.64,517.01,-67.71,-51.67
2020-11-29,16,REYNOSA,387.07,519.23,-66.9,-65.26
2020-11-29,17,REYNOSA,425.44,536.4,-62.47,-48.49
2020-11-29,18,REYNOSA,626.86,864.44,-103.27,-134.31
2020-11-29,19,REYNOSA,731.37,851.19,-119.82,0
2020-11-29,20,REYNOSA,888.3,1030.23,-141.93,0
2020-11-29,21,REYNOSA,746.92,859.6,-123.32,10.64
2020-11-29,22,REYNOSA,723.23,847.41,-124.18,0
2020-11-29,23,REYNOSA,674.86,840.49,-165.63,0
2020-11-29,24,REYNOSA,413.08,513.17,-100.1,0
2020-11-29,1,RIVIERA MAYA,692.72,607.46,90.34,-5.08
2020-11-29,2,RIVIERA MAYA,599.88,527.63,72.25,0
2020-11-29,3,RIVIERA MAYA,572.22,510.83,61.39,0
2020-11-29,4,RIVIERA MAYA,548.27,490.27,58,0
2020-11-29,5,RIVIERA MAYA,546.49,500.57,45.92,0
2020-11-29,6,RIVIERA MAYA,540.68,492.87,47.81,0
2020-11-29,7,RIVIERA MAYA,519.26,475.34,43.92,0
2020-11-29,8,RIVIERA MAYA,538.14,497.78,41.19,-.84
2020-11-29,9,RIVIERA MAYA,523.05,475.05,48.62,-.61
2020-11-29,10,RIVIERA MAYA,540.53,487.8,54.22,-1.5
2020-11-29,11,RIVIERA MAYA,557.14,505.18,52.9,-.94
2020-11-29,12,RIVIERA MAYA,558.58,503.74,55.49,-.66
2020-11-29,13,RIVIERA MAYA,572.12,512.8,60.06,-.74
2020-11-29,14,RIVIERA MAYA,569.53,510.39,60.52,-1.38
2020-11-29,15,RIVIERA MAYA,584.66,517.01,69.06,-1.41
2020-11-29,16,RIVIERA MAYA,618.06,519.23,100.61,-1.78
2020-11-29,17,RIVIERA MAYA,640.71,536.4,105.62,-1.32
2020-11-29,18,RIVIERA MAYA,1031.68,864.44,171.03,-3.79
2020-11-29,19,RIVIERA MAYA,1008.52,851.19,157.34,0
2020-11-29,20,RIVIERA MAYA,1197.1,1030.23,166.87,0
2020-11-29,21,RIVIERA MAYA,1106.39,859.6,157.69,89.1
2020-11-29,22,RIVIERA MAYA,1007.67,847.41,160.26,0
2020-11-29,23,RIVIERA MAYA,1003.23,840.49,162.74,0
2020-11-29,24,RIVIERA MAYA,573.38,513.17,60.2,0
2020-11-29,1,SABINAS,410.64,607.46,-92.29,-104.53
2020-11-29,2,SABINAS,448.42,527.63,-79.21,0
2020-11-29,3,SABINAS,439.36,510.83,-71.47,0
2020-11-29,4,SABINAS,425.85,490.27,-64.42,0
2020-11-29,5,SABINAS,432.62,500.57,-67.95,0
2020-11-29,6,SABINAS,427.61,492.87,-65.26,0
2020-11-29,7,SABINAS,413.07,475.34,-62.27,0
2020-11-29,8,SABINAS,410.33,497.78,-53.9,-33.56
2020-11-29,9,SABINAS,388.47,475.05,-63.57,-23.01
2020-11-29,10,SABINAS,365.29,487.8,-59.24,-63.27
2020-11-29,11,SABINAS,399.23,505.18,-66.02,-39.93
2020-11-29,12,SABINAS,408.71,503.74,-67.07,-27.96
2020-11-29,13,SABINAS,414.52,512.8,-66.92,-31.36
2020-11-29,14,SABINAS,389.56,510.39,-63.01,-57.82
2020-11-29,15,SABINAS,391.91,517.01,-65.54,-59.56
2020-11-29,16,SABINAS,379,519.23,-65,-75.23
2020-11-29,17,SABINAS,418.16,536.4,-62.35,-55.9
2020-11-29,18,SABINAS,604.42,864.44,-105.21,-154.81
2020-11-29,19,SABINAS,732.62,851.19,-118.57,0
2020-11-29,20,SABINAS,899.68,1030.23,-130.55,0
2020-11-29,21,SABINAS,757.03,859.6,-113.25,10.67
2020-11-29,22,SABINAS,738.68,847.41,-108.73,0
2020-11-29,23,SABINAS,710.92,840.49,-129.57,0
2020-11-29,24,SABINAS,437.16,513.17,-76.02,0
2020-11-29,1,SALTILLO,417.41,607.46,-74.29,-115.76
2020-11-29,2,SALTILLO,465.8,527.63,-61.83,0
2020-11-29,3,SALTILLO,455.94,510.83,-54.89,0
2020-11-29,4,SALTILLO,441.15,490.27,-49.12,0
2020-11-29,5,SALTILLO,448.69,500.57,-51.88,0
2020-11-29,6,SALTILLO,443.1,492.87,-49.77,0
2020-11-29,7,SALTILLO,426.3,475.34,-49.04,0
2020-11-29,8,SALTILLO,425.4,497.78,-41.93,-30.45
2020-11-29,9,SALTILLO,403.45,475.05,-50.62,-20.98
2020-11-29,10,SALTILLO,382.85,487.8,-47.35,-57.6
2020-11-29,11,SALTILLO,416.41,505.18,-52.42,-36.35
2020-11-29,12,SALTILLO,426.07,503.74,-52.23,-25.44
2020-11-29,13,SALTILLO,431.92,512.8,-52.36,-28.51
2020-11-29,14,SALTILLO,408.98,510.39,-48.81,-52.6
2020-11-29,15,SALTILLO,413.4,517.01,-49.43,-54.18
2020-11-29,16,SALTILLO,402.15,519.23,-48.62,-68.46
2020-11-29,17,SALTILLO,440.18,536.4,-45.39,-50.83
2020-11-29,18,SALTILLO,648.93,864.44,-74.72,-140.8
2020-11-29,19,SALTILLO,763.02,851.19,-88.17,0
2020-11-29,20,SALTILLO,929.53,1030.23,-100.7,0
2020-11-29,21,SALTILLO,781.64,859.6,-88.54,10.59
2020-11-29,22,SALTILLO,762.36,847.41,-85.05,0
2020-11-29,23,SALTILLO,735.04,840.49,-105.45,0
2020-11-29,24,SALTILLO,452.24,513.17,-60.94,0
2020-11-29,1,SALVATIERRA,624.69,607.46,13.43,3.8
2020-11-29,2,SALVATIERRA,538.44,527.63,10.82,0
2020-11-29,3,SALVATIERRA,520.74,510.83,9.92,0
2020-11-29,4,SALVATIERRA,498.94,490.27,8.67,0
2020-11-29,5,SALVATIERRA,508.08,500.57,7.51,0
2020-11-29,6,SALVATIERRA,500.92,492.87,8.05,0
2020-11-29,7,SALVATIERRA,482.97,475.34,7.63,0
2020-11-29,8,SALVATIERRA,510.23,497.78,10.57,1.88
2020-11-29,9,SALVATIERRA,486.38,475.05,10.06,1.27
2020-11-29,10,SALVATIERRA,502.79,487.8,11.61,3.37
2020-11-29,11,SALVATIERRA,519.73,505.18,12.45,2.1
2020-11-29,12,SALVATIERRA,517.58,503.74,12.36,1.48
2020-11-29,13,SALVATIERRA,527.21,512.8,12.76,1.65
2020-11-29,14,SALVATIERRA,526.8,510.39,13.34,3.07
2020-11-29,15,SALVATIERRA,533.1,517.01,12.92,3.17
2020-11-29,16,SALVATIERRA,536.46,519.23,13.22,4.01
2020-11-29,17,SALVATIERRA,553.55,536.4,14.16,2.99
2020-11-29,18,SALVATIERRA,898.17,864.44,25.4,8.33
2020-11-29,19,SALVATIERRA,874.49,851.19,23.31,0
2020-11-29,20,SALVATIERRA,1062.27,1030.23,32.04,0
2020-11-29,21,SALVATIERRA,894.15,859.6,25.26,9.29
2020-11-29,22,SALVATIERRA,871.62,847.41,24.21,0
2020-11-29,23,SALVATIERRA,864.51,840.49,24.02,0
2020-11-29,24,SALVATIERRA,524.7,513.17,11.52,0
2020-11-29,1,SAN CRISTOBAL,698.25,607.46,95.87,-5.08
2020-11-29,2,SAN CRISTOBAL,606.73,527.63,79.1,0
2020-11-29,3,SAN CRISTOBAL,583.69,510.83,72.86,0
2020-11-29,4,SAN CRISTOBAL,557.64,490.27,67.38,0
2020-11-29,5,SAN CRISTOBAL,562.97,500.57,62.4,0
2020-11-29,6,SAN CRISTOBAL,555.61,492.87,62.74,0
2020-11-29,7,SAN CRISTOBAL,535.75,475.34,60.42,0
2020-11-29,8,SAN CRISTOBAL,551.36,497.78,54.42,-.84
2020-11-29,9,SAN CRISTOBAL,529.73,475.05,55.29,-.61
2020-11-29,10,SAN CRISTOBAL,542.52,487.8,56.22,-1.49
2020-11-29,11,SAN CRISTOBAL,563.53,505.18,59.29,-.94
2020-11-29,12,SAN CRISTOBAL,564.11,503.74,61.02,-.66
2020-11-29,13,SAN CRISTOBAL,576.56,512.8,64.5,-.74
2020-11-29,14,SAN CRISTOBAL,572.14,510.39,63.13,-1.37
2020-11-29,15,SAN CRISTOBAL,579.18,517.01,63.58,-1.41
2020-11-29,16,SAN CRISTOBAL,587.76,519.23,70.3,-1.78
2020-11-29,17,SAN CRISTOBAL,607.87,536.4,72.78,-1.32
2020-11-29,18,SAN CRISTOBAL,989.58,864.44,128.93,-3.79
2020-11-29,19,SAN CRISTOBAL,984.72,851.19,133.53,0
2020-11-29,20,SAN CRISTOBAL,1179.74,1030.23,149.51,0
2020-11-29,21,SAN CRISTOBAL,1090.45,859.6,141.76,89.1
2020-11-29,22,SAN CRISTOBAL,986.58,847.41,139.17,0
2020-11-29,23,SAN CRISTOBAL,972.78,840.49,132.29,0
2020-11-29,24,SAN CRISTOBAL,574.91,513.17,61.74,0
2020-11-29,1,SAN JUAN DEL RIO,625.99,607.46,18.55,-.02
2020-11-29,2,SAN JUAN DEL RIO,543.31,527.63,15.68,0
2020-11-29,3,SAN JUAN DEL RIO,525.46,510.83,14.63,0
2020-11-29,4,SAN JUAN DEL RIO,504.61,490.27,14.34,0
2020-11-29,5,SAN JUAN DEL RIO,514.93,500.57,14.36,0
2020-11-29,6,SAN JUAN DEL RIO,506.73,492.87,13.87,0
2020-11-29,7,SAN JUAN DEL RIO,489.67,475.34,14.33,0
2020-11-29,8,SAN JUAN DEL RIO,510.87,497.78,13.13,-.03
2020-11-29,9,SAN JUAN DEL RIO,487.83,475.05,12.8,-.02
2020-11-29,10,SAN JUAN DEL RIO,501.2,487.8,13.4,0
2020-11-29,11,SAN JUAN DEL RIO,518.99,505.18,13.8,0
2020-11-29,12,SAN JUAN DEL RIO,517.2,503.74,13.47,-.01
2020-11-29,13,SAN JUAN DEL RIO,526.95,512.8,14.17,-.02
2020-11-29,14,SAN JUAN DEL RIO,524.53,510.39,14.17,-.03
2020-11-29,15,SAN JUAN DEL RIO,531.71,517.01,14.69,.01
2020-11-29,16,SAN JUAN DEL RIO,534.8,519.23,15.57,0
2020-11-29,17,SAN JUAN DEL RIO,552.42,536.4,16.02,0
2020-11-29,18,SAN JUAN DEL RIO,880.82,864.44,16.41,-.03
2020-11-29,19,SAN JUAN DEL RIO,872.35,851.19,21.17,0
2020-11-29,20,SAN JUAN DEL RIO,1055.13,1030.23,24.9,0
2020-11-29,21,SAN JUAN DEL RIO,887.98,859.6,21.59,6.79
2020-11-29,22,SAN JUAN DEL RIO,867.22,847.41,19.81,0
2020-11-29,23,SAN JUAN DEL RIO,867.27,840.49,26.78,0
2020-11-29,24,SAN JUAN DEL RIO,528.59,513.17,15.42,0
2020-11-29,1,SAN LUIS POTOSI,599.99,607.46,-15.89,8.42
2020-11-29,2,SAN LUIS POTOSI,514.43,527.63,-13.2,0
2020-11-29,3,SAN LUIS POTOSI,499.38,510.83,-11.45,0
2020-11-29,4,SAN LUIS POTOSI,479.81,490.27,-10.46,0
2020-11-29,5,SAN LUIS POTOSI,489.77,500.57,-10.8,0
2020-11-29,6,SAN LUIS POTOSI,482.94,492.87,-9.93,0
2020-11-29,7,SAN LUIS POTOSI,464.81,475.34,-10.53,0
2020-11-29,8,SAN LUIS POTOSI,487.96,497.78,-9.42,-.4
2020-11-29,9,SAN LUIS POTOSI,459.78,475.05,-15.09,-.18
2020-11-29,10,SAN LUIS POTOSI,469.8,487.8,-17.43,-.57
2020-11-29,11,SAN LUIS POTOSI,486.39,505.18,-18.43,-.37
2020-11-29,12,SAN LUIS POTOSI,484.93,503.74,-18.55,-.26
2020-11-29,13,SAN LUIS POTOSI,492.26,512.8,-20.25,-.29
2020-11-29,14,SAN LUIS POTOSI,490.02,510.39,-19.84,-.52
2020-11-29,15,SAN LUIS POTOSI,496.78,517.01,-19.7,-.53
2020-11-29,16,SAN LUIS POTOSI,498.53,519.23,-20.02,-.69
2020-11-29,17,SAN LUIS POTOSI,517.52,536.4,-18.37,-.51
2020-11-29,18,SAN LUIS POTOSI,842.44,864.44,-20.61,-1.39
2020-11-29,19,SAN LUIS POTOSI,827.12,851.19,-24.07,0
2020-11-29,20,SAN LUIS POTOSI,1004.48,1030.23,-25.75,0
2020-11-29,21,SAN LUIS POTOSI,843.4,859.6,-25.01,8.81
2020-11-29,22,SAN LUIS POTOSI,824.56,847.41,-22.85,0
2020-11-29,23,SAN LUIS POTOSI,816.98,840.49,-23.51,0
2020-11-29,24,SAN LUIS POTOSI,500.89,513.17,-12.29,0
2020-11-29,1,SAN MARTIN,639.15,607.46,36.59,-4.9
2020-11-29,2,SAN MARTIN,557.72,527.63,30.1,0
2020-11-29,3,SAN MARTIN,538.33,510.83,27.5,0
2020-11-29,4,SAN MARTIN,515.81,490.27,25.55,0
2020-11-29,5,SAN MARTIN,525.71,500.57,25.13,0
2020-11-29,6,SAN MARTIN,517.04,492.87,24.17,0
2020-11-29,7,SAN MARTIN,499.58,475.34,24.24,0
2020-11-29,8,SAN MARTIN,519.18,497.78,22.21,-.82
2020-11-29,9,SAN MARTIN,499.9,475.05,25.45,-.59
2020-11-29,10,SAN MARTIN,514.84,487.8,28.49,-1.45
2020-11-29,11,SAN MARTIN,534.43,505.18,30.16,-.91
2020-11-29,12,SAN MARTIN,533.99,503.74,30.88,-.64
2020-11-29,13,SAN MARTIN,544.72,512.8,32.64,-.72
2020-11-29,14,SAN MARTIN,541.18,510.39,32.12,-1.33
2020-11-29,15,SAN MARTIN,547.26,517.01,31.62,-1.37
2020-11-29,16,SAN MARTIN,550.63,519.23,33.12,-1.72
2020-11-29,17,SAN MARTIN,567.67,536.4,32.55,-1.28
2020-11-29,18,SAN MARTIN,910.03,864.44,49.18,-3.59
2020-11-29,19,SAN MARTIN,904.47,851.19,53.28,0
2020-11-29,20,SAN MARTIN,1090.74,1030.23,60.51,0
2020-11-29,21,SAN MARTIN,1018.92,859.6,55.76,103.57
2020-11-29,22,SAN MARTIN,901.63,847.41,54.22,0
2020-11-29,23,SAN MARTIN,890.81,840.49,50.32,0
2020-11-29,24,SAN MARTIN,538.57,513.17,25.4,0
2020-11-29,1,TAMPICO,548.94,607.46,-40.59,-17.92
2020-11-29,2,TAMPICO,495.25,527.63,-32.38,0
2020-11-29,3,TAMPICO,480.8,510.83,-30.03,0
2020-11-29,4,TAMPICO,463.03,490.27,-27.23,0
2020-11-29,5,TAMPICO,475.02,500.57,-25.56,0
2020-11-29,6,TAMPICO,467.8,492.87,-25.07,0
2020-11-29,7,TAMPICO,450.99,475.34,-24.35,0
2020-11-29,8,TAMPICO,466.74,497.78,-25.44,-5.61
2020-11-29,9,TAMPICO,448.66,475.05,-22.54,-3.85
2020-11-29,10,TAMPICO,452.35,487.8,-24.93,-10.52
2020-11-29,11,TAMPICO,471.7,505.18,-26.86,-6.62
2020-11-29,12,TAMPICO,471.5,503.74,-27.59,-4.65
2020-11-29,13,TAMPICO,478.03,512.8,-29.57,-5.2
2020-11-29,14,TAMPICO,472.14,510.39,-28.61,-9.63
2020-11-29,15,TAMPICO,479.57,517.01,-27.49,-9.95
2020-11-29,16,TAMPICO,477.65,519.23,-29,-12.58
2020-11-29,17,TAMPICO,496.16,536.4,-30.91,-9.33
2020-11-29,18,TAMPICO,781.3,864.44,-57.38,-25.77
2020-11-29,19,TAMPICO,794.34,851.19,-56.84,0
2020-11-29,20,TAMPICO,961.82,1030.23,-68.41,0
2020-11-29,21,TAMPICO,815.2,859.6,-57.34,12.94
2020-11-29,22,TAMPICO,791.19,847.41,-56.22,0
2020-11-29,23,TAMPICO,778.85,840.49,-61.64,0
2020-11-29,24,TAMPICO,482.46,513.17,-30.71,0
2020-11-29,1,TAPACHULA,678.89,607.46,76.51,-5.07
2020-11-29,2,TAPACHULA,591.1,527.63,63.48,0
2020-11-29,3,TAPACHULA,568.3,510.83,57.48,0
2020-11-29,4,TAPACHULA,542.85,490.27,52.58,0
2020-11-29,5,TAPACHULA,546.13,500.57,45.55,0
2020-11-29,6,TAPACHULA,538.56,492.87,45.69,0
2020-11-29,7,TAPACHULA,520.61,475.34,45.27,0
2020-11-29,8,TAPACHULA,538.07,497.78,41.12,-.84
2020-11-29,9,TAPACHULA,518.45,475.05,44.02,-.61
2020-11-29,10,TAPACHULA,531.81,487.8,45.5,-1.49
2020-11-29,11,TAPACHULA,552.75,505.18,48.51,-.94
2020-11-29,12,TAPACHULA,553.9,503.74,50.82,-.66
2020-11-29,13,TAPACHULA,565.6,512.8,53.54,-.74
2020-11-29,14,TAPACHULA,560.79,510.39,51.78,-1.37
2020-11-29,15,TAPACHULA,568.11,517.01,52.51,-1.41
2020-11-29,16,TAPACHULA,575.95,519.23,58.5,-1.78
2020-11-29,17,TAPACHULA,594.36,536.4,59.27,-1.32
2020-11-29,18,TAPACHULA,956.35,864.44,95.7,-3.78
2020-11-29,19,TAPACHULA,938.81,851.19,87.63,0
2020-11-29,20,TAPACHULA,1124.8,1030.23,94.57,0
2020-11-29,21,TAPACHULA,1045.82,859.6,97.15,89.07
2020-11-29,22,TAPACHULA,947.94,847.41,100.54,0
2020-11-29,23,TAPACHULA,937.65,840.49,97.16,0
2020-11-29,24,TAPACHULA,555.81,513.17,42.63,0
2020-11-29,1,TECAMACHALCO,642.74,607.46,40.5,-5.22
2020-11-29,2,TECAMACHALCO,560.96,527.63,33.33,0
2020-11-29,3,TECAMACHALCO,540.93,510.83,30.1,0
2020-11-29,4,TECAMACHALCO,518.31,490.27,28.05,0
2020-11-29,5,TECAMACHALCO,527.71,500.57,27.14,0
2020-11-29,6,TECAMACHALCO,519.56,492.87,26.69,0
2020-11-29,7,TECAMACHALCO,502.03,475.34,26.69,0
2020-11-29,8,TECAMACHALCO,521.11,497.78,24.23,-.9
2020-11-29,9,TECAMACHALCO,502.39,475.05,28,-.65
2020-11-29,10,TECAMACHALCO,517.64,487.8,31.44,-1.6
2020-11-29,11,TECAMACHALCO,537.59,505.18,33.41,-1.01
2020-11-29,12,TECAMACHALCO,537.41,503.74,34.37,-.71
2020-11-29,13,TECAMACHALCO,547.99,512.8,35.99,-.8
2020-11-29,14,TECAMACHALCO,544.22,510.39,35.33,-1.49
2020-11-29,15,TECAMACHALCO,550.1,517.01,34.62,-1.54
2020-11-29,16,TECAMACHALCO,553.54,519.23,36.25,-1.93
2020-11-29,17,TECAMACHALCO,570.5,536.4,35.54,-1.45
2020-11-29,18,TECAMACHALCO,913.33,864.44,53.02,-4.12
2020-11-29,19,TECAMACHALCO,911.15,851.19,59.96,0
2020-11-29,20,TECAMACHALCO,1099.33,1030.23,69.1,0
2020-11-29,21,TECAMACHALCO,1010.55,859.6,63.96,87
2020-11-29,22,TECAMACHALCO,908.92,847.41,61.51,0
2020-11-29,23,TECAMACHALCO,895.16,840.49,54.67,0
2020-11-29,24,TECAMACHALCO,539.47,513.17,26.3,0
2020-11-29,1,TEHUACAN,661.72,607.46,59.44,-5.18
2020-11-29,2,TEHUACAN,576.88,527.63,49.25,0
2020-11-29,3,TEHUACAN,556.09,510.83,45.27,0
2020-11-29,4,TEHUACAN,532.69,490.27,42.43,0
2020-11-29,5,TEHUACAN,541.69,500.57,41.12,0
2020-11-29,6,TEHUACAN,533.02,492.87,40.16,0
2020-11-29,7,TEHUACAN,517.29,475.34,41.96,0
2020-11-29,8,TEHUACAN,536.37,497.78,39.41,-.83
2020-11-29,9,TEHUACAN,516.3,475.05,41.85,-.6
2020-11-29,10,TEHUACAN,531.86,487.8,45.53,-1.47
2020-11-29,11,TEHUACAN,553.26,505.18,49,-.92
2020-11-29,12,TEHUACAN,553.15,503.74,50.05,-.65
2020-11-29,13,TEHUACAN,564.38,512.8,52.31,-.73
2020-11-29,14,TEHUACAN,560.19,510.39,51.15,-1.35
2020-11-29,15,TEHUACAN,566.18,517.01,50.56,-1.39
2020-11-29,16,TEHUACAN,569.38,519.23,51.9,-1.75
2020-11-29,17,TEHUACAN,585.86,536.4,50.75,-1.3
2020-11-29,18,TEHUACAN,934.26,864.44,73.82,-4
2020-11-29,19,TEHUACAN,931.47,851.19,80.29,0
2020-11-29,20,TEHUACAN,1124.47,1030.23,94.24,0
2020-11-29,21,TEHUACAN,1037.44,859.6,86.73,91.12
2020-11-29,22,TEHUACAN,931.87,847.41,84.46,0
2020-11-29,23,TEHUACAN,917.21,840.49,76.73,0
2020-11-29,24,TEHUACAN,550.95,513.17,37.78,0
2020-11-29,1,TEHUANTEPEC,673.2,607.46,70.8,-5.05
2020-11-29,2,TEHUANTEPEC,587.86,527.63,60.24,0
2020-11-29,3,TEHUANTEPEC,566.37,510.83,55.55,0
2020-11-29,4,TEHUANTEPEC,542.03,490.27,51.77,0
2020-11-29,5,TEHUANTEPEC,549.02,500.57,48.44,0
2020-11-29,6,TEHUANTEPEC,540.02,492.87,47.16,0
2020-11-29,7,TEHUANTEPEC,520.37,475.34,45.03,0
2020-11-29,8,TEHUANTEPEC,537.56,497.78,40.6,-.82
2020-11-29,9,TEHUANTEPEC,516.68,475.05,42.23,-.6
2020-11-29,10,TEHUANTEPEC,530.58,487.8,44.24,-1.46
2020-11-29,11,TEHUANTEPEC,555.97,505.18,51.71,-.92
2020-11-29,12,TEHUANTEPEC,560.45,503.74,57.35,-.65
2020-11-29,13,TEHUANTEPEC,571.99,512.8,59.92,-.72
2020-11-29,14,TEHUANTEPEC,567.54,510.39,58.5,-1.35
2020-11-29,15,TEHUANTEPEC,570.27,517.01,54.64,-1.38
2020-11-29,16,TEHUANTEPEC,569.64,519.23,52.15,-1.74
2020-11-29,17,TEHUANTEPEC,587.51,536.4,52.4,-1.29
2020-11-29,18,TEHUANTEPEC,949.38,864.44,88.64,-3.71
2020-11-29,19,TEHUANTEPEC,945.83,851.19,94.65,0
2020-11-29,20,TEHUANTEPEC,1132.55,1030.23,102.32,0
2020-11-29,21,TEHUANTEPEC,1040.58,859.6,92.37,88.62
2020-11-29,22,TEHUANTEPEC,932.26,847.41,84.86,0
2020-11-29,23,TEHUANTEPEC,910.01,840.49,69.52,0
2020-11-29,24,TEHUANTEPEC,539.53,513.17,26.36,0
2020-11-29,1,TEPIC VALLARTA,612.8,607.46,12.7,-7.35
2020-11-29,2,TEPIC VALLARTA,535.73,527.63,8.1,0
2020-11-29,3,TEPIC VALLARTA,519.36,510.83,8.53,0
2020-11-29,4,TEPIC VALLARTA,495.27,490.27,5.01,0
2020-11-29,5,TEPIC VALLARTA,500.28,500.57,-.29,0
2020-11-29,6,TEPIC VALLARTA,493.33,492.87,.46,0
2020-11-29,7,TEPIC VALLARTA,474.17,475.34,-1.16,0
2020-11-29,8,TEPIC VALLARTA,534.54,497.78,10.72,26.03
2020-11-29,9,TEPIC VALLARTA,498.65,475.05,6.78,16.82
2020-11-29,10,TEPIC VALLARTA,541.8,487.8,8.12,45.89
2020-11-29,11,TEPIC VALLARTA,542.95,505.18,8.89,28.88
2020-11-29,12,TEPIC VALLARTA,533.25,503.74,9.3,20.21
2020-11-29,13,TEPIC VALLARTA,546.34,512.8,10.64,22.9
2020-11-29,14,TEPIC VALLARTA,564.4,510.39,11.72,42.3
2020-11-29,15,TEPIC VALLARTA,572.36,517.01,11.76,43.58
2020-11-29,16,TEPIC VALLARTA,586.04,519.23,12.35,54.46
2020-11-29,17,TEPIC VALLARTA,591.85,536.4,15.01,40.44
2020-11-29,18,TEPIC VALLARTA,1002.6,864.44,26.17,112
2020-11-29,19,TEPIC VALLARTA,836.53,851.19,-14.66,0
2020-11-29,20,TEPIC VALLARTA,1020.46,1030.23,-9.77,0
2020-11-29,21,TEPIC VALLARTA,857.88,859.6,-14.59,12.88
2020-11-29,22,TEPIC VALLARTA,838.01,847.41,-9.4,0
2020-11-29,23,TEPIC VALLARTA,852.01,840.49,11.52,0
2020-11-29,24,TEPIC VALLARTA,516.19,513.17,3.02,0
2020-11-29,1,TEZIUTLAN,616.88,607.46,16.79,-7.36
2020-11-29,2,TEZIUTLAN,541.32,527.63,13.69,0
2020-11-29,3,TEZIUTLAN,523,510.83,12.17,0
2020-11-29,4,TEZIUTLAN,502.1,490.27,11.84,0
2020-11-29,5,TEZIUTLAN,512.76,500.57,12.19,0
2020-11-29,6,TEZIUTLAN,504.37,492.87,11.51,0
2020-11-29,7,TEZIUTLAN,485.42,475.34,10.08,0
2020-11-29,8,TEZIUTLAN,503.72,497.78,7.71,-1.77
2020-11-29,9,TEZIUTLAN,483.73,475.05,9.92,-1.23
2020-11-29,10,TEZIUTLAN,497.59,487.8,13.02,-3.23
2020-11-29,11,TEZIUTLAN,515.33,505.18,12.18,-2.03
2020-11-29,12,TEZIUTLAN,516.26,503.74,13.94,-1.42
2020-11-29,13,TEZIUTLAN,526.37,512.8,15.17,-1.6
2020-11-29,14,TEZIUTLAN,522.71,510.39,15.28,-2.96
2020-11-29,15,TEZIUTLAN,528.97,517.01,15.01,-3.05
2020-11-29,16,TEZIUTLAN,531.51,519.23,16.12,-3.84
2020-11-29,17,TEZIUTLAN,548.35,536.4,14.8,-2.85
2020-11-29,18,TEZIUTLAN,876.13,864.44,19.46,-7.78
2020-11-29,19,TEZIUTLAN,881.36,851.19,30.18,0
2020-11-29,20,TEZIUTLAN,1065.39,1030.23,35.16,0
2020-11-29,21,TEZIUTLAN,937.38,859.6,32.67,45.11
2020-11-29,22,TEZIUTLAN,877.37,847.41,29.96,0
2020-11-29,23,TEZIUTLAN,860.67,840.49,20.18,0
2020-11-29,24,TEZIUTLAN,525.28,513.17,12.11,0
2020-11-29,1,TICUL,689.84,607.46,87.46,-5.08
2020-11-29,2,TICUL,597.39,527.63,69.76,0
2020-11-29,3,TICUL,569.79,510.83,58.96,0
2020-11-29,4,TICUL,544.7,490.27,54.43,0
2020-11-29,5,TICUL,544.45,500.57,43.88,0
2020-11-29,6,TICUL,537.41,492.87,44.54,0
2020-11-29,7,TICUL,515.85,475.34,40.51,0
2020-11-29,8,TICUL,532.48,497.78,35.53,-.84
2020-11-29,9,TICUL,515.71,475.05,41.28,-.61
2020-11-29,10,TICUL,531.68,487.8,45.38,-1.5
2020-11-29,11,TICUL,550.67,505.18,46.43,-.94
2020-11-29,12,TICUL,551.91,503.74,48.82,-.66
2020-11-29,13,TICUL,565.04,512.8,52.98,-.74
2020-11-29,14,TICUL,562.06,510.39,53.05,-1.38
2020-11-29,15,TICUL,575.12,517.01,59.52,-1.41
2020-11-29,16,TICUL,601.51,519.23,84.06,-1.78
2020-11-29,17,TICUL,625.44,536.4,90.36,-1.32
2020-11-29,18,TICUL,1012.67,864.44,152.02,-3.79
2020-11-29,19,TICUL,993.97,851.19,142.78,0
2020-11-29,20,TICUL,1183.86,1030.23,153.63,0
2020-11-29,21,TICUL,1095.26,859.6,146.56,89.1
2020-11-29,22,TICUL,997.12,847.41,149.71,0
2020-11-29,23,TICUL,991.21,840.49,150.72,0
2020-11-29,24,TICUL,572.3,513.17,59.13,0
2020-11-29,1,TLAXCALA,636.2,607.46,33.98,-5.23
2020-11-29,2,TLAXCALA,555.57,527.63,27.95,0
2020-11-29,3,TLAXCALA,536.22,510.83,25.39,0
2020-11-29,4,TLAXCALA,514.1,490.27,23.83,0
2020-11-29,5,TLAXCALA,524.28,500.57,23.7,0
2020-11-29,6,TLAXCALA,516.32,492.87,23.45,0
2020-11-29,7,TLAXCALA,497.91,475.34,22.57,0
2020-11-29,8,TLAXCALA,517.03,497.78,20.21,-.96
2020-11-29,9,TLAXCALA,496.5,475.05,22.15,-.7
2020-11-29,10,TLAXCALA,511.41,487.8,25.34,-1.73
2020-11-29,11,TLAXCALA,530.43,505.18,26.34,-1.09
2020-11-29,12,TLAXCALA,530.04,503.74,27.06,-.76
2020-11-29,13,TLAXCALA,540.64,512.8,28.69,-.86
2020-11-29,14,TLAXCALA,537.11,510.39,28.31,-1.59
2020-11-29,15,TLAXCALA,543.11,517.01,27.73,-1.63
2020-11-29,16,TLAXCALA,546.37,519.23,29.19,-2.05
2020-11-29,17,TLAXCALA,564.35,536.4,29.46,-1.52
2020-11-29,18,TLAXCALA,904.97,864.44,44.74,-4.22
2020-11-29,19,TLAXCALA,903.27,851.19,52.08,0
2020-11-29,20,TLAXCALA,1090.18,1030.23,59.95,0
2020-11-29,21,TLAXCALA,999.27,859.6,54.82,84.85
2020-11-29,22,TLAXCALA,900.1,847.41,52.69,0
2020-11-29,23,TLAXCALA,886.78,840.49,46.29,0
2020-11-29,24,TLAXCALA,537.58,513.17,24.41,0
2020-11-29,1,TUXTLA,670.89,607.46,68.51,-5.08
2020-11-29,2,TUXTLA,583.87,527.63,56.24,0
2020-11-29,3,TUXTLA,561.41,510.83,50.58,0
2020-11-29,4,TUXTLA,536.61,490.27,46.34,0
2020-11-29,5,TUXTLA,541.77,500.57,41.2,0
2020-11-29,6,TUXTLA,533.7,492.87,40.83,0
2020-11-29,7,TUXTLA,514.88,475.34,39.54,0
2020-11-29,8,TUXTLA,532.28,497.78,35.34,-.84
2020-11-29,9,TUXTLA,513.03,475.05,38.59,-.61
2020-11-29,10,TUXTLA,526.49,487.8,40.19,-1.49
2020-11-29,11,TUXTLA,547.26,505.18,43.01,-.94
2020-11-29,12,TUXTLA,548.09,503.74,45.01,-.66
2020-11-29,13,TUXTLA,559.9,512.8,47.84,-.74
2020-11-29,14,TUXTLA,555.27,510.39,46.25,-1.37
2020-11-29,15,TUXTLA,562.52,517.01,46.92,-1.41
2020-11-29,16,TUXTLA,570.53,519.23,53.07,-1.78
2020-11-29,17,TUXTLA,588.77,536.4,53.69,-1.32
2020-11-29,18,TUXTLA,945.71,864.44,85.05,-3.78
2020-11-29,19,TUXTLA,925.63,851.19,74.44,0
2020-11-29,20,TUXTLA,1108.01,1030.23,77.78,0
2020-11-29,21,TUXTLA,1033.55,859.6,84.87,89.08
2020-11-29,22,TUXTLA,935.75,847.41,88.34,0
2020-11-29,23,TUXTLA,927.29,840.49,86.8,0
2020-11-29,24,TUXTLA,550.19,513.17,37.01,0
2020-11-29,1,URUAPAN,634.9,607.46,23.05,4.39
2020-11-29,2,URUAPAN,546.89,527.63,19.26,0
2020-11-29,3,URUAPAN,528.51,510.83,17.68,0
2020-11-29,4,URUAPAN,505.66,490.27,15.39,0
2020-11-29,5,URUAPAN,513.11,500.57,12.54,0
2020-11-29,6,URUAPAN,505.81,492.87,12.94,0
2020-11-29,7,URUAPAN,486.32,475.34,10.98,0
2020-11-29,8,URUAPAN,519.17,497.78,16.49,4.9
2020-11-29,9,URUAPAN,494.25,475.05,15.96,3.24
2020-11-29,10,URUAPAN,515.39,487.8,18.99,8.6
2020-11-29,11,URUAPAN,530.9,505.18,20.32,5.41
2020-11-29,12,URUAPAN,527.45,503.74,19.92,3.78
2020-11-29,13,URUAPAN,538.15,512.8,21.11,4.24
2020-11-29,14,URUAPAN,540.45,510.39,22.23,7.84
2020-11-29,15,URUAPAN,546.56,517.01,21.48,8.07
2020-11-29,16,URUAPAN,551.6,519.23,22.17,10.2
2020-11-29,17,URUAPAN,566.21,536.4,22.25,7.55
2020-11-29,18,URUAPAN,925.94,864.44,40.57,20.93
2020-11-29,19,URUAPAN,884.76,851.19,33.58,0
2020-11-29,20,URUAPAN,1074.46,1030.23,44.23,0
2020-11-29,21,URUAPAN,908.09,859.6,34.8,13.7
2020-11-29,22,URUAPAN,882.33,847.41,34.92,0
2020-11-29,23,URUAPAN,879.55,840.49,39.06,0
2020-11-29,24,URUAPAN,531.37,513.17,18.2,0
2020-11-29,1,VDM CENTRO,639.47,607.46,36.05,-4.04
2020-11-29,2,VDM CENTRO,557.52,527.63,29.89,0
2020-11-29,3,VDM CENTRO,538.03,510.83,27.2,0
2020-11-29,4,VDM CENTRO,515.81,490.27,25.54,0
2020-11-29,5,VDM CENTRO,526.11,500.57,25.54,0
2020-11-29,6,VDM CENTRO,517.53,492.87,24.66,0
2020-11-29,7,VDM CENTRO,500.17,475.34,24.83,0
2020-11-29,8,VDM CENTRO,520.9,497.78,23.61,-.5
2020-11-29,9,VDM CENTRO,501.16,475.05,26.49,-.38
2020-11-29,10,VDM CENTRO,516.84,487.8,29.86,-.83
2020-11-29,11,VDM CENTRO,536.34,505.18,31.67,-.52
2020-11-29,12,VDM CENTRO,535.71,503.74,32.33,-.36
2020-11-29,13,VDM CENTRO,546.41,512.8,34.02,-.41
2020-11-29,14,VDM CENTRO,543.58,510.39,33.95,-.76
2020-11-29,15,VDM CENTRO,549.58,517.01,33.35,-.78
2020-11-29,16,VDM CENTRO,552.89,519.23,34.64,-.98
2020-11-29,17,VDM CENTRO,569.8,536.41,34.12,-.73
2020-11-29,18,VDM CENTRO,914.72,864.44,52.27,-1.99
2020-11-29,19,VDM CENTRO,907.06,851.19,55.88,0
2020-11-29,20,VDM CENTRO,1096.84,1030.23,66.61,0
2020-11-29,21,VDM CENTRO,978.84,859.6,58.39,60.85
2020-11-29,22,VDM CENTRO,902.06,847.41,54.65,0
2020-11-29,23,VDM CENTRO,892.96,840.49,52.47,0
2020-11-29,24,VDM CENTRO,541.27,513.17,28.1,0
2020-11-29,1,VDM NORTE,637.55,607.46,34.02,-3.93
2020-11-29,2,VDM NORTE,556.02,527.63,28.4,0
2020-11-29,3,VDM NORTE,536.67,510.83,25.84,0
2020-11-29,4,VDM NORTE,514.71,490.27,24.44,0
2020-11-29,5,VDM NORTE,525.06,500.57,24.49,0
2020-11-29,6,VDM NORTE,516.4,492.87,23.53,0
2020-11-29,7,VDM NORTE,499.07,475.34,23.73,0
2020-11-29,8,VDM NORTE,519.57,497.78,22.26,-.48
2020-11-29,9,VDM NORTE,499.65,475.05,24.96,-.36
2020-11-29,10,VDM NORTE,515.07,487.8,28.05,-.78
2020-11-29,11,VDM NORTE,534.33,505.18,29.63,-.49
2020-11-29,12,VDM NORTE,533.53,503.74,30.13,-.34
2020-11-29,13,VDM NORTE,544.07,512.8,31.66,-.39
2020-11-29,14,VDM NORTE,541.26,510.39,31.6,-.72
2020-11-29,15,VDM NORTE,547.16,517.01,30.88,-.74
2020-11-29,16,VDM NORTE,550.36,519.23,32.06,-.93
2020-11-29,17,VDM NORTE,567.12,536.4,31.41,-.69
2020-11-29,18,VDM NORTE,910.12,864.44,47.56,-1.89
2020-11-29,19,VDM NORTE,903.09,851.19,51.9,0
2020-11-29,20,VDM NORTE,1090.1,1030.23,59.87,0
2020-11-29,21,VDM NORTE,955.77,859.6,52.96,43.22
2020-11-29,22,VDM NORTE,898.63,847.41,51.22,0
2020-11-29,23,VDM NORTE,889.42,840.49,48.93,0
2020-11-29,24,VDM NORTE,540.37,513.17,27.2,0
2020-11-29,1,VDM SUR,643.11,607.46,39.53,-3.88
2020-11-29,2,VDM SUR,560.91,527.63,33.28,0
2020-11-29,3,VDM SUR,541.34,510.83,30.52,0
2020-11-29,4,VDM SUR,518.95,490.27,28.68,0
2020-11-29,5,VDM SUR,529.34,500.57,28.77,0
2020-11-29,6,VDM SUR,520.62,492.87,27.75,0
2020-11-29,7,VDM SUR,502.91,475.34,27.58,0
2020-11-29,8,VDM SUR,523.75,497.78,26.34,-.38
2020-11-29,9,VDM SUR,503.65,475.05,28.91,-.3
2020-11-29,10,VDM SUR,519.58,487.8,32.38,-.6
2020-11-29,11,VDM SUR,538.99,505.18,34.19,-.38
2020-11-29,12,VDM SUR,538.12,503.74,34.65,-.27
2020-11-29,13,VDM SUR,548.83,512.8,36.33,-.3
2020-11-29,14,VDM SUR,546.11,510.39,36.29,-.57
2020-11-29,15,VDM SUR,552.18,517.01,35.75,-.58
2020-11-29,16,VDM SUR,555.6,519.23,37.1,-.73
2020-11-29,17,VDM SUR,572.47,536.4,36.61,-.54
2020-11-29,18,VDM SUR,919.89,864.44,56.94,-1.49
2020-11-29,19,VDM SUR,912.09,851.19,60.91,0
2020-11-29,20,VDM SUR,1101.89,1030.23,71.66,0
2020-11-29,21,VDM SUR,983.07,859.6,62.68,60.79
2020-11-29,22,VDM SUR,907.51,847.41,60.1,0
2020-11-29,23,VDM SUR,898.09,840.49,57.6,0
2020-11-29,24,VDM SUR,544.37,513.17,31.2,0
2020-11-29,1,VERACRUZ,633.4,607.46,31.98,-6.04
2020-11-29,2,VERACRUZ,553.66,527.63,26.04,0
2020-11-29,3,VERACRUZ,533.71,510.83,22.89,0
2020-11-29,4,VERACRUZ,511.21,490.27,20.95,0
2020-11-29,5,VERACRUZ,520.18,500.57,19.6,0
2020-11-29,6,VERACRUZ,511.42,492.87,18.56,0
2020-11-29,7,VERACRUZ,490.21,475.34,14.87,0
2020-11-29,8,VERACRUZ,508,497.78,11.55,-1.34
2020-11-29,9,VERACRUZ,489.21,475.05,15.11,-.94
2020-11-29,10,VERACRUZ,503.05,487.8,17.7,-2.44
2020-11-29,11,VERACRUZ,522.58,505.18,18.93,-1.53
2020-11-29,12,VERACRUZ,522.79,503.74,20.13,-1.08
2020-11-29,13,VERACRUZ,533.6,512.8,22.01,-1.21
2020-11-29,14,VERACRUZ,529.78,510.39,21.63,-2.23
2020-11-29,15,VERACRUZ,536.22,517.01,21.51,-2.3
2020-11-29,16,VERACRUZ,539.59,519.23,23.26,-2.9
2020-11-29,17,VERACRUZ,556.3,536.4,22.05,-2.16
2020-11-29,18,VERACRUZ,897.63,864.44,38.68,-5.49
2020-11-29,19,VERACRUZ,895.08,851.19,43.89,0
2020-11-29,20,VERACRUZ,1078.92,1030.23,48.69,0
2020-11-29,21,VERACRUZ,983.36,859.6,50.66,73.11
2020-11-29,22,VERACRUZ,897.36,847.41,49.96,0
2020-11-29,23,VERACRUZ,884.9,840.49,44.41,0
2020-11-29,24,VERACRUZ,533.62,513.17,20.45,0
2020-11-29,1,VICTORIA,490.42,607.46,-60.67,-56.37
2020-11-29,2,VICTORIA,477.38,527.63,-50.25,0
2020-11-29,3,VICTORIA,464.12,510.83,-46.71,0
2020-11-29,4,VICTORIA,448.14,490.27,-42.13,0
2020-11-29,5,VICTORIA,457.96,500.57,-42.62,0
2020-11-29,6,VICTORIA,451.43,492.87,-41.44,0
2020-11-29,7,VICTORIA,435.53,475.34,-39.81,0
2020-11-29,8,VICTORIA,443.44,497.78,-38.54,-15.81
2020-11-29,9,VICTORIA,424.75,475.05,-39.43,-10.86
2020-11-29,10,VICTORIA,418.55,487.8,-39.43,-29.82
2020-11-29,11,VICTORIA,444.01,505.18,-42.46,-18.71
2020-11-29,12,VICTORIA,448.13,503.74,-42.51,-13.1
2020-11-29,13,VICTORIA,453.56,512.8,-44.55,-14.69
2020-11-29,14,VICTORIA,440.58,510.39,-42.56,-27.24
2020-11-29,15,VICTORIA,447.79,517.01,-41.16,-28.06
2020-11-29,16,VICTORIA,442.63,519.23,-41.15,-35.44
2020-11-29,17,VICTORIA,469.24,536.4,-40.83,-26.33
2020-11-29,18,VICTORIA,719.6,864.44,-71.92,-72.92
2020-11-29,19,VICTORIA,774.14,851.19,-77.04,0
2020-11-29,20,VICTORIA,939.32,1030.23,-90.91,0
2020-11-29,21,VICTORIA,792.91,859.6,-77.54,10.85
2020-11-29,22,VICTORIA,772.57,847.41,-74.83,0
2020-11-29,23,VICTORIA,753.35,840.49,-87.13,0
2020-11-29,24,VICTORIA,465.71,513.17,-47.46,0
2020-11-29,1,VILLAHERMOSA,668.89,607.46,66.51,-5.08
2020-11-29,2,VILLAHERMOSA,581.04,527.63,53.41,0
2020-11-29,3,VILLAHERMOSA,557.43,510.83,46.6,0
2020-11-29,4,VILLAHERMOSA,532.32,490.27,42.05,0
2020-11-29,5,VILLAHERMOSA,536.11,500.57,35.54,0
2020-11-29,6,VILLAHERMOSA,527.58,492.87,34.71,0
2020-11-29,7,VILLAHERMOSA,507.82,475.34,32.48,0
2020-11-29,8,VILLAHERMOSA,524.52,497.78,27.58,-.84
2020-11-29,9,VILLAHERMOSA,505.93,475.05,31.5,-.61
2020-11-29,10,VILLAHERMOSA,519.37,487.8,33.06,-1.5
2020-11-29,11,VILLAHERMOSA,539.31,505.18,35.07,-.94
2020-11-29,12,VILLAHERMOSA,540.62,503.74,37.54,-.66
2020-11-29,13,VILLAHERMOSA,552.86,512.8,40.8,-.74
2020-11-29,14,VILLAHERMOSA,548.87,510.39,39.86,-1.38
2020-11-29,15,VILLAHERMOSA,557.06,517.01,41.46,-1.41
2020-11-29,16,VILLAHERMOSA,567.83,519.23,50.38,-1.78
2020-11-29,17,VILLAHERMOSA,586.44,536.4,51.36,-1.32
2020-11-29,18,VILLAHERMOSA,943.84,864.44,83.19,-3.79
2020-11-29,19,VILLAHERMOSA,929.67,851.19,78.48,0
2020-11-29,20,VILLAHERMOSA,1113.88,1030.23,83.65,0
2020-11-29,21,VILLAHERMOSA,1037.09,859.6,88.39,89.1
2020-11-29,22,VILLAHERMOSA,939.74,847.41,92.34,0
2020-11-29,23,VILLAHERMOSA,931.34,840.49,90.85,0
2020-11-29,24,VILLAHERMOSA,550.17,513.17,36.99,0
2020-11-29,1,XALAPA,627.59,607.46,27.18,-7.05
2020-11-29,2,XALAPA,549.87,527.63,22.25,0
2020-11-29,3,XALAPA,530.71,510.83,19.88,0
2020-11-29,4,XALAPA,508.6,490.27,18.33,0
2020-11-29,5,XALAPA,519.44,500.57,18.87,0
2020-11-29,6,XALAPA,511.15,492.87,18.28,0
2020-11-29,7,XALAPA,490.6,475.34,15.26,0
2020-11-29,8,XALAPA,508.51,497.78,12.4,-1.67
2020-11-29,9,XALAPA,488.73,475.05,14.86,-1.17
2020-11-29,10,XALAPA,503.76,487.8,19.02,-3.06
2020-11-29,11,XALAPA,521.95,505.18,18.69,-1.93
2020-11-29,12,XALAPA,523.06,503.74,20.67,-1.35
2020-11-29,13,XALAPA,533.39,512.8,22.1,-1.51
2020-11-29,14,XALAPA,529.7,510.39,22.12,-2.81
2020-11-29,15,XALAPA,535.56,517.01,21.44,-2.89
2020-11-29,16,XALAPA,538.6,519.23,23.02,-3.64
2020-11-29,17,XALAPA,556.14,536.4,22.44,-2.71
2020-11-29,18,XALAPA,890.06,864.44,32.89,-7.27
2020-11-29,19,XALAPA,897.51,851.19,46.32,0
2020-11-29,20,XALAPA,1084.73,1030.23,54.5,0
2020-11-29,21,XALAPA,961.23,859.6,50.1,51.54
2020-11-29,22,XALAPA,894.75,847.41,47.35,0
2020-11-29,23,XALAPA,876.59,840.49,36.1,0
2020-11-29,24,XALAPA,533.73,513.17,20.55,0
2020-11-29,1,ZACAPU,630.22,607.46,18.24,4.53
2020-11-29,2,ZACAPU,543.2,527.63,15.57,0
2020-11-29,3,ZACAPU,525.39,510.83,14.56,0
2020-11-29,4,ZACAPU,502.97,490.27,12.71,0
2020-11-29,5,ZACAPU,510.65,500.57,10.08,0
2020-11-29,6,ZACAPU,503.38,492.87,10.51,0
2020-11-29,7,ZACAPU,484.03,475.34,8.7,0
2020-11-29,8,ZACAPU,516.55,497.78,13.8,4.97
2020-11-29,9,ZACAPU,492.78,475.05,14.43,3.31
2020-11-29,10,ZACAPU,513.93,487.8,17.35,8.78
2020-11-29,11,ZACAPU,529.04,505.18,18.33,5.52
2020-11-29,12,ZACAPU,525.34,503.74,17.74,3.87
2020-11-29,13,ZACAPU,535.79,512.8,18.66,4.33
2020-11-29,14,ZACAPU,538.03,510.39,19.63,8.01
2020-11-29,15,ZACAPU,543.99,517.01,18.73,8.25
2020-11-29,16,ZACAPU,549.18,519.23,19.52,10.43
2020-11-29,17,ZACAPU,562.35,536.4,18.29,7.66
2020-11-29,18,ZACAPU,919.87,864.44,34.19,21.24
2020-11-29,19,ZACAPU,877.5,851.19,26.31,0
2020-11-29,20,ZACAPU,1064.97,1030.23,34.74,0
2020-11-29,21,ZACAPU,900.2,859.6,27.16,13.45
2020-11-29,22,ZACAPU,875.1,847.41,27.7,0
2020-11-29,23,ZACAPU,872.87,840.49,32.38,0
2020-11-29,24,ZACAPU,527.95,513.17,14.78,0
2020-11-29,1,ZACATECAS,631.22,607.46,9.02,14.75
2020-11-29,2,ZACATECAS,534.05,527.63,6.43,0
2020-11-29,3,ZACATECAS,517.18,510.83,6.36,0
2020-11-29,4,ZACATECAS,496.47,490.27,6.2,0
2020-11-29,5,ZACATECAS,504.96,500.57,4.39,0
2020-11-29,6,ZACATECAS,497.96,492.87,5.1,0
2020-11-29,7,ZACATECAS,479.44,475.34,4.1,0
2020-11-29,8,ZACATECAS,515.81,497.78,9.69,8.34
2020-11-29,9,ZACATECAS,482.03,475.05,.01,6.97
2020-11-29,10,ZACATECAS,506.65,487.8,-.14,18.99
2020-11-29,11,ZACATECAS,516.58,505.18,-.53,11.93
2020-11-29,12,ZACATECAS,511.08,503.74,-1.16,8.5
2020-11-29,13,ZACATECAS,520.47,512.8,-1.84,9.52
2020-11-29,14,ZACATECAS,527.04,510.39,-2,18.65
2020-11-29,15,ZACATECAS,534.69,517.01,-1.53,19.21
2020-11-29,16,ZACATECAS,542.36,519.23,-1.09,24.22
2020-11-29,17,ZACATECAS,557.11,536.4,2.73,17.98
2020-11-29,18,ZACATECAS,931.91,864.44,17.69,49.79
2020-11-29,19,ZACATECAS,862.55,851.19,11.37,0
2020-11-29,20,ZACATECAS,1050.02,1030.23,19.79,0
2020-11-29,21,ZACATECAS,882.24,859.6,12.92,9.72
2020-11-29,22,ZACATECAS,865.07,847.41,17.67,0
2020-11-29,23,ZACATECAS,855.27,840.49,14.79,0
2020-11-29,24,ZACATECAS,519.17,513.17,5.99,0
2020-11-29,1,ZAMORA,633.5,607.46,21.16,4.88
2020-11-29,2,ZAMORA,545.42,527.63,17.8,0
2020-11-29,3,ZAMORA,527.53,510.83,16.7,0
2020-11-29,4,ZAMORA,504.81,490.27,14.54,0
2020-11-29,5,ZAMORA,512.15,500.57,11.58,0
2020-11-29,6,ZAMORA,504.97,492.87,12.11,0
2020-11-29,7,ZAMORA,485.56,475.34,10.23,0
2020-11-29,8,ZAMORA,520.02,497.78,16.17,6.07
2020-11-29,9,ZAMORA,494.38,475.05,15.33,4.01
2020-11-29,10,ZAMORA,516.47,487.8,17.98,10.69
2020-11-29,11,ZAMORA,530.78,505.18,18.88,6.72
2020-11-29,12,ZAMORA,526.72,503.74,18.27,4.7
2020-11-29,13,ZAMORA,537.18,512.8,19.11,5.27
2020-11-29,14,ZAMORA,540.07,510.39,19.95,9.74
2020-11-29,15,ZAMORA,545.56,517.01,18.51,10.04
2020-11-29,16,ZAMORA,551.19,519.23,19.26,12.71
2020-11-29,17,ZAMORA,565.76,536.4,19.95,9.41
2020-11-29,18,ZAMORA,928.49,864.44,37.97,26.08
2020-11-29,19,ZAMORA,877.29,851.19,26.11,0
2020-11-29,20,ZAMORA,1064.48,1030.23,34.26,0
2020-11-29,21,ZAMORA,899.3,859.6,26.17,13.53
2020-11-29,22,ZAMORA,875.49,847.41,28.08,0
2020-11-29,23,ZAMORA,875.44,840.49,34.95,0
2020-11-29,24,ZAMORA,529.26,513.17,16.09,0
2020-11-29,1,ZAPOTLAN,625.69,607.46,14,4.24
2020-11-29,2,ZAPOTLAN,538.21,527.63,10.58,0
2020-11-29,3,ZAPOTLAN,520.66,510.83,9.83,0
2020-11-29,4,ZAPOTLAN,498.05,490.27,7.78,0
2020-11-29,5,ZAPOTLAN,504.79,500.57,4.22,0
2020-11-29,6,ZAPOTLAN,497.61,492.87,4.74,0
2020-11-29,7,ZAPOTLAN,478.05,475.34,2.71,0
2020-11-29,8,ZAPOTLAN,519.37,497.78,10.01,11.58
2020-11-29,9,ZAPOTLAN,489.7,475.05,7.1,7.56
2020-11-29,10,ZAPOTLAN,517.17,487.8,8.94,20.42
2020-11-29,11,ZAPOTLAN,527.62,505.18,9.59,12.85
2020-11-29,12,ZAPOTLAN,522.22,503.74,9.48,9
2020-11-29,13,ZAPOTLAN,532.58,512.8,9.87,9.91
2020-11-29,14,ZAPOTLAN,539.19,510.39,10.49,18.32
2020-11-29,15,ZAPOTLAN,545.65,517.01,9.75,18.89
2020-11-29,16,ZAPOTLAN,554.47,519.23,10.95,24.29
2020-11-29,17,ZAPOTLAN,567.2,536.4,12.76,18.04
2020-11-29,18,ZAPOTLAN,942.04,864.44,27.66,49.95
2020-11-29,19,ZAPOTLAN,859.21,851.19,8.02,0
2020-11-29,20,ZAPOTLAN,1042.31,1030.23,12.08,0
2020-11-29,21,ZAPOTLAN,880.19,859.6,6.72,13.88
2020-11-29,22,ZAPOTLAN,858.63,847.41,11.22,0
2020-11-29,23,ZAPOTLAN,861.81,840.49,21.33,0
2020-11-29,24,ZAPOTLAN,520.96,513.17,7.78,0
2020-11-29,1,ZIHUATANEJO,658.77,607.46,52.58,-1.27
2020-11-29,2,ZIHUATANEJO,574.52,527.63,46.89,0
2020-11-29,3,ZIHUATANEJO,554.54,510.83,43.72,0
2020-11-29,4,ZIHUATANEJO,529.83,490.27,39.56,0
2020-11-29,5,ZIHUATANEJO,536.62,500.57,36.05,0
2020-11-29,6,ZIHUATANEJO,526.16,492.87,33.29,0
2020-11-29,7,ZIHUATANEJO,503.95,475.34,28.61,0
2020-11-29,8,ZIHUATANEJO,532.39,497.78,32.37,2.24
2020-11-29,9,ZIHUATANEJO,510.38,475.05,33.89,1.44
2020-11-29,10,ZIHUATANEJO,532.92,487.8,41.73,3.39
2020-11-29,11,ZIHUATANEJO,551.44,505.18,44.12,2.13
2020-11-29,12,ZIHUATANEJO,548.37,503.74,43.16,1.48
2020-11-29,13,ZIHUATANEJO,559.48,512.8,45.01,1.67
2020-11-29,14,ZIHUATANEJO,559.95,510.39,46.46,3.11
2020-11-29,15,ZIHUATANEJO,565.6,517.01,45.4,3.19
2020-11-29,16,ZIHUATANEJO,571,519.23,47.73,4.04
2020-11-29,17,ZIHUATANEJO,585.08,536.4,45.7,2.98
2020-11-29,18,ZIHUATANEJO,950.62,864.44,77.96,8.22
2020-11-29,19,ZIHUATANEJO,923.72,851.19,72.54,0
2020-11-29,20,ZIHUATANEJO,1114.71,1030.23,84.48,0
2020-11-29,21,ZIHUATANEJO,973.37,859.6,70.41,43.37
2020-11-29,22,ZIHUATANEJO,921.46,847.41,74.06,0
2020-11-29,23,ZIHUATANEJO,923.1,840.49,82.61,0
2020-11-29,24,ZIHUATANEJO,556.42,513.17,43.24,0
2020-11-30,1,ACAPULCO,547.28,487.1,60.18,0
2020-11-30,2,ACAPULCO,514.39,462.35,52.02,.02
2020-11-30,3,ACAPULCO,499.83,451.26,48.49,.08
2020-11-30,4,ACAPULCO,490.45,444.36,46.05,.05
2020-11-30,5,ACAPULCO,492.17,446.42,45.71,.04
2020-11-30,6,ACAPULCO,499.86,456.29,43.58,-.01
2020-11-30,7,ACAPULCO,521.29,475.15,46.13,0
2020-11-30,8,ACAPULCO,559.1,506.41,52.7,0
2020-11-30,9,ACAPULCO,558.25,503.91,54.41,-.08
2020-11-30,10,ACAPULCO,574.57,519.7,55.41,-.53
2020-11-30,11,ACAPULCO,580.03,522.5,57.83,-.3
2020-11-30,12,ACAPULCO,590.42,527.72,61.68,1.02
2020-11-30,13,ACAPULCO,577.6,515.88,61.72,0
2020-11-30,14,ACAPULCO,613.93,538.61,67.84,7.48
2020-11-30,15,ACAPULCO,638.81,551.63,69.74,17.44
2020-11-30,16,ACAPULCO,654.19,565.45,65.65,23.09
2020-11-30,17,ACAPULCO,631.3,576.97,54.33,0
2020-11-30,18,ACAPULCO,689.3,640.52,48.78,0
2020-11-30,19,ACAPULCO,825.69,746.34,79.35,0
2020-11-30,20,ACAPULCO,659.84,598.05,61.79,0
2020-11-30,21,ACAPULCO,881.04,785,96.05,0
2020-11-30,22,ACAPULCO,844.01,755.81,88.2,0
2020-11-30,23,ACAPULCO,677.23,607.83,69.4,0
2020-11-30,24,ACAPULCO,614.71,556.3,58.41,0
2020-11-30,1,AGUASCALIENTES,481.57,487.1,-5.53,0
2020-11-30,2,AGUASCALIENTES,455.14,462.35,-6.3,-.91
2020-11-30,3,AGUASCALIENTES,442.59,451.26,-5.54,-3.14
2020-11-30,4,AGUASCALIENTES,437.31,444.36,-5.01,-2.04
2020-11-30,5,AGUASCALIENTES,439.2,446.42,-5.11,-2.11
2020-11-30,6,AGUASCALIENTES,447.56,456.29,-5.49,-3.24
2020-11-30,7,AGUASCALIENTES,471.53,475.15,-3.62,0
2020-11-30,8,AGUASCALIENTES,502.67,506.41,-3.74,0
2020-11-30,9,AGUASCALIENTES,495.32,503.91,-9.19,.59
2020-11-30,10,AGUASCALIENTES,510.76,519.7,-7.85,-1.09
2020-11-30,11,AGUASCALIENTES,514.39,522.5,-7.41,-.7
2020-11-30,12,AGUASCALIENTES,518.38,527.72,-8.42,-.92
2020-11-30,13,AGUASCALIENTES,508.78,515.88,-7.1,0
2020-11-30,14,AGUASCALIENTES,527.61,538.61,-6.53,-4.47
2020-11-30,15,AGUASCALIENTES,534.39,551.63,-6.81,-10.42
2020-11-30,16,AGUASCALIENTES,543.74,565.45,-7.9,-13.81
2020-11-30,17,AGUASCALIENTES,572.48,576.97,-4.49,0
2020-11-30,18,AGUASCALIENTES,643.86,640.52,3.34,0
2020-11-30,19,AGUASCALIENTES,751.1,746.34,4.76,0
2020-11-30,20,AGUASCALIENTES,607.45,598.05,9.4,0
2020-11-30,21,AGUASCALIENTES,794.25,785,9.25,0
2020-11-30,22,AGUASCALIENTES,768.36,755.81,12.55,0
2020-11-30,23,AGUASCALIENTES,617.91,607.83,10.08,0
2020-11-30,24,AGUASCALIENTES,563.01,556.3,6.71,0
2020-11-30,1,APATZINGAN,511.91,487.1,24.81,0
2020-11-30,2,APATZINGAN,482.61,462.35,20.71,-.45
2020-11-30,3,APATZINGAN,469.2,451.26,19.48,-1.54
2020-11-30,4,APATZINGAN,462.04,444.36,18.68,-1
2020-11-30,5,APATZINGAN,463.9,446.42,18.52,-1.04
2020-11-30,6,APATZINGAN,473.65,456.29,19.03,-1.67
2020-11-30,7,APATZINGAN,498.86,475.15,23.71,0
2020-11-30,8,APATZINGAN,536.09,506.41,29.68,0
2020-11-30,9,APATZINGAN,536.13,503.91,32.09,.13
2020-11-30,10,APATZINGAN,553.21,519.7,36.12,-2.61
2020-11-30,11,APATZINGAN,559.49,522.5,39.28,-2.29
2020-11-30,12,APATZINGAN,568.13,527.72,41.68,-1.26
2020-11-30,13,APATZINGAN,557.83,515.88,41.95,0
2020-11-30,14,APATZINGAN,583.46,538.61,45.15,-.3
2020-11-30,15,APATZINGAN,597.17,551.63,46.23,-.69
2020-11-30,16,APATZINGAN,611.66,565.45,47.12,-.91
2020-11-30,17,APATZINGAN,624.27,576.97,47.3,0
2020-11-30,18,APATZINGAN,689.29,640.52,48.77,0
2020-11-30,19,APATZINGAN,807.66,746.34,61.33,0
2020-11-30,20,APATZINGAN,653.79,598.05,55.74,0
2020-11-30,21,APATZINGAN,856.27,785,71.27,0
2020-11-30,22,APATZINGAN,822.35,755.81,66.55,0
2020-11-30,23,APATZINGAN,659.85,607.83,52.02,0
2020-11-30,24,APATZINGAN,598.34,556.3,42.05,0
2020-11-30,1,CABORCA,434.36,487.1,-52.74,0
2020-11-30,2,CABORCA,404.19,462.35,-55.65,-2.51
2020-11-30,3,CABORCA,388.92,451.26,-53.73,-8.61
2020-11-30,4,CABORCA,392.54,444.36,-46.23,-5.59
2020-11-30,5,CABORCA,388.16,446.42,-52.47,-5.79
2020-11-30,6,CABORCA,397.86,456.29,-49.62,-8.81
2020-11-30,7,CABORCA,426.3,475.15,-48.85,0
2020-11-30,8,CABORCA,433.51,506.41,-72.9,0
2020-11-30,9,CABORCA,421.95,503.91,-80.5,-1.47
2020-11-30,10,CABORCA,380.34,519.7,-98.77,-40.59
2020-11-30,11,CABORCA,373.33,522.5,-108.68,-40.49
2020-11-30,12,CABORCA,400.12,527.72,-104.33,-23.27
2020-11-30,13,CABORCA,403.49,515.88,-112.4,0
2020-11-30,14,CABORCA,418.86,538.61,-114.12,-5.63
2020-11-30,15,CABORCA,429.81,551.63,-108.69,-13.13
2020-11-30,16,CABORCA,420.91,565.45,-127.15,-17.39
2020-11-30,17,CABORCA,451.61,576.97,-125.36,0
2020-11-30,18,CABORCA,526.52,640.52,-114,0
2020-11-30,19,CABORCA,680.72,746.34,-65.62,0
2020-11-30,20,CABORCA,557.68,598.05,-40.37,0
2020-11-30,21,CABORCA,718.28,785,-66.72,0
2020-11-30,22,CABORCA,705.64,755.81,-50.17,0
2020-11-30,23,CABORCA,562.77,607.83,-45.06,0
2020-11-30,24,CABORCA,511.92,556.3,-44.38,0
2020-11-30,1,CAMARGO,443.21,487.1,-43.89,0
2020-11-30,2,CAMARGO,411.15,462.35,-47.89,-3.32
2020-11-30,3,CAMARGO,395.77,451.26,-44.12,-11.37
2020-11-30,4,CAMARGO,398.3,444.36,-38.67,-7.39
2020-11-30,5,CAMARGO,395.24,446.42,-43.51,-7.67
2020-11-30,6,CAMARGO,403.32,456.29,-41.34,-11.64
2020-11-30,7,CAMARGO,435.79,475.15,-39.36,0
2020-11-30,8,CAMARGO,449.66,506.41,-56.74,0
2020-11-30,9,CAMARGO,441.18,503.91,-60.44,-2.29
2020-11-30,10,CAMARGO,402.8,519.7,-58.46,-58.44
2020-11-30,11,CAMARGO,402.3,522.5,-61.41,-58.79
2020-11-30,12,CAMARGO,435.88,527.72,-58.13,-33.71
2020-11-30,13,CAMARGO,454.26,515.88,-61.62,0
2020-11-30,14,CAMARGO,465.52,538.61,-65.86,-7.23
2020-11-30,15,CAMARGO,466.34,551.63,-68.43,-16.86
2020-11-30,16,CAMARGO,464.24,565.45,-78.88,-22.33
2020-11-30,17,CAMARGO,507.61,576.97,-69.36,0
2020-11-30,18,CAMARGO,580.61,640.52,-59.91,0
2020-11-30,19,CAMARGO,703.73,746.34,-42.61,0
2020-11-30,20,CAMARGO,575.49,598.05,-22.56,0
2020-11-30,21,CAMARGO,736.94,785,-48.06,0
2020-11-30,22,CAMARGO,719.21,755.81,-36.6,0
2020-11-30,23,CAMARGO,575.25,607.83,-32.58,0
2020-11-30,24,CAMARGO,526.13,556.3,-30.16,0
2020-11-30,1,CAMPECHE,551.65,487.1,64.55,0
2020-11-30,2,CAMPECHE,512.03,462.35,49.44,.24
2020-11-30,3,CAMPECHE,492.46,451.26,40.39,.81
2020-11-30,4,CAMPECHE,484.1,444.36,39.22,.52
2020-11-30,5,CAMPECHE,486.03,446.42,39.06,.55
2020-11-30,6,CAMPECHE,502.12,456.29,44.95,.88
2020-11-30,7,CAMPECHE,514.5,475.15,39.34,0
2020-11-30,8,CAMPECHE,543.23,506.41,36.83,0
2020-11-30,9,CAMPECHE,549.57,503.91,45.81,-.15
2020-11-30,10,CAMPECHE,564.87,519.7,44.73,.45
2020-11-30,11,CAMPECHE,562.59,522.5,39.49,.61
2020-11-30,12,CAMPECHE,569.03,527.72,39.23,2.08
2020-11-30,13,CAMPECHE,554.32,515.88,38.44,0
2020-11-30,14,CAMPECHE,603.05,538.61,53.55,10.89
2020-11-30,15,CAMPECHE,632.69,551.63,55.68,25.39
2020-11-30,16,CAMPECHE,650.93,565.45,51.85,33.62
2020-11-30,17,CAMPECHE,622.13,576.97,45.16,0
2020-11-30,18,CAMPECHE,679.77,640.52,39.25,0
2020-11-30,19,CAMPECHE,797.4,746.34,51.06,0
2020-11-30,20,CAMPECHE,625.08,598.05,27.03,0
2020-11-30,21,CAMPECHE,832.2,785,47.2,0
2020-11-30,22,CAMPECHE,796.36,755.81,40.55,0
2020-11-30,23,CAMPECHE,638.22,607.83,30.39,0
2020-11-30,24,CAMPECHE,587.64,556.3,31.34,0
2020-11-30,1,CANCUN,538.01,487.1,50.91,0
2020-11-30,2,CANCUN,501.44,462.35,38.86,.24
2020-11-30,3,CANCUN,484.61,451.26,32.54,.81
2020-11-30,4,CANCUN,480.01,444.36,35.13,.52
2020-11-30,5,CANCUN,482.52,446.42,35.55,.55
2020-11-30,6,CANCUN,489.48,456.29,32.31,.88
2020-11-30,7,CANCUN,502.16,475.15,27.01,0
2020-11-30,8,CANCUN,526.71,506.41,20.3,0
2020-11-30,9,CANCUN,534.11,503.91,30.35,-.15
2020-11-30,10,CANCUN,546.79,519.7,26.65,.45
2020-11-30,11,CANCUN,544.3,522.5,21.2,.61
2020-11-30,12,CANCUN,546,527.72,16.2,2.08
2020-11-30,13,CANCUN,533.53,515.88,17.64,0
2020-11-30,14,CANCUN,580.36,538.61,30.86,10.89
2020-11-30,15,CANCUN,608.59,551.63,31.58,25.39
2020-11-30,16,CANCUN,625.54,565.45,26.47,33.62
2020-11-30,17,CANCUN,608.47,576.97,31.5,0
2020-11-30,18,CANCUN,659.62,640.52,19.1,0
2020-11-30,19,CANCUN,768.83,746.34,22.5,0
2020-11-30,20,CANCUN,601.29,598.05,3.24,0
2020-11-30,21,CANCUN,800.37,785,15.37,0
2020-11-30,22,CANCUN,765.16,755.81,9.35,0
2020-11-30,23,CANCUN,613.6,607.83,5.77,0
2020-11-30,24,CANCUN,569.69,556.3,13.4,0
2020-11-30,1,CARMEN,578.79,487.1,91.69,0
2020-11-30,2,CARMEN,536.28,462.35,73.7,.24
2020-11-30,3,CARMEN,514.39,451.26,62.32,.81
2020-11-30,4,CARMEN,504.03,444.36,59.15,.52
2020-11-30,5,CARMEN,505.15,446.42,58.19,.55
2020-11-30,6,CARMEN,518.88,456.29,61.71,.88
2020-11-30,7,CARMEN,530.84,475.15,55.69,0
2020-11-30,8,CARMEN,560.49,506.41,54.08,0
2020-11-30,9,CARMEN,567.77,503.91,64.01,-.15
2020-11-30,10,CARMEN,584.98,519.7,64.84,.45
2020-11-30,11,CARMEN,583.14,522.5,60.04,.61
2020-11-30,12,CARMEN,589.46,527.72,59.66,2.08
2020-11-30,13,CARMEN,574.42,515.88,58.53,0
2020-11-30,14,CARMEN,623.77,538.61,74.27,10.89
2020-11-30,15,CARMEN,653.03,551.63,76.01,25.39
2020-11-30,16,CARMEN,671.48,565.45,72.41,33.62
2020-11-30,17,CARMEN,646.46,576.97,69.49,0
2020-11-30,18,CARMEN,708.05,640.52,67.53,0
2020-11-30,19,CARMEN,832.14,746.34,85.81,0
2020-11-30,20,CARMEN,652.65,598.05,54.6,0
2020-11-30,21,CARMEN,867.12,785,82.13,0
2020-11-30,22,CARMEN,830.01,755.81,74.2,0
2020-11-30,23,CARMEN,665.36,607.83,57.53,0
2020-11-30,24,CARMEN,611.35,556.3,55.05,0
2020-11-30,1,CASAS GRANDES,407.9,487.1,-79.2,0
2020-11-30,2,CASAS GRANDES,376.8,462.35,-82.45,-3.1
2020-11-30,3,CASAS GRANDES,363.38,451.26,-77.24,-10.64
2020-11-30,4,CASAS GRANDES,368.03,444.36,-69.42,-6.91
2020-11-30,5,CASAS GRANDES,363.4,446.42,-75.85,-7.17
2020-11-30,6,CASAS GRANDES,372.76,456.29,-72.65,-10.88
2020-11-30,7,CASAS GRANDES,401.99,475.15,-73.16,0
2020-11-30,8,CASAS GRANDES,408.24,506.41,-98.17,0
2020-11-30,9,CASAS GRANDES,402.82,503.91,-99.06,-2.04
2020-11-30,10,CASAS GRANDES,365.22,519.7,-101.31,-53.17
2020-11-30,11,CASAS GRANDES,363.11,522.5,-105.99,-53.4
2020-11-30,12,CASAS GRANDES,396.68,527.72,-100.36,-30.68
2020-11-30,13,CASAS GRANDES,408.97,515.88,-106.92,0
2020-11-30,14,CASAS GRANDES,419.22,538.61,-112.62,-6.77
2020-11-30,15,CASAS GRANDES,420.81,551.63,-115.06,-15.76
2020-11-30,16,CASAS GRANDES,414.87,565.45,-129.69,-20.89
2020-11-30,17,CASAS GRANDES,454.22,576.97,-122.75,0
2020-11-30,18,CASAS GRANDES,519.25,640.52,-121.27,0
2020-11-30,19,CASAS GRANDES,641.18,746.34,-105.16,0
2020-11-30,20,CASAS GRANDES,524.43,598.05,-73.62,0
2020-11-30,21,CASAS GRANDES,671.93,785,-113.06,0
2020-11-30,22,CASAS GRANDES,658.87,755.81,-96.94,0
2020-11-30,23,CASAS GRANDES,526.06,607.83,-81.78,0
2020-11-30,24,CASAS GRANDES,482.13,556.3,-74.16,0
2020-11-30,1,CELAYA,491.13,487.1,4.03,0
2020-11-30,2,CELAYA,465.88,462.35,3.69,-.17
2020-11-30,3,CELAYA,454.57,451.26,3.89,-.57
2020-11-30,4,CELAYA,447.73,444.36,3.74,-.37
2020-11-30,5,CELAYA,450.01,446.42,3.97,-.39
2020-11-30,6,CELAYA,459.43,456.29,3.73,-.59
2020-11-30,7,CELAYA,479.48,475.15,4.32,0
2020-11-30,8,CELAYA,513.06,506.41,6.65,0
2020-11-30,9,CELAYA,510.06,503.91,6.05,.09
2020-11-30,10,CELAYA,526.24,519.7,6.92,-.38
2020-11-30,11,CELAYA,529.19,522.5,7.08,-.39
2020-11-30,12,CELAYA,533.92,527.72,6.48,-.28
2020-11-30,13,CELAYA,522.5,515.88,6.62,0
2020-11-30,14,CELAYA,545.04,538.61,7.06,-.63
2020-11-30,15,CELAYA,557.58,551.63,7.42,-1.47
2020-11-30,16,CELAYA,570.95,565.45,7.45,-1.95
2020-11-30,17,CELAYA,585.39,576.97,8.42,0
2020-11-30,18,CELAYA,651.17,640.52,10.65,0
2020-11-30,19,CELAYA,758.38,746.34,12.04,0
2020-11-30,20,CELAYA,609.08,598.05,11.03,0
2020-11-30,21,CELAYA,799.17,785,14.17,0
2020-11-30,22,CELAYA,769.81,755.81,14,0
2020-11-30,23,CELAYA,619.01,607.83,11.18,0
2020-11-30,24,CELAYA,566.46,556.3,10.16,0
2020-11-30,1,CENTRO ORIENTE,507.01,487.1,19.91,0
2020-11-30,2,CENTRO ORIENTE,479.18,462.35,16.66,.17
2020-11-30,3,CENTRO ORIENTE,466.37,451.26,14.52,.6
2020-11-30,4,CENTRO ORIENTE,458.35,444.36,13.61,.39
2020-11-30,5,CENTRO ORIENTE,460.55,446.42,13.73,.4
2020-11-30,6,CENTRO ORIENTE,472.11,456.29,15.16,.67
2020-11-30,7,CENTRO ORIENTE,491.18,475.15,16.03,0
2020-11-30,8,CENTRO ORIENTE,522.47,506.41,16.06,0
2020-11-30,9,CENTRO ORIENTE,522.5,503.91,18.71,-.12
2020-11-30,10,CENTRO ORIENTE,538.56,519.7,18.55,.31
2020-11-30,11,CENTRO ORIENTE,542.02,522.5,19.07,.44
2020-11-30,12,CENTRO ORIENTE,549.99,527.72,20.67,1.6
2020-11-30,13,CENTRO ORIENTE,535.96,515.88,20.07,0
2020-11-30,14,CENTRO ORIENTE,569.09,538.61,22.09,8.39
2020-11-30,15,CENTRO ORIENTE,593.54,551.63,22.37,19.54
2020-11-30,16,CENTRO ORIENTE,614.15,565.45,22.81,25.89
2020-11-30,17,CENTRO ORIENTE,600.02,576.97,23.05,0
2020-11-30,18,CENTRO ORIENTE,662.54,640.52,22.02,0
2020-11-30,19,CENTRO ORIENTE,773.92,746.34,27.58,0
2020-11-30,20,CENTRO ORIENTE,616.81,598.05,18.76,0
2020-11-30,21,CENTRO ORIENTE,810.12,785,25.12,0
2020-11-30,22,CENTRO ORIENTE,776.65,755.81,20.84,0
2020-11-30,23,CENTRO ORIENTE,622.92,607.83,15.09,0
2020-11-30,24,CENTRO ORIENTE,569.68,556.3,13.38,0
2020-11-30,1,CENTRO SUR,517.05,487.1,29.95,0
2020-11-30,2,CENTRO SUR,487.66,462.35,25.26,.05
2020-11-30,3,CENTRO SUR,474.81,451.26,23.37,.18
2020-11-30,4,CENTRO SUR,466.6,444.36,22.13,.12
2020-11-30,5,CENTRO SUR,468.67,446.42,22.13,.13
2020-11-30,6,CENTRO SUR,480.86,456.29,24.25,.32
2020-11-30,7,CENTRO SUR,500.77,475.15,25.62,0
2020-11-30,8,CENTRO SUR,533.64,506.41,27.23,0
2020-11-30,9,CENTRO SUR,533.65,503.91,29.81,-.08
2020-11-30,10,CENTRO SUR,548.53,519.7,29.02,-.19
2020-11-30,11,CENTRO SUR,552.64,522.5,30.16,-.01
2020-11-30,12,CENTRO SUR,561.55,527.72,32.71,1.13
2020-11-30,13,CENTRO SUR,547.62,515.88,31.73,0
2020-11-30,14,CENTRO SUR,579.66,538.61,34.21,6.85
2020-11-30,15,CENTRO SUR,602.11,551.63,34.51,15.97
2020-11-30,16,CENTRO SUR,621.78,565.45,35.19,21.15
2020-11-30,17,CENTRO SUR,611.68,576.97,34.71,0
2020-11-30,18,CENTRO SUR,672.77,640.52,32.25,0
2020-11-30,19,CENTRO SUR,786.54,746.34,40.21,0
2020-11-30,20,CENTRO SUR,625.61,598.05,27.56,0
2020-11-30,21,CENTRO SUR,822.74,785,37.74,0
2020-11-30,22,CENTRO SUR,790.34,755.81,34.53,0
2020-11-30,23,CENTRO SUR,636.13,607.83,28.3,0
2020-11-30,24,CENTRO SUR,583.17,556.3,26.87,0
2020-11-30,1,CHETUMAL,553.74,487.1,66.64,0
2020-11-30,2,CHETUMAL,513.67,462.35,51.09,.24
2020-11-30,3,CHETUMAL,493.84,451.26,41.78,.81
2020-11-30,4,CHETUMAL,485.35,444.36,40.46,.52
2020-11-30,5,CHETUMAL,487.3,446.42,40.33,.55
2020-11-30,6,CHETUMAL,497.89,456.29,40.72,.88
2020-11-30,7,CHETUMAL,510.8,475.15,35.65,0
2020-11-30,8,CHETUMAL,539.23,506.41,32.82,0
2020-11-30,9,CHETUMAL,545.62,503.91,41.86,-.15
2020-11-30,10,CHETUMAL,562.81,519.7,42.67,.45
2020-11-30,11,CHETUMAL,560,522.5,36.9,.61
2020-11-30,12,CHETUMAL,566.53,527.72,36.73,2.08
2020-11-30,13,CHETUMAL,552.16,515.88,36.27,0
2020-11-30,14,CHETUMAL,599.47,538.61,49.96,10.89
2020-11-30,15,CHETUMAL,630.24,551.63,53.22,25.39
2020-11-30,16,CHETUMAL,648.56,565.45,49.49,33.62
2020-11-30,17,CHETUMAL,628.35,576.97,51.38,0
2020-11-30,18,CHETUMAL,685.5,640.52,44.98,0
2020-11-30,19,CHETUMAL,803.84,746.34,57.5,0
2020-11-30,20,CHETUMAL,630.28,598.05,32.23,0
2020-11-30,21,CHETUMAL,838.42,785,53.42,0
2020-11-30,22,CHETUMAL,801.65,755.81,45.84,0
2020-11-30,23,CHETUMAL,641.58,607.83,33.75,0
2020-11-30,24,CHETUMAL,592.2,556.3,35.9,0
2020-11-30,1,CHIHUAHUA,417.54,487.1,-69.56,0
2020-11-30,2,CHIHUAHUA,385.56,462.35,-73.44,-3.34
2020-11-30,3,CHIHUAHUA,371.24,451.26,-68.56,-11.46
2020-11-30,4,CHIHUAHUA,374.89,444.36,-62.03,-7.44
2020-11-30,5,CHIHUAHUA,370.97,446.42,-67.73,-7.73
2020-11-30,6,CHIHUAHUA,379.19,456.29,-65.38,-11.72
2020-11-30,7,CHIHUAHUA,410.55,475.15,-64.6,0
2020-11-30,8,CHIHUAHUA,421.62,506.41,-84.79,0
2020-11-30,9,CHIHUAHUA,416.26,503.91,-85.38,-2.28
2020-11-30,10,CHIHUAHUA,376.97,519.7,-84.18,-58.54
2020-11-30,11,CHIHUAHUA,376.46,522.5,-87.15,-58.89
2020-11-30,12,CHIHUAHUA,410.63,527.72,-83.25,-33.84
2020-11-30,13,CHIHUAHUA,428.14,515.88,-87.75,0
2020-11-30,14,CHIHUAHUA,438.31,538.61,-93.05,-7.25
2020-11-30,15,CHIHUAHUA,438.59,551.63,-96.14,-16.91
2020-11-30,16,CHIHUAHUA,434.38,565.45,-108.67,-22.39
2020-11-30,17,CHIHUAHUA,476.1,576.97,-100.87,0
2020-11-30,18,CHIHUAHUA,540.95,640.52,-99.57,0
2020-11-30,19,CHIHUAHUA,659.43,746.34,-86.91,0
2020-11-30,20,CHIHUAHUA,539.33,598.05,-58.72,0
2020-11-30,21,CHIHUAHUA,689.04,785,-95.95,0
2020-11-30,22,CHIHUAHUA,674.52,755.81,-81.29,0
2020-11-30,23,CHIHUAHUA,539.2,607.83,-68.63,0
2020-11-30,24,CHIHUAHUA,494.76,556.3,-61.54,0
2020-11-30,1,CHILPANCINGO,545.31,487.1,58.21,0
2020-11-30,2,CHILPANCINGO,512.66,462.35,50.26,.06
2020-11-30,3,CHILPANCINGO,498.05,451.26,46.59,.2
2020-11-30,4,CHILPANCINGO,488.92,444.36,44.43,.13
2020-11-30,5,CHILPANCINGO,490.93,446.42,44.38,.13
2020-11-30,6,CHILPANCINGO,497.91,456.29,41.46,.16
2020-11-30,7,CHILPANCINGO,519.33,475.15,44.18,0
2020-11-30,8,CHILPANCINGO,557.6,506.41,51.2,0
2020-11-30,9,CHILPANCINGO,557.53,503.91,53.71,-.09
2020-11-30,10,CHILPANCINGO,573.8,519.7,54.44,-.34
2020-11-30,11,CHILPANCINGO,578.67,522.5,56.3,-.13
2020-11-30,12,CHILPANCINGO,588.64,527.72,59.73,1.2
2020-11-30,13,CHILPANCINGO,575.18,515.88,59.3,0
2020-11-30,14,CHILPANCINGO,612.13,538.61,65.55,7.97
2020-11-30,15,CHILPANCINGO,637.91,551.63,67.72,18.57
2020-11-30,16,CHILPANCINGO,652.1,565.45,62.07,24.59
2020-11-30,17,CHILPANCINGO,625.75,576.97,48.78,0
2020-11-30,18,CHILPANCINGO,682.5,640.52,41.98,0
2020-11-30,19,CHILPANCINGO,821.36,746.34,75.03,0
2020-11-30,20,CHILPANCINGO,655.99,598.05,57.94,0
2020-11-30,21,CHILPANCINGO,879.22,785,94.22,0
2020-11-30,22,CHILPANCINGO,841.79,755.81,85.98,0
2020-11-30,23,CHILPANCINGO,673.31,607.83,65.48,0
2020-11-30,24,CHILPANCINGO,609.79,556.3,53.49,0
2020-11-30,1,CHONTALPA,524.75,487.1,37.65,0
2020-11-30,2,CHONTALPA,486.95,462.35,24.36,.24
2020-11-30,3,CHONTALPA,468.16,451.26,16.09,.81
2020-11-30,4,CHONTALPA,458.77,444.36,13.89,.52
2020-11-30,5,CHONTALPA,461.13,446.42,14.16,.55
2020-11-30,6,CHONTALPA,470.86,456.29,13.69,.88
2020-11-30,7,CHONTALPA,483.38,475.15,8.22,0
2020-11-30,8,CHONTALPA,510.63,506.41,4.22,0
2020-11-30,9,CHONTALPA,513.42,503.91,9.66,-.15
2020-11-30,10,CHONTALPA,525.84,519.7,5.7,.45
2020-11-30,11,CHONTALPA,523.1,522.5,0,.61
2020-11-30,12,CHONTALPA,532.46,527.72,2.66,2.08
2020-11-30,13,CHONTALPA,518.79,515.88,2.9,0
2020-11-30,14,CHONTALPA,567.01,538.61,17.5,10.89
2020-11-30,15,CHONTALPA,595.87,551.63,18.85,25.39
2020-11-30,16,CHONTALPA,614.07,565.45,15,33.62
2020-11-30,17,CHONTALPA,596.43,576.97,19.46,0
2020-11-30,18,CHONTALPA,649.55,640.52,9.04,0
2020-11-30,19,CHONTALPA,764.16,746.34,17.83,0
2020-11-30,20,CHONTALPA,601.31,598.05,3.26,0
2020-11-30,21,CHONTALPA,803.97,785,18.97,0
2020-11-30,22,CHONTALPA,772.21,755.81,16.4,0
2020-11-30,23,CHONTALPA,621.19,607.83,13.36,0
2020-11-30,24,CHONTALPA,570.72,556.3,14.42,0
2020-11-30,1,CIENEGA,491.18,487.1,4.08,0
2020-11-30,2,CIENEGA,463.35,462.35,1.82,-.82
2020-11-30,3,CIENEGA,449.99,451.26,1.54,-2.81
2020-11-30,4,CIENEGA,444.48,444.36,1.94,-1.82
2020-11-30,5,CIENEGA,446.24,446.42,1.71,-1.89
2020-11-30,6,CIENEGA,454.98,456.29,1.64,-2.96
2020-11-30,7,CIENEGA,480.24,475.15,5.09,0
2020-11-30,8,CIENEGA,513,506.41,6.59,0
2020-11-30,9,CIENEGA,508.81,503.91,4.76,.14
2020-11-30,10,CIENEGA,522.74,519.7,8.8,-5.77
2020-11-30,11,CIENEGA,530.03,522.5,12.34,-4.81
2020-11-30,12,CIENEGA,538.4,527.72,13.57,-2.89
2020-11-30,13,CIENEGA,528.77,515.88,12.89,0
2020-11-30,14,CIENEGA,552.17,538.61,15.55,-1.99
2020-11-30,15,CIENEGA,563.05,551.63,16.06,-4.64
2020-11-30,16,CIENEGA,575.39,565.45,16.09,-6.15
2020-11-30,17,CIENEGA,593.53,576.97,16.56,0
2020-11-30,18,CIENEGA,657.54,640.52,17.02,0
2020-11-30,19,CIENEGA,763.22,746.34,16.89,0
2020-11-30,20,CIENEGA,621.32,598.05,23.27,0
2020-11-30,21,CIENEGA,814.68,785,29.69,0
2020-11-30,22,CIENEGA,789.68,755.81,33.87,0
2020-11-30,23,CIENEGA,636.38,607.83,28.55,0
2020-11-30,24,CIENEGA,578.4,556.3,22.11,0
2020-11-30,1,COATZACOALCOS,519.98,487.1,32.88,0
2020-11-30,2,COATZACOALCOS,483.54,462.35,20.95,.24
2020-11-30,3,COATZACOALCOS,465.7,451.26,13.63,.81
2020-11-30,4,COATZACOALCOS,456.55,444.36,11.67,.52
2020-11-30,5,COATZACOALCOS,459.31,446.42,12.34,.55
2020-11-30,6,COATZACOALCOS,469.72,456.29,12.55,.88
2020-11-30,7,COATZACOALCOS,483.69,475.15,8.54,0
2020-11-30,8,COATZACOALCOS,512.5,506.41,6.1,0
2020-11-30,9,COATZACOALCOS,514.66,503.91,10.9,-.15
2020-11-30,10,COATZACOALCOS,528.39,519.7,8.24,.45
2020-11-30,11,COATZACOALCOS,526.65,522.5,3.55,.61
2020-11-30,12,COATZACOALCOS,535.9,527.72,6.09,2.09
2020-11-30,13,COATZACOALCOS,521.09,515.88,5.21,0
2020-11-30,14,COATZACOALCOS,565.43,538.61,15.92,10.9
2020-11-30,15,COATZACOALCOS,595.86,551.63,18.83,25.41
2020-11-30,16,COATZACOALCOS,615.99,565.45,16.89,33.65
2020-11-30,17,COATZACOALCOS,596.76,576.97,19.79,0
2020-11-30,18,COATZACOALCOS,652.63,640.52,12.12,0
2020-11-30,19,COATZACOALCOS,766.51,746.34,20.17,0
2020-11-30,20,COATZACOALCOS,604.29,598.05,6.24,0
2020-11-30,21,COATZACOALCOS,806.48,785,21.49,0
2020-11-30,22,COATZACOALCOS,774.64,755.81,18.83,0
2020-11-30,23,COATZACOALCOS,622.89,607.83,15.06,0
2020-11-30,24,COATZACOALCOS,570.63,556.3,14.33,0
2020-11-30,1,COLIMA,492.86,487.1,5.76,0
2020-11-30,2,COLIMA,464.85,462.35,3.3,-.8
2020-11-30,3,COLIMA,451.71,451.26,3.18,-2.73
2020-11-30,4,COLIMA,446.16,444.36,3.57,-1.77
2020-11-30,5,COLIMA,447.8,446.42,3.22,-1.84
2020-11-30,6,COLIMA,456.23,456.29,2.82,-2.89
2020-11-30,7,COLIMA,480.78,475.15,5.63,0
2020-11-30,8,COLIMA,513.87,506.41,7.46,0
2020-11-30,9,COLIMA,510.27,503.91,6.23,.13
2020-11-30,10,COLIMA,524.15,519.7,10.22,-5.76
2020-11-30,11,COLIMA,530.69,522.5,12.96,-4.77
2020-11-30,12,COLIMA,539.09,527.72,14.19,-2.82
2020-11-30,13,COLIMA,529.63,515.88,13.75,0
2020-11-30,14,COLIMA,551.55,538.61,14.62,-1.68
2020-11-30,15,COLIMA,562.86,551.63,15.15,-3.92
2020-11-30,16,COLIMA,574.85,565.45,14.59,-5.19
2020-11-30,17,COLIMA,591.29,576.97,14.32,0
2020-11-30,18,COLIMA,654.33,640.52,13.81,0
2020-11-30,19,COLIMA,759.36,746.34,13.03,0
2020-11-30,20,COLIMA,617.07,598.05,19.02,0
2020-11-30,21,COLIMA,809.23,785,24.23,0
2020-11-30,22,COLIMA,784.26,755.81,28.45,0
2020-11-30,23,COLIMA,633.44,607.83,25.61,0
2020-11-30,24,COLIMA,576.97,556.3,20.67,0
2020-11-30,1,CORDOBA,508.68,487.1,21.58,0
2020-11-30,2,CORDOBA,476.88,462.35,14.28,.26
2020-11-30,3,CORDOBA,461.44,451.26,9.3,.88
2020-11-30,4,CORDOBA,452.4,444.36,7.47,.57
2020-11-30,5,CORDOBA,455.29,446.42,8.27,.6
2020-11-30,6,CORDOBA,466.36,456.29,9.11,.96
2020-11-30,7,CORDOBA,483.04,475.15,7.89,0
2020-11-30,8,CORDOBA,515.65,506.41,9.24,0
2020-11-30,9,CORDOBA,516.58,503.91,12.82,-.16
2020-11-30,10,CORDOBA,531.44,519.7,11.24,.5
2020-11-30,11,CORDOBA,532.29,522.5,9.13,.66
2020-11-30,12,CORDOBA,541.77,527.72,11.86,2.19
2020-11-30,13,CORDOBA,527.02,515.88,11.13,0
2020-11-30,14,CORDOBA,567.4,538.61,17.43,11.36
2020-11-30,15,CORDOBA,597.42,551.63,19.31,26.48
2020-11-30,16,CORDOBA,619.52,565.45,19,35.07
2020-11-30,17,CORDOBA,596.17,576.97,19.2,0
2020-11-30,18,CORDOBA,656.22,640.52,15.7,0
2020-11-30,19,CORDOBA,767.78,746.34,21.45,0
2020-11-30,20,CORDOBA,608.6,598.05,10.55,0
2020-11-30,21,CORDOBA,804.92,785,19.92,0
2020-11-30,22,CORDOBA,771.59,755.81,15.78,0
2020-11-30,23,CORDOBA,618.31,607.83,10.48,0
2020-11-30,24,CORDOBA,564.62,556.3,8.33,0
2020-11-30,1,CUAUHTEMOC,432.59,487.1,-54.51,0
2020-11-30,2,CUAUHTEMOC,399.12,462.35,-59.88,-3.35
2020-11-30,3,CUAUHTEMOC,384.13,451.26,-55.65,-11.49
2020-11-30,4,CUAUHTEMOC,387.68,444.36,-49.22,-7.46
2020-11-30,5,CUAUHTEMOC,383.66,446.42,-55.02,-7.75
2020-11-30,6,CUAUHTEMOC,392.07,456.29,-52.47,-11.75
2020-11-30,7,CUAUHTEMOC,423.8,475.15,-51.35,0
2020-11-30,8,CUAUHTEMOC,435.37,506.41,-71.04,0
2020-11-30,9,CUAUHTEMOC,429.97,503.91,-71.65,-2.29
2020-11-30,10,CUAUHTEMOC,392.43,519.7,-68.56,-58.71
2020-11-30,11,CUAUHTEMOC,392.71,522.5,-70.73,-59.06
2020-11-30,12,CUAUHTEMOC,426.01,527.72,-67.77,-33.94
2020-11-30,13,CUAUHTEMOC,443.95,515.88,-71.93,0
2020-11-30,14,CUAUHTEMOC,455.22,538.61,-76.12,-7.27
2020-11-30,15,CUAUHTEMOC,456.38,551.63,-78.3,-16.94
2020-11-30,16,CUAUHTEMOC,453.85,565.45,-89.16,-22.44
2020-11-30,17,CUAUHTEMOC,495.82,576.97,-81.15,0
2020-11-30,18,CUAUHTEMOC,562.7,640.52,-77.82,0
2020-11-30,19,CUAUHTEMOC,683.08,746.34,-63.26,0
2020-11-30,20,CUAUHTEMOC,556.04,598.05,-42.01,0
2020-11-30,21,CUAUHTEMOC,711.26,785,-73.74,0
2020-11-30,22,CUAUHTEMOC,695.99,755.81,-59.82,0
2020-11-30,23,CUAUHTEMOC,556.17,607.83,-51.66,0
2020-11-30,24,CUAUHTEMOC,511.44,556.3,-44.85,0
2020-11-30,1,CUAUTLA,520.87,487.1,33.77,0
2020-11-30,2,CUAUTLA,489.96,462.35,27.44,.17
2020-11-30,3,CUAUTLA,475.69,451.26,23.84,.59
2020-11-30,4,CUAUTLA,467.15,444.36,22.4,.38
2020-11-30,5,CUAUTLA,469.55,446.42,22.73,.4
2020-11-30,6,CUAUTLA,481.06,456.29,24.1,.66
2020-11-30,7,CUAUTLA,500.79,475.15,25.63,0
2020-11-30,8,CUAUTLA,531.49,506.41,25.08,0
2020-11-30,9,CUAUTLA,532.19,503.91,28.41,-.13
2020-11-30,10,CUAUTLA,547.8,519.7,27.85,.25
2020-11-30,11,CUAUTLA,550.47,522.5,27.56,.41
2020-11-30,12,CUAUTLA,559.84,527.72,30.36,1.76
2020-11-30,13,CUAUTLA,545.23,515.88,29.35,0
2020-11-30,14,CUAUTLA,582.66,538.61,34.52,9.53
2020-11-30,15,CUAUTLA,610.09,551.63,36.26,22.2
2020-11-30,16,CUAUTLA,631.32,565.45,36.46,29.41
2020-11-30,17,CUAUTLA,612.77,576.97,35.8,0
2020-11-30,18,CUAUTLA,674.95,640.52,34.43,0
2020-11-30,19,CUAUTLA,791.3,746.34,44.97,0
2020-11-30,20,CUAUTLA,628.7,598.05,30.65,0
2020-11-30,21,CUAUTLA,829.74,785,44.74,0
2020-11-30,22,CUAUTLA,795.36,755.81,39.55,0
2020-11-30,23,CUAUTLA,638.15,607.83,30.31,0
2020-11-30,24,CUAUTLA,582.32,556.3,26.03,0
2020-11-30,1,CUERNAVACA,519.97,487.1,32.87,0
2020-11-30,2,CUERNAVACA,489.17,462.35,26.67,.16
2020-11-30,3,CUERNAVACA,474.96,451.26,23.17,.53
2020-11-30,4,CUERNAVACA,466.38,444.36,21.68,.34
2020-11-30,5,CUERNAVACA,468.72,446.42,21.95,.36
2020-11-30,6,CUERNAVACA,479.69,456.29,22.81,.59
2020-11-30,7,CUERNAVACA,499.09,475.15,23.94,0
2020-11-30,8,CUERNAVACA,530.66,506.41,24.26,0
2020-11-30,9,CUERNAVACA,531.29,503.91,27.5,-.12
2020-11-30,10,CUERNAVACA,546.97,519.7,27.11,.16
2020-11-30,11,CUERNAVACA,550.07,522.5,27.25,.33
2020-11-30,12,CUERNAVACA,559.39,527.72,30.01,1.66
2020-11-30,13,CUERNAVACA,545.16,515.88,29.27,0
2020-11-30,14,CUERNAVACA,582.22,538.61,34.42,9.19
2020-11-30,15,CUERNAVACA,609.08,551.63,36.03,21.42
2020-11-30,16,CUERNAVACA,629.15,565.45,35.33,28.37
2020-11-30,17,CUERNAVACA,609.72,576.97,32.75,0
2020-11-30,18,CUERNAVACA,670.51,640.52,29.99,0
2020-11-30,19,CUERNAVACA,787.72,746.34,41.38,0
2020-11-30,20,CUERNAVACA,625.88,598.05,27.83,0
2020-11-30,21,CUERNAVACA,827.65,785,42.65,0
2020-11-30,22,CUERNAVACA,793.5,755.81,37.7,0
2020-11-30,23,CUERNAVACA,636.85,607.83,29.01,0
2020-11-30,24,CUERNAVACA,580.87,556.3,24.57,0
2020-11-30,1,CULIACAN,442.97,487.1,-44.13,0
2020-11-30,2,CULIACAN,415.66,462.35,-44.72,-1.97
2020-11-30,3,CULIACAN,400.74,451.26,-43.76,-6.76
2020-11-30,4,CULIACAN,399.77,444.36,-40.19,-4.39
2020-11-30,5,CULIACAN,399.35,446.42,-42.52,-4.55
2020-11-30,6,CULIACAN,405.38,456.29,-43.97,-6.95
2020-11-30,7,CULIACAN,431.21,475.15,-43.95,0
2020-11-30,8,CULIACAN,443.62,506.41,-62.79,0
2020-11-30,9,CULIACAN,430.69,503.91,-72.26,-.96
2020-11-30,10,CULIACAN,431.38,519.7,-58.37,-29.95
2020-11-30,11,CULIACAN,434.64,522.5,-58.27,-29.59
2020-11-30,12,CULIACAN,454.03,527.72,-56.7,-16.99
2020-11-30,13,CULIACAN,457.17,515.88,-58.71,0
2020-11-30,14,CULIACAN,475.9,538.61,-58.05,-4.67
2020-11-30,15,CULIACAN,484.21,551.63,-56.54,-10.88
2020-11-30,16,CULIACAN,488.56,565.45,-62.48,-14.41
2020-11-30,17,CULIACAN,514.1,576.97,-62.87,0
2020-11-30,18,CULIACAN,578.82,640.52,-61.7,0
2020-11-30,19,CULIACAN,675.71,746.34,-70.62,0
2020-11-30,20,CULIACAN,561.81,598.05,-36.24,0
2020-11-30,21,CULIACAN,729,785,-56,0
2020-11-30,22,CULIACAN,713.1,755.81,-42.71,0
2020-11-30,23,CULIACAN,572.78,607.83,-35.05,0
2020-11-30,24,CULIACAN,527.13,556.3,-29.17,0
2020-11-30,1,DURANGO,454.09,487.1,-33.01,0
2020-11-30,2,DURANGO,427.29,462.35,-32.72,-2.34
2020-11-30,3,DURANGO,412.64,451.26,-30.59,-8.03
2020-11-30,4,DURANGO,412.88,444.36,-26.26,-5.22
2020-11-30,5,DURANGO,414.55,446.42,-26.46,-5.41
2020-11-30,6,DURANGO,416.67,456.29,-31.38,-8.24
2020-11-30,7,DURANGO,444.16,475.15,-30.99,0
2020-11-30,8,DURANGO,465.2,506.41,-41.21,0
2020-11-30,9,DURANGO,448.62,503.91,-53.98,-1.32
2020-11-30,10,DURANGO,435.82,519.7,-46.18,-37.7
2020-11-30,11,DURANGO,436.02,522.5,-48.86,-37.62
2020-11-30,12,DURANGO,454.02,527.72,-52.19,-21.51
2020-11-30,13,DURANGO,465,515.88,-50.88,0
2020-11-30,14,DURANGO,481.58,538.61,-51.4,-5.64
2020-11-30,15,DURANGO,486.85,551.63,-51.64,-13.13
2020-11-30,16,DURANGO,493.05,565.45,-55.01,-17.4
2020-11-30,17,DURANGO,525.92,576.97,-51.05,0
2020-11-30,18,DURANGO,601.78,640.52,-38.74,0
2020-11-30,19,DURANGO,711.68,746.34,-34.66,0
2020-11-30,20,DURANGO,587.41,598.05,-10.64,0
2020-11-30,21,DURANGO,762.39,785,-22.61,0
2020-11-30,22,DURANGO,742.23,755.81,-13.58,0
2020-11-30,23,DURANGO,595.91,607.83,-11.92,0
2020-11-30,24,DURANGO,538.52,556.3,-17.78,0
2020-11-30,1,FRESNILLO,465.57,487.1,-21.53,0
2020-11-30,2,FRESNILLO,438.24,462.35,-21.89,-2.22
2020-11-30,3,FRESNILLO,423.47,451.26,-20.13,-7.66
2020-11-30,4,FRESNILLO,420.33,444.36,-19.04,-4.99
2020-11-30,5,FRESNILLO,422.27,446.42,-18.97,-5.17
2020-11-30,6,FRESNILLO,427.4,456.29,-21,-7.9
2020-11-30,7,FRESNILLO,456.07,475.15,-19.09,0
2020-11-30,8,FRESNILLO,484.01,506.41,-22.4,0
2020-11-30,9,FRESNILLO,478.3,503.91,-27.49,1.87
2020-11-30,10,FRESNILLO,500.59,519.7,-20.89,1.79
2020-11-30,11,FRESNILLO,503.6,522.5,-21.1,2.19
2020-11-30,12,FRESNILLO,504.32,527.72,-24.21,.82
2020-11-30,13,FRESNILLO,494.18,515.88,-21.7,0
2020-11-30,14,FRESNILLO,510.39,538.61,-22.13,-6.1
2020-11-30,15,FRESNILLO,513.9,551.63,-23.47,-14.26
2020-11-30,16,FRESNILLO,520.31,565.45,-26.22,-18.91
2020-11-30,17,FRESNILLO,556.69,576.97,-20.28,0
2020-11-30,18,FRESNILLO,628.68,640.52,-11.84,0
2020-11-30,19,FRESNILLO,736.64,746.34,-9.7,0
2020-11-30,20,FRESNILLO,598.36,598.05,.31,0
2020-11-30,21,FRESNILLO,777.66,785,-7.34,0
2020-11-30,22,FRESNILLO,751.51,755.81,-4.3,0
2020-11-30,23,FRESNILLO,601.72,607.83,-6.12,0
2020-11-30,24,FRESNILLO,547.47,556.3,-8.83,0
2020-11-30,1,GUADALAJARA,487.78,487.1,.68,0
2020-11-30,2,GUADALAJARA,460.05,462.35,-1.42,-.88
2020-11-30,3,GUADALAJARA,446.63,451.26,-1.62,-3
2020-11-30,4,GUADALAJARA,441.31,444.36,-1.1,-1.95
2020-11-30,5,GUADALAJARA,442.91,446.42,-1.49,-2.02
2020-11-30,6,GUADALAJARA,451.34,456.29,-1.8,-3.15
2020-11-30,7,GUADALAJARA,476.44,475.15,1.28,0
2020-11-30,8,GUADALAJARA,508.32,506.41,1.91,0
2020-11-30,9,GUADALAJARA,503.55,503.91,-.5,.13
2020-11-30,10,GUADALAJARA,517.13,519.7,3.92,-6.49
2020-11-30,11,GUADALAJARA,523.72,522.5,6.67,-5.45
2020-11-30,12,GUADALAJARA,532.17,527.72,7.72,-3.27
2020-11-30,13,GUADALAJARA,523.74,515.88,7.86,0
2020-11-30,14,GUADALAJARA,545.98,538.61,9.6,-2.23
2020-11-30,15,GUADALAJARA,556.78,551.63,10.35,-5.2
2020-11-30,16,GUADALAJARA,568.57,565.45,10.01,-6.89
2020-11-30,17,GUADALAJARA,587.07,576.97,10.1,0
2020-11-30,18,GUADALAJARA,650.15,640.52,9.63,0
2020-11-30,19,GUADALAJARA,753.19,746.34,6.86,0
2020-11-30,20,GUADALAJARA,614.38,598.05,16.33,0
2020-11-30,21,GUADALAJARA,806.06,785,21.07,0
2020-11-30,22,GUADALAJARA,782.98,755.81,27.18,0
2020-11-30,23,GUADALAJARA,631.38,607.83,23.55,0
2020-11-30,24,GUADALAJARA,573.88,556.3,17.59,0
2020-11-30,1,GUASAVE,429.12,487.1,-57.98,0
2020-11-30,2,GUASAVE,402.52,462.35,-57.79,-2.04
2020-11-30,3,GUASAVE,387.46,451.26,-56.81,-7
2020-11-30,4,GUASAVE,387.31,444.36,-52.5,-4.55
2020-11-30,5,GUASAVE,386.34,446.42,-55.37,-4.72
2020-11-30,6,GUASAVE,392.58,456.29,-56.52,-7.19
2020-11-30,7,GUASAVE,417.95,475.15,-57.2,0
2020-11-30,8,GUASAVE,425.11,506.41,-81.29,0
2020-11-30,9,GUASAVE,411.18,503.91,-91.7,-1.03
2020-11-30,10,GUASAVE,413.01,519.7,-75.24,-31.45
2020-11-30,11,GUASAVE,415.37,522.5,-76,-31.13
2020-11-30,12,GUASAVE,435.25,527.72,-74.59,-17.88
2020-11-30,13,GUASAVE,437.72,515.88,-78.17,0
2020-11-30,14,GUASAVE,456.37,538.61,-77.44,-4.8
2020-11-30,15,GUASAVE,464.55,551.63,-75.88,-11.19
2020-11-30,16,GUASAVE,466.53,565.45,-84.09,-14.83
2020-11-30,17,GUASAVE,492.78,576.97,-84.19,0
2020-11-30,18,GUASAVE,558.35,640.52,-82.17,0
2020-11-30,19,GUASAVE,660.12,746.34,-86.22,0
2020-11-30,20,GUASAVE,550.08,598.05,-47.97,0
2020-11-30,21,GUASAVE,712.61,785,-72.39,0
2020-11-30,22,GUASAVE,697.2,755.81,-58.61,0
2020-11-30,23,GUASAVE,558.78,607.83,-49.06,0
2020-11-30,24,GUASAVE,512.54,556.3,-43.76,0
2020-11-30,1,GUAYMAS,407.6,487.1,-79.5,0
2020-11-30,2,GUAYMAS,381.67,462.35,-78.38,-2.31
2020-11-30,3,GUAYMAS,367.04,451.26,-76.32,-7.9
2020-11-30,4,GUAYMAS,369.8,444.36,-69.42,-5.13
2020-11-30,5,GUAYMAS,367.58,446.42,-73.52,-5.32
2020-11-30,6,GUAYMAS,374.83,456.29,-73.35,-8.11
2020-11-30,7,GUAYMAS,400.25,475.15,-74.9,0
2020-11-30,8,GUAYMAS,402.88,506.41,-103.53,0
2020-11-30,9,GUAYMAS,392.28,503.91,-110.37,-1.27
2020-11-30,10,GUAYMAS,377.71,519.7,-105.17,-36.82
2020-11-30,11,GUAYMAS,377.22,522.5,-108.65,-36.63
2020-11-30,12,GUAYMAS,401.09,527.72,-105.58,-21.05
2020-11-30,13,GUAYMAS,403.69,515.88,-112.19,0
2020-11-30,14,GUAYMAS,420.96,538.61,-112.36,-5.29
2020-11-30,15,GUAYMAS,428.21,551.63,-111.08,-12.34
2020-11-30,16,GUAYMAS,425.58,565.45,-123.53,-16.34
2020-11-30,17,GUAYMAS,453.26,576.97,-123.71,0
2020-11-30,18,GUAYMAS,521.63,640.52,-118.89,0
2020-11-30,19,GUAYMAS,638.07,746.34,-108.27,0
2020-11-30,20,GUAYMAS,521.47,598.05,-76.58,0
2020-11-30,21,GUAYMAS,672.39,785,-112.61,0
2020-11-30,22,GUAYMAS,659.91,755.81,-95.9,0
2020-11-30,23,GUAYMAS,527.13,607.83,-80.71,0
2020-11-30,24,GUAYMAS,480.99,556.3,-75.31,0
2020-11-30,1,HERMOSILLO,398.68,487.1,-88.42,0
2020-11-30,2,HERMOSILLO,372.48,462.35,-87.47,-2.4
2020-11-30,3,HERMOSILLO,358.31,451.26,-84.72,-8.23
2020-11-30,4,HERMOSILLO,362.55,444.36,-76.46,-5.35
2020-11-30,5,HERMOSILLO,361.07,446.42,-79.81,-5.55
2020-11-30,6,HERMOSILLO,368.92,456.29,-78.93,-8.45
2020-11-30,7,HERMOSILLO,394.38,475.15,-80.78,0
2020-11-30,8,HERMOSILLO,395.95,506.41,-110.46,0
2020-11-30,9,HERMOSILLO,389.98,503.91,-112.58,-1.36
2020-11-30,10,HERMOSILLO,369.5,519.7,-111.47,-38.72
2020-11-30,11,HERMOSILLO,369.15,522.5,-114.76,-38.58
2020-11-30,12,HERMOSILLO,394.79,527.72,-110.76,-22.17
2020-11-30,13,HERMOSILLO,396.84,515.88,-119.05,0
2020-11-30,14,HERMOSILLO,413.61,538.61,-119.54,-5.46
2020-11-30,15,HERMOSILLO,418.23,551.63,-120.67,-12.73
2020-11-30,16,HERMOSILLO,416.76,565.45,-131.82,-16.87
2020-11-30,17,HERMOSILLO,444.49,576.97,-132.48,0
2020-11-30,18,HERMOSILLO,508.4,640.52,-132.12,0
2020-11-30,19,HERMOSILLO,627.67,746.34,-118.67,0
2020-11-30,20,HERMOSILLO,512.88,598.05,-85.17,0
2020-11-30,21,HERMOSILLO,660.29,785,-124.71,0
2020-11-30,22,HERMOSILLO,650.07,755.81,-105.74,0
2020-11-30,23,HERMOSILLO,520.08,607.83,-87.76,0
2020-11-30,24,HERMOSILLO,474.18,556.3,-82.12,0
2020-11-30,1,HUAJUAPAN,542.81,487.1,55.71,0
2020-11-30,2,HUAJUAPAN,507.49,462.35,44.91,.23
2020-11-30,3,HUAJUAPAN,490.39,451.26,38.34,.79
2020-11-30,4,HUAJUAPAN,481.06,444.36,36.19,.51
2020-11-30,5,HUAJUAPAN,484.3,446.42,37.35,.54
2020-11-30,6,HUAJUAPAN,497.38,456.29,40.22,.87
2020-11-30,7,HUAJUAPAN,516.46,475.15,41.31,0
2020-11-30,8,HUAJUAPAN,550.15,506.41,43.74,0
2020-11-30,9,HUAJUAPAN,550.94,503.91,47.17,-.15
2020-11-30,10,HUAJUAPAN,566.53,519.7,46.39,.44
2020-11-30,11,HUAJUAPAN,567.65,522.5,44.55,.6
2020-11-30,12,HUAJUAPAN,577.13,527.72,47.35,2.07
2020-11-30,13,HUAJUAPAN,562.14,515.88,46.26,0
2020-11-30,14,HUAJUAPAN,604.26,538.61,54.83,10.83
2020-11-30,15,HUAJUAPAN,634.46,551.63,57.59,25.24
2020-11-30,16,HUAJUAPAN,657.33,565.45,58.46,33.43
2020-11-30,17,HUAJUAPAN,636.81,576.97,59.84,0
2020-11-30,18,HUAJUAPAN,702,640.52,61.48,0
2020-11-30,19,HUAJUAPAN,832.13,746.34,85.79,0
2020-11-30,20,HUAJUAPAN,662.81,598.05,64.76,0
2020-11-30,21,HUAJUAPAN,873.81,785,88.81,0
2020-11-30,22,HUAJUAPAN,833.75,755.81,77.94,0
2020-11-30,23,HUAJUAPAN,664.83,607.83,57,0
2020-11-30,24,HUAJUAPAN,604.17,556.3,47.88,0
2020-11-30,1,HUASTECA,470.46,487.1,-16.64,0
2020-11-30,2,HUASTECA,449.46,462.35,-13.68,.79
2020-11-30,3,HUASTECA,441.63,451.26,-12.34,2.72
2020-11-30,4,HUASTECA,434.11,444.36,-12.01,1.76
2020-11-30,5,HUASTECA,436.04,446.42,-12.22,1.83
2020-11-30,6,HUASTECA,446.38,456.29,-12.67,2.77
2020-11-30,7,HUASTECA,459.45,475.15,-15.71,0
2020-11-30,8,HUASTECA,488.31,506.41,-18.1,0
2020-11-30,9,HUASTECA,482.54,503.91,-20.94,-.43
2020-11-30,10,HUASTECA,501.7,519.7,-20.66,2.67
2020-11-30,11,HUASTECA,504.62,522.5,-20.81,2.93
2020-11-30,12,HUASTECA,505.13,527.72,-21.26,-1.33
2020-11-30,13,HUASTECA,495.65,515.88,-20.23,0
2020-11-30,14,HUASTECA,500.56,538.61,-21.29,-16.76
2020-11-30,15,HUASTECA,491.79,551.63,-20.74,-39.09
2020-11-30,16,HUASTECA,492.79,565.45,-20.84,-51.81
2020-11-30,17,HUASTECA,553.78,576.97,-23.19,0
2020-11-30,18,HUASTECA,621.02,640.52,-19.49,0
2020-11-30,19,HUASTECA,729.63,746.34,-16.7,0
2020-11-30,20,HUASTECA,586.68,598.05,-11.37,0
2020-11-30,21,HUASTECA,766.78,785,-18.22,0
2020-11-30,22,HUASTECA,736.41,755.81,-19.4,0
2020-11-30,23,HUASTECA,590.1,607.83,-17.74,0
2020-11-30,24,HUASTECA,537.22,556.3,-19.08,0
2020-11-30,1,HUATULCO,581.18,487.1,94.08,0
2020-11-30,2,HUATULCO,538.64,462.35,76.13,.16
2020-11-30,3,HUATULCO,517.98,451.26,66.18,.54
2020-11-30,4,HUATULCO,507.28,444.36,62.57,.35
2020-11-30,5,HUATULCO,512.2,446.42,65.41,.36
2020-11-30,6,HUATULCO,523.89,456.29,67.04,.56
2020-11-30,7,HUATULCO,541.73,475.15,66.57,0
2020-11-30,8,HUATULCO,573.43,506.41,67.02,0
2020-11-30,9,HUATULCO,576.44,503.91,72.65,-.13
2020-11-30,10,HUATULCO,593.32,519.7,73.52,.1
2020-11-30,11,HUATULCO,593.53,522.5,70.74,.29
2020-11-30,12,HUATULCO,604.45,527.72,75.02,1.72
2020-11-30,13,HUATULCO,589.85,515.88,73.97,0
2020-11-30,14,HUATULCO,634.5,538.61,86.16,9.74
2020-11-30,15,HUATULCO,667.68,551.63,93.36,22.69
2020-11-30,16,HUATULCO,689.31,565.45,93.81,30.06
2020-11-30,17,HUATULCO,666.83,576.97,89.86,0
2020-11-30,18,HUATULCO,731.36,640.52,90.84,0
2020-11-30,19,HUATULCO,886.01,746.34,139.68,0
2020-11-30,20,HUATULCO,709.77,598.05,111.72,0
2020-11-30,21,HUATULCO,941.38,785,156.38,0
2020-11-30,22,HUATULCO,896.59,755.81,140.78,0
2020-11-30,23,HUATULCO,713.89,607.83,106.05,0
2020-11-30,24,HUATULCO,644.78,556.3,88.48,0
2020-11-30,1,HUEJUTLA,470.18,487.1,-16.92,0
2020-11-30,2,HUEJUTLA,449.52,462.35,-13.74,.9
2020-11-30,3,HUEJUTLA,440.94,451.26,-13.42,3.1
2020-11-30,4,HUEJUTLA,432.75,444.36,-13.63,2.01
2020-11-30,5,HUEJUTLA,436.23,446.42,-12.28,2.09
2020-11-30,6,HUEJUTLA,447.45,456.29,-12.01,3.17
2020-11-30,7,HUEJUTLA,457.41,475.15,-17.74,0
2020-11-30,8,HUEJUTLA,486.08,506.41,-20.33,0
2020-11-30,9,HUEJUTLA,481.54,503.91,-21.86,-.51
2020-11-30,10,HUEJUTLA,500.41,519.7,-22.08,2.8
2020-11-30,11,HUEJUTLA,507.84,522.5,-17.7,3.04
2020-11-30,12,HUEJUTLA,514.42,527.72,-11.6,-1.7
2020-11-30,13,HUEJUTLA,504.12,515.88,-11.76,0
2020-11-30,14,HUEJUTLA,504.86,538.61,-14.57,-19.19
2020-11-30,15,HUEJUTLA,490.85,551.63,-16.26,-44.52
2020-11-30,16,HUEJUTLA,493.01,565.45,-13.47,-58.97
2020-11-30,17,HUEJUTLA,562.22,576.97,-14.75,0
2020-11-30,18,HUEJUTLA,620.82,640.52,-19.7,0
2020-11-30,19,HUEJUTLA,721.99,746.34,-24.34,0
2020-11-30,20,HUEJUTLA,576.89,598.05,-21.16,0
2020-11-30,21,HUEJUTLA,756.83,785,-28.16,0
2020-11-30,22,HUEJUTLA,727.44,755.81,-28.37,0
2020-11-30,23,HUEJUTLA,582.37,607.83,-25.47,0
2020-11-30,24,HUEJUTLA,531.49,556.3,-24.81,0
2020-11-30,1,IGUALA,542.11,487.1,55.01,0
2020-11-30,2,IGUALA,509.9,462.35,47.48,.07
2020-11-30,3,IGUALA,495.42,451.26,43.92,.24
2020-11-30,4,IGUALA,486.27,444.36,41.76,.16
2020-11-30,5,IGUALA,488.21,446.42,41.63,.16
2020-11-30,6,IGUALA,494.7,456.29,38.2,.21
2020-11-30,7,IGUALA,515.49,475.15,40.34,0
2020-11-30,8,IGUALA,554.55,506.41,48.14,0
2020-11-30,9,IGUALA,554.65,503.91,50.83,-.09
2020-11-30,10,IGUALA,571.09,519.7,51.66,-.27
2020-11-30,11,IGUALA,576.16,522.5,53.73,-.07
2020-11-30,12,IGUALA,586.36,527.72,57.39,1.26
2020-11-30,13,IGUALA,572.94,515.88,57.06,0
2020-11-30,14,IGUALA,609.78,538.61,63.07,8.1
2020-11-30,15,IGUALA,635.65,551.63,65.14,18.88
2020-11-30,16,IGUALA,649.05,565.45,58.59,25.01
2020-11-30,17,IGUALA,621.35,576.97,44.38,0
2020-11-30,18,IGUALA,677,640.52,36.48,0
2020-11-30,19,IGUALA,813.11,746.34,66.77,0
2020-11-30,20,IGUALA,648.23,598.05,50.18,0
2020-11-30,21,IGUALA,871.08,785,86.08,0
2020-11-30,22,IGUALA,834.87,755.81,79.06,0
2020-11-30,23,IGUALA,668.12,607.83,60.28,0
2020-11-30,24,IGUALA,604.94,556.3,48.64,0
2020-11-30,1,IRAPUATO,494.44,487.1,7.34,0
2020-11-30,2,IRAPUATO,468.31,462.35,6.35,-.39
2020-11-30,3,IRAPUATO,456.2,451.26,6.28,-1.34
2020-11-30,4,IRAPUATO,449.86,444.36,6.37,-.87
2020-11-30,5,IRAPUATO,452.06,446.42,6.54,-.9
2020-11-30,6,IRAPUATO,461.57,456.29,6.69,-1.41
2020-11-30,7,IRAPUATO,484.13,475.15,8.98,0
2020-11-30,8,IRAPUATO,517.81,506.41,11.41,0
2020-11-30,9,IRAPUATO,514.99,503.91,10.86,.21
2020-11-30,10,IRAPUATO,531.53,519.7,12.85,-1.02
2020-11-30,11,IRAPUATO,534.66,522.5,13.2,-1.04
2020-11-30,12,IRAPUATO,540.35,527.72,13.38,-.75
2020-11-30,13,IRAPUATO,529.71,515.88,13.82,0
2020-11-30,14,IRAPUATO,552.41,538.61,15.29,-1.49
2020-11-30,15,IRAPUATO,563.93,551.63,15.77,-3.47
2020-11-30,16,IRAPUATO,576.64,565.45,15.78,-4.59
2020-11-30,17,IRAPUATO,593.91,576.97,16.94,0
2020-11-30,18,IRAPUATO,660.46,640.52,19.94,0
2020-11-30,19,IRAPUATO,769.73,746.34,23.39,0
2020-11-30,20,IRAPUATO,619.8,598.05,21.75,0
2020-11-30,21,IRAPUATO,813.34,785,28.34,0
2020-11-30,22,IRAPUATO,784.28,755.81,28.47,0
2020-11-30,23,IRAPUATO,630.29,607.83,22.45,0
2020-11-30,24,IRAPUATO,575.34,556.3,19.04,0
2020-11-30,1,IXMIQUILPAN,510.85,487.1,23.75,0
2020-11-30,2,IXMIQUILPAN,483.3,462.35,20.9,.05
2020-11-30,3,IXMIQUILPAN,470.62,451.26,19.18,.19
2020-11-30,4,IXMIQUILPAN,463.14,444.36,18.66,.12
2020-11-30,5,IXMIQUILPAN,465.77,446.42,19.22,.13
2020-11-30,6,IXMIQUILPAN,477.58,456.29,21.07,.22
2020-11-30,7,IXMIQUILPAN,498.81,475.15,23.66,0
2020-11-30,8,IXMIQUILPAN,530.85,506.41,24.44,0
2020-11-30,9,IXMIQUILPAN,530.04,503.91,26.17,-.04
2020-11-30,10,IXMIQUILPAN,546.22,519.7,26.43,.09
2020-11-30,11,IXMIQUILPAN,551.52,522.5,28.83,.19
2020-11-30,12,IXMIQUILPAN,557.37,527.72,28.82,.83
2020-11-30,13,IXMIQUILPAN,540.45,515.88,24.56,0
2020-11-30,14,IXMIQUILPAN,566.82,538.61,23.97,4.24
2020-11-30,15,IXMIQUILPAN,576.43,551.63,14.91,9.9
2020-11-30,16,IXMIQUILPAN,593.89,565.45,15.3,13.14
2020-11-30,17,IXMIQUILPAN,600.65,576.97,23.68,0
2020-11-30,18,IXMIQUILPAN,646.92,640.52,6.4,0
2020-11-30,19,IXMIQUILPAN,757.02,746.34,10.68,0
2020-11-30,20,IXMIQUILPAN,604.79,598.05,6.74,0
2020-11-30,21,IXMIQUILPAN,794.45,785,9.45,0
2020-11-30,22,IXMIQUILPAN,760.63,755.81,4.82,0
2020-11-30,23,IXMIQUILPAN,608.82,607.83,.99,0
2020-11-30,24,IXMIQUILPAN,577.51,556.3,21.21,0
2020-11-30,1,IZUCAR,526.05,487.1,38.95,0
2020-11-30,2,IZUCAR,494.03,462.35,31.46,.22
2020-11-30,3,IZUCAR,479.11,451.26,27.08,.77
2020-11-30,4,IZUCAR,470.4,444.36,25.54,.5
2020-11-30,5,IZUCAR,473.17,446.42,26.23,.52
2020-11-30,6,IZUCAR,485.6,456.29,28.47,.84
2020-11-30,7,IZUCAR,504.71,475.15,29.56,0
2020-11-30,8,IZUCAR,537.1,506.41,30.69,0
2020-11-30,9,IZUCAR,537.3,503.91,33.53,-.15
2020-11-30,10,IZUCAR,553.06,519.7,32.94,.43
2020-11-30,11,IZUCAR,555.26,522.5,32.18,.58
2020-11-30,12,IZUCAR,564.82,527.72,35.08,2.03
2020-11-30,13,IZUCAR,550.12,515.88,34.24,0
2020-11-30,14,IZUCAR,589.74,538.61,40.53,10.61
2020-11-30,15,IZUCAR,618.63,551.63,42.28,24.72
2020-11-30,16,IZUCAR,640.87,565.45,42.69,32.74
2020-11-30,17,IZUCAR,620.22,576.97,43.25,0
2020-11-30,18,IZUCAR,683.19,640.52,42.68,0
2020-11-30,19,IZUCAR,802.78,746.34,56.44,0
2020-11-30,20,IZUCAR,637.97,598.05,39.92,0
2020-11-30,21,IZUCAR,840.54,785,55.54,0
2020-11-30,22,IZUCAR,804.65,755.81,48.84,0
2020-11-30,23,IZUCAR,645.38,607.83,37.54,0
2020-11-30,24,IZUCAR,588.76,556.3,32.47,0
2020-11-30,1,JIQUILPAN,494.12,487.1,7.02,0
2020-11-30,2,JIQUILPAN,466.4,462.35,4.64,-.59
2020-11-30,3,JIQUILPAN,453.57,451.26,4.34,-2.03
2020-11-30,4,JIQUILPAN,447.37,444.36,4.34,-1.32
2020-11-30,5,JIQUILPAN,449.24,446.42,4.19,-1.37
2020-11-30,6,JIQUILPAN,458.14,456.29,4.04,-2.18
2020-11-30,7,JIQUILPAN,482.34,475.15,7.19,0
2020-11-30,8,JIQUILPAN,515.84,506.41,9.43,0
2020-11-30,9,JIQUILPAN,512.57,503.91,8.52,.14
2020-11-30,10,JIQUILPAN,527.24,519.7,11.29,-3.74
2020-11-30,11,JIQUILPAN,533.17,522.5,13.85,-3.17
2020-11-30,12,JIQUILPAN,541.12,527.72,15.23,-1.83
2020-11-30,13,JIQUILPAN,531.21,515.88,15.33,0
2020-11-30,14,JIQUILPAN,555.19,538.61,17.44,-.86
2020-11-30,15,JIQUILPAN,567.27,551.63,17.65,-2.01
2020-11-30,16,JIQUILPAN,580.36,565.45,17.58,-2.67
2020-11-30,17,JIQUILPAN,593.78,576.97,16.82,0
2020-11-30,18,JIQUILPAN,656.04,640.52,15.52,0
2020-11-30,19,JIQUILPAN,762.96,746.34,16.62,0
2020-11-30,20,JIQUILPAN,617.33,598.05,19.28,0
2020-11-30,21,JIQUILPAN,810.22,785,25.22,0
2020-11-30,22,JIQUILPAN,783.34,755.81,27.53,0
2020-11-30,23,JIQUILPAN,632.23,607.83,24.4,0
2020-11-30,24,JIQUILPAN,576.05,556.3,19.75,0
2020-11-30,1,JUAREZ,403.39,487.1,-83.71,0
2020-11-30,2,JUAREZ,369.14,462.35,-89.99,-3.22
2020-11-30,3,JUAREZ,357.85,451.26,-82.37,-11.04
2020-11-30,4,JUAREZ,363.72,444.36,-73.47,-7.17
2020-11-30,5,JUAREZ,356.58,446.42,-82.39,-7.45
2020-11-30,6,JUAREZ,368.56,456.29,-76.43,-11.3
2020-11-30,7,JUAREZ,397.04,475.15,-78.11,0
2020-11-30,8,JUAREZ,400.77,506.41,-105.64,0
2020-11-30,9,JUAREZ,401.16,503.91,-100.6,-2.16
2020-11-30,10,JUAREZ,363.83,519.7,-100.02,-55.85
2020-11-30,11,JUAREZ,361.94,522.5,-104.43,-56.13
2020-11-30,12,JUAREZ,398.74,527.72,-96.72,-32.26
2020-11-30,13,JUAREZ,409.05,515.88,-106.83,0
2020-11-30,14,JUAREZ,417.94,538.61,-113.65,-7.01
2020-11-30,15,JUAREZ,418.06,551.63,-117.23,-16.34
2020-11-30,16,JUAREZ,409.17,565.45,-134.63,-21.65
2020-11-30,17,JUAREZ,450.14,576.97,-126.84,0
2020-11-30,18,JUAREZ,499.73,640.52,-140.79,0
2020-11-30,19,JUAREZ,617.85,746.34,-128.49,0
2020-11-30,20,JUAREZ,506.69,598.05,-91.36,0
2020-11-30,21,JUAREZ,648.41,785,-136.59,0
2020-11-30,22,JUAREZ,635.78,755.81,-120.03,0
2020-11-30,23,JUAREZ,506.95,607.83,-100.89,0
2020-11-30,24,JUAREZ,467.57,556.3,-88.72,0
2020-11-30,1,LAGUNA,450.1,487.1,-37,0
2020-11-30,2,LAGUNA,421.65,462.35,-37.5,-3.2
2020-11-30,3,LAGUNA,405.27,451.26,-35.01,-10.98
2020-11-30,4,LAGUNA,405.07,444.36,-32.16,-7.13
2020-11-30,5,LAGUNA,406.29,446.42,-32.73,-7.4
2020-11-30,6,LAGUNA,409.76,456.29,-35.3,-11.23
2020-11-30,7,LAGUNA,441.95,475.15,-33.21,0
2020-11-30,8,LAGUNA,464.27,506.41,-42.13,0
2020-11-30,9,LAGUNA,445.4,503.91,-56.22,-2.3
2020-11-30,10,LAGUNA,412.05,519.7,-50.1,-57.55
2020-11-30,11,LAGUNA,412.02,522.5,-52.59,-57.89
2020-11-30,12,LAGUNA,439.24,527.72,-55.57,-32.91
2020-11-30,13,LAGUNA,462.58,515.88,-53.3,0
2020-11-30,14,LAGUNA,477.32,538.61,-54.18,-7.11
2020-11-30,15,LAGUNA,479.05,551.63,-56.01,-16.57
2020-11-30,16,LAGUNA,482.41,565.45,-61.1,-21.95
2020-11-30,17,LAGUNA,518.28,576.97,-58.69,0
2020-11-30,18,LAGUNA,598.54,640.52,-41.98,0
2020-11-30,19,LAGUNA,710.75,746.34,-35.59,0
2020-11-30,20,LAGUNA,582.72,598.05,-15.33,0
2020-11-30,21,LAGUNA,751.33,785,-33.67,0
2020-11-30,22,LAGUNA,730.22,755.81,-25.59,0
2020-11-30,23,LAGUNA,587.16,607.83,-20.68,0
2020-11-30,24,LAGUNA,533.29,556.3,-23.01,0
2020-11-30,1,LAZARO CARDENAS,510.07,487.1,22.97,0
2020-11-30,2,LAZARO CARDENAS,481.72,462.35,19.59,-.22
2020-11-30,3,LAZARO CARDENAS,470.39,451.26,19.88,-.75
2020-11-30,4,LAZARO CARDENAS,462.65,444.36,18.78,-.49
2020-11-30,5,LAZARO CARDENAS,463.98,446.42,18.08,-.53
2020-11-30,6,LAZARO CARDENAS,472.82,456.29,17.62,-1.09
2020-11-30,7,LAZARO CARDENAS,496.09,475.15,20.94,0
2020-11-30,8,LAZARO CARDENAS,532.34,506.41,25.94,0
2020-11-30,9,LAZARO CARDENAS,528.31,503.91,24.38,.01
2020-11-30,10,LAZARO CARDENAS,539.76,519.7,21.82,-1.75
2020-11-30,11,LAZARO CARDENAS,547.11,522.5,26.04,-1.42
2020-11-30,12,LAZARO CARDENAS,556.65,527.72,29.07,-.14
2020-11-30,13,LAZARO CARDENAS,546.15,515.88,30.27,0
2020-11-30,14,LAZARO CARDENAS,575.96,538.61,33.04,4.31
2020-11-30,15,LAZARO CARDENAS,593.3,551.63,31.63,10.05
2020-11-30,16,LAZARO CARDENAS,611.36,565.45,32.6,13.31
2020-11-30,17,LAZARO CARDENAS,604.56,576.97,27.59,0
2020-11-30,18,LAZARO CARDENAS,663.26,640.52,22.74,0
2020-11-30,19,LAZARO CARDENAS,773.27,746.34,26.93,0
2020-11-30,20,LAZARO CARDENAS,615.21,598.05,17.16,0
2020-11-30,21,LAZARO CARDENAS,810.47,785,25.47,0
2020-11-30,22,LAZARO CARDENAS,779.33,755.81,23.52,0
2020-11-30,23,LAZARO CARDENAS,634.62,607.83,26.79,0
2020-11-30,24,LAZARO CARDENAS,585.69,556.3,29.4,0
2020-11-30,1,LEON,493.71,487.1,6.61,0
2020-11-30,2,LEON,467.1,462.35,5.28,-.54
2020-11-30,3,LEON,454.75,451.26,5.33,-1.84
2020-11-30,4,LEON,448.66,444.36,5.5,-1.19
2020-11-30,5,LEON,450.83,446.42,5.65,-1.24
2020-11-30,6,LEON,460.3,456.29,5.92,-1.92
2020-11-30,7,LEON,483.73,475.15,8.58,0
2020-11-30,8,LEON,518.04,506.41,11.64,0
2020-11-30,9,LEON,515.2,503.91,10.97,.31
2020-11-30,10,LEON,532.45,519.7,13.7,-.95
2020-11-30,11,LEON,535.84,522.5,14.24,-.89
2020-11-30,12,LEON,541.27,527.72,14.32,-.76
2020-11-30,13,LEON,530.97,515.88,15.09,0
2020-11-30,14,LEON,552.91,538.61,16.62,-2.31
2020-11-30,15,LEON,562.9,551.63,16.67,-5.39
2020-11-30,16,LEON,575.39,565.45,17.08,-7.14
2020-11-30,17,LEON,596.12,576.97,19.15,0
2020-11-30,18,LEON,664.86,640.52,24.34,0
2020-11-30,19,LEON,774.17,746.34,27.83,0
2020-11-30,20,LEON,623.71,598.05,25.66,0
2020-11-30,21,LEON,817.05,785,32.05,0
2020-11-30,22,LEON,788.5,755.81,32.69,0
2020-11-30,23,LEON,633.47,607.83,25.64,0
2020-11-30,24,LEON,576.96,556.3,20.67,0
2020-11-30,1,LOS ALTOS,492.78,487.1,5.68,0
2020-11-30,2,LOS ALTOS,465.54,462.35,3.98,-.79
2020-11-30,3,LOS ALTOS,452.88,451.26,4.32,-2.7
2020-11-30,4,LOS ALTOS,447.41,444.36,4.81,-1.76
2020-11-30,5,LOS ALTOS,449.57,446.42,4.97,-1.83
2020-11-30,6,LOS ALTOS,458.49,456.29,5.02,-2.83
2020-11-30,7,LOS ALTOS,483.94,475.15,8.79,0
2020-11-30,8,LOS ALTOS,517.48,506.41,11.07,0
2020-11-30,9,LOS ALTOS,512.99,503.91,8.67,.41
2020-11-30,10,LOS ALTOS,529.11,519.7,11.64,-2.23
2020-11-30,11,LOS ALTOS,533.71,522.5,12.95,-1.74
2020-11-30,12,LOS ALTOS,539.2,527.72,12.81,-1.33
2020-11-30,13,LOS ALTOS,528.88,515.88,12.99,0
2020-11-30,14,LOS ALTOS,549.72,538.61,14.32,-3.22
2020-11-30,15,LOS ALTOS,558.47,551.63,14.35,-7.51
2020-11-30,16,LOS ALTOS,570.73,565.45,15.18,-9.89
2020-11-30,17,LOS ALTOS,595.34,576.97,18.37,0
2020-11-30,18,LOS ALTOS,665,640.52,24.48,0
2020-11-30,19,LOS ALTOS,774.59,746.34,28.26,0
2020-11-30,20,LOS ALTOS,627.05,598.05,29,0
2020-11-30,21,LOS ALTOS,819.62,785,34.62,0
2020-11-30,22,LOS ALTOS,791.72,755.81,35.91,0
2020-11-30,23,LOS ALTOS,636.44,607.83,28.61,0
2020-11-30,24,LOS ALTOS,578.93,556.3,22.64,0
2020-11-30,1,LOS MOCHIS,419.9,487.1,-67.21,0
2020-11-30,2,LOS MOCHIS,394.57,462.35,-65.7,-2.08
2020-11-30,3,LOS MOCHIS,379.71,451.26,-64.43,-7.12
2020-11-30,4,LOS MOCHIS,380.02,444.36,-59.71,-4.63
2020-11-30,5,LOS MOCHIS,378.84,446.42,-62.79,-4.8
2020-11-30,6,LOS MOCHIS,385.12,456.29,-63.86,-7.32
2020-11-30,7,LOS MOCHIS,410.1,475.15,-65.05,0
2020-11-30,8,LOS MOCHIS,414.03,506.41,-92.37,0
2020-11-30,9,LOS MOCHIS,400.13,503.91,-102.72,-1.06
2020-11-30,10,LOS MOCHIS,401.92,519.7,-85.57,-32.22
2020-11-30,11,LOS MOCHIS,403.63,522.5,-86.96,-31.91
2020-11-30,12,LOS MOCHIS,422.91,527.72,-86.48,-18.33
2020-11-30,13,LOS MOCHIS,425.27,515.88,-90.61,0
2020-11-30,14,LOS MOCHIS,441.76,538.61,-91.96,-4.88
2020-11-30,15,LOS MOCHIS,448.31,551.63,-91.94,-11.38
2020-11-30,16,LOS MOCHIS,447.75,565.45,-102.62,-15.08
2020-11-30,17,LOS MOCHIS,474.16,576.97,-102.81,0
2020-11-30,18,LOS MOCHIS,538.89,640.52,-101.63,0
2020-11-30,19,LOS MOCHIS,645.16,746.34,-101.17,0
2020-11-30,20,LOS MOCHIS,538.98,598.05,-59.07,0
2020-11-30,21,LOS MOCHIS,697.98,785,-87.02,0
2020-11-30,22,LOS MOCHIS,683.57,755.81,-72.24,0
2020-11-30,23,LOS MOCHIS,547.89,607.83,-59.95,0
2020-11-30,24,LOS MOCHIS,502.62,556.3,-53.68,0
2020-11-30,1,LOS RIOS,532.8,487.1,45.7,0
2020-11-30,2,LOS RIOS,494.47,462.35,31.89,.24
2020-11-30,3,LOS RIOS,475.25,451.26,23.18,.81
2020-11-30,4,LOS RIOS,466.29,444.36,21.41,.52
2020-11-30,5,LOS RIOS,468.75,446.42,21.78,.55
2020-11-30,6,LOS RIOS,479.51,456.29,22.34,.88
2020-11-30,7,LOS RIOS,492.33,475.15,17.18,0
2020-11-30,8,LOS RIOS,520.02,506.41,13.61,0
2020-11-30,9,LOS RIOS,523.4,503.91,19.63,-.15
2020-11-30,10,LOS RIOS,536.52,519.7,16.37,.45
2020-11-30,11,LOS RIOS,533.69,522.5,10.59,.61
2020-11-30,12,LOS RIOS,542.04,527.72,12.24,2.08
2020-11-30,13,LOS RIOS,527.8,515.88,11.92,0
2020-11-30,14,LOS RIOS,576.18,538.61,26.68,10.89
2020-11-30,15,LOS RIOS,605.74,551.63,28.72,25.39
2020-11-30,16,LOS RIOS,624.26,565.45,25.19,33.62
2020-11-30,17,LOS RIOS,605.31,576.97,28.34,0
2020-11-30,18,LOS RIOS,661.78,640.52,21.26,0
2020-11-30,19,LOS RIOS,779.37,746.34,33.03,0
2020-11-30,20,LOS RIOS,612.44,598.05,14.39,0
2020-11-30,21,LOS RIOS,817.68,785,32.69,0
2020-11-30,22,LOS RIOS,784.21,755.81,28.41,0
2020-11-30,23,LOS RIOS,629.89,607.83,22.05,0
2020-11-30,24,LOS RIOS,578.27,556.3,21.98,0
2020-11-30,1,LOS TUXTLAS,520.37,487.1,33.27,0
2020-11-30,2,LOS TUXTLAS,484.6,462.35,22.02,.24
2020-11-30,3,LOS TUXTLAS,467.27,451.26,15.19,.82
2020-11-30,4,LOS TUXTLAS,457.97,444.36,13.08,.53
2020-11-30,5,LOS TUXTLAS,460.09,446.42,13.11,.56
2020-11-30,6,LOS TUXTLAS,471.03,456.29,13.85,.9
2020-11-30,7,LOS TUXTLAS,486.38,475.15,11.22,0
2020-11-30,8,LOS TUXTLAS,516.28,506.41,9.87,0
2020-11-30,9,LOS TUXTLAS,518.29,503.91,14.53,-.16
2020-11-30,10,LOS TUXTLAS,532.42,519.7,12.26,.46
2020-11-30,11,LOS TUXTLAS,531.5,522.5,8.39,.62
2020-11-30,12,LOS TUXTLAS,539.62,527.72,9.79,2.11
2020-11-30,13,LOS TUXTLAS,524.67,515.88,8.79,0
2020-11-30,14,LOS TUXTLAS,568.86,538.61,19.25,11.01
2020-11-30,15,LOS TUXTLAS,602.93,551.63,25.65,25.65
2020-11-30,16,LOS TUXTLAS,619.76,565.45,20.35,33.96
2020-11-30,17,LOS TUXTLAS,598.58,576.97,21.61,0
2020-11-30,18,LOS TUXTLAS,657.63,640.52,17.12,0
2020-11-30,19,LOS TUXTLAS,774.56,746.34,28.22,0
2020-11-30,20,LOS TUXTLAS,613.07,598.05,15.02,0
2020-11-30,21,LOS TUXTLAS,814.23,785,29.24,0
2020-11-30,22,LOS TUXTLAS,778.07,755.81,22.27,0
2020-11-30,23,LOS TUXTLAS,622.78,607.83,14.95,0
2020-11-30,24,LOS TUXTLAS,567.17,556.3,10.87,0
2020-11-30,1,MANZANILLO,484.84,487.1,-2.26,0
2020-11-30,2,MANZANILLO,457.2,462.35,-4.35,-.79
2020-11-30,3,MANZANILLO,444.18,451.26,-4.36,-2.71
2020-11-30,4,MANZANILLO,438.59,444.36,-4,-1.76
2020-11-30,5,MANZANILLO,440.32,446.42,-4.28,-1.83
2020-11-30,6,MANZANILLO,448.64,456.29,-4.78,-2.87
2020-11-30,7,MANZANILLO,472.71,475.15,-2.45,0
2020-11-30,8,MANZANILLO,504.58,506.41,-1.82,0
2020-11-30,9,MANZANILLO,500.04,503.91,-4,.13
2020-11-30,10,MANZANILLO,513.46,519.7,-.51,-5.73
2020-11-30,11,MANZANILLO,519.78,522.5,2.02,-4.74
2020-11-30,12,MANZANILLO,527.96,527.72,3.04,-2.8
2020-11-30,13,MANZANILLO,519.58,515.88,3.69,0
2020-11-30,14,MANZANILLO,541.63,538.61,4.68,-1.65
2020-11-30,15,MANZANILLO,552.79,551.63,5.02,-3.86
2020-11-30,16,MANZANILLO,564.89,565.45,4.55,-5.11
2020-11-30,17,MANZANILLO,581.56,576.97,4.59,0
2020-11-30,18,MANZANILLO,643.83,640.52,3.31,0
2020-11-30,19,MANZANILLO,747.79,746.34,1.46,0
2020-11-30,20,MANZANILLO,608.08,598.05,10.03,0
2020-11-30,21,MANZANILLO,797.76,785,12.76,0
2020-11-30,22,MANZANILLO,773.33,755.81,17.52,0
2020-11-30,23,MANZANILLO,623.71,607.83,15.88,0
2020-11-30,24,MANZANILLO,567.65,556.3,11.36,0
2020-11-30,1,MATAMOROS,387.69,487.1,-99.41,0
2020-11-30,2,MATAMOROS,366.12,462.35,-91.78,-4.44
2020-11-30,3,MATAMOROS,353.75,451.26,-82.28,-15.23
2020-11-30,4,MATAMOROS,354.69,444.36,-79.77,-9.9
2020-11-30,5,MATAMOROS,356.27,446.42,-79.88,-10.27
2020-11-30,6,MATAMOROS,354.12,456.29,-86.63,-15.55
2020-11-30,7,MATAMOROS,386.58,475.15,-88.58,0
2020-11-30,8,MATAMOROS,405.61,506.41,-100.8,0
2020-11-30,9,MATAMOROS,393.82,503.91,-107.05,-3.04
2020-11-30,10,MATAMOROS,353.92,519.7,-87.5,-78.27
2020-11-30,11,MATAMOROS,356.43,522.5,-86.98,-79.09
2020-11-30,12,MATAMOROS,367.53,527.72,-96.34,-63.85
2020-11-30,13,MATAMOROS,424.55,515.88,-91.34,0
2020-11-30,14,MATAMOROS,435.82,538.61,-93.64,-9.15
2020-11-30,15,MATAMOROS,437.2,551.63,-93.1,-21.33
2020-11-30,16,MATAMOROS,434.16,565.45,-103.04,-28.25
2020-11-30,17,MATAMOROS,488.61,576.97,-88.36,0
2020-11-30,18,MATAMOROS,556.78,640.52,-83.74,0
2020-11-30,19,MATAMOROS,650.52,746.34,-95.81,0
2020-11-30,20,MATAMOROS,522.53,598.05,-75.52,0
2020-11-30,21,MATAMOROS,672.02,785,-112.98,0
2020-11-30,22,MATAMOROS,651.03,755.81,-104.78,0
2020-11-30,23,MATAMOROS,519.58,607.83,-88.26,0
2020-11-30,24,MATAMOROS,473.88,556.3,-82.41,0
2020-11-30,1,MATEHUALA,487.85,487.1,.75,0
2020-11-30,2,MATEHUALA,460.55,462.35,-1.5,-.31
2020-11-30,3,MATEHUALA,450.71,451.26,.5,-1.05
2020-11-30,4,MATEHUALA,443.35,444.36,-.33,-.68
2020-11-30,5,MATEHUALA,446.15,446.42,.43,-.71
2020-11-30,6,MATEHUALA,456.59,456.29,1.39,-1.09
2020-11-30,7,MATEHUALA,481,475.15,5.85,0
2020-11-30,8,MATEHUALA,516.94,506.41,10.53,0
2020-11-30,9,MATEHUALA,510.99,503.91,6.84,.25
2020-11-30,10,MATEHUALA,528.88,519.7,8.78,.4
2020-11-30,11,MATEHUALA,530.1,522.5,6.88,.72
2020-11-30,12,MATEHUALA,529.49,527.72,2.49,-.72
2020-11-30,13,MATEHUALA,515.74,515.88,-.14,0
2020-11-30,14,MATEHUALA,532.53,538.61,1.11,-7.18
2020-11-30,15,MATEHUALA,539.87,551.63,4.99,-16.74
2020-11-30,16,MATEHUALA,548.85,565.45,5.58,-22.17
2020-11-30,17,MATEHUALA,582.21,576.97,5.24,0
2020-11-30,18,MATEHUALA,653.77,640.52,13.25,0
2020-11-30,19,MATEHUALA,755.51,746.34,9.18,0
2020-11-30,20,MATEHUALA,607.96,598.05,9.91,0
2020-11-30,21,MATEHUALA,794.25,785,9.26,0
2020-11-30,22,MATEHUALA,765.21,755.81,9.4,0
2020-11-30,23,MATEHUALA,622.01,607.83,14.18,0
2020-11-30,24,MATEHUALA,571.33,556.3,15.03,0
2020-11-30,1,MAZATLAN,459.67,487.1,-27.43,0
2020-11-30,2,MAZATLAN,431.77,462.35,-28.71,-1.87
2020-11-30,3,MAZATLAN,416.62,451.26,-28.23,-6.41
2020-11-30,4,MAZATLAN,414.61,444.36,-25.59,-4.16
2020-11-30,5,MAZATLAN,415.08,446.42,-27.02,-4.32
2020-11-30,6,MAZATLAN,420.79,456.29,-28.9,-6.6
2020-11-30,7,MAZATLAN,447.23,475.15,-27.92,0
2020-11-30,8,MAZATLAN,466.43,506.41,-39.98,0
2020-11-30,9,MAZATLAN,454.25,503.91,-48.81,-.86
2020-11-30,10,MAZATLAN,453.91,519.7,-38.04,-27.75
2020-11-30,11,MAZATLAN,457.59,522.5,-37.57,-27.34
2020-11-30,12,MAZATLAN,475.2,527.72,-36.83,-15.7
2020-11-30,13,MAZATLAN,478.37,515.88,-37.51,0
2020-11-30,14,MAZATLAN,497.02,538.61,-37.12,-4.48
2020-11-30,15,MAZATLAN,505.29,551.63,-35.91,-10.43
2020-11-30,16,MAZATLAN,512.29,565.45,-39.34,-13.82
2020-11-30,17,MAZATLAN,536.98,576.97,-39.99,0
2020-11-30,18,MAZATLAN,602.28,640.52,-38.24,0
2020-11-30,19,MAZATLAN,708.47,746.34,-37.86,0
2020-11-30,20,MAZATLAN,586.77,598.05,-11.28,0
2020-11-30,21,MAZATLAN,764.55,785,-20.45,0
2020-11-30,22,MAZATLAN,747.76,755.81,-8.05,0
2020-11-30,23,MAZATLAN,602.68,607.83,-5.16,0
2020-11-30,24,MAZATLAN,544.69,556.3,-11.61,0
2020-11-30,1,MERIDA,535.15,487.1,48.05,0
2020-11-30,2,MERIDA,497.37,462.35,34.78,.24
2020-11-30,3,MERIDA,479.18,451.26,27.12,.81
2020-11-30,4,MERIDA,472.82,444.36,27.94,.52
2020-11-30,5,MERIDA,474.81,446.42,27.84,.55
2020-11-30,6,MERIDA,481.85,456.29,24.67,.88
2020-11-30,7,MERIDA,493.97,475.15,18.82,0
2020-11-30,8,MERIDA,519.11,506.41,12.7,0
2020-11-30,9,MERIDA,524.48,503.91,20.72,-.15
2020-11-30,10,MERIDA,534.72,519.7,14.57,.45
2020-11-30,11,MERIDA,530.76,522.5,7.66,.61
2020-11-30,12,MERIDA,533.6,527.72,3.8,2.08
2020-11-30,13,MERIDA,520.75,515.88,4.86,0
2020-11-30,14,MERIDA,567.3,538.61,17.8,10.89
2020-11-30,15,MERIDA,596.21,551.63,19.19,25.39
2020-11-30,16,MERIDA,612.94,565.45,13.87,33.62
2020-11-30,17,MERIDA,596.11,576.97,19.14,0
2020-11-30,18,MERIDA,650.47,640.52,9.95,0
2020-11-30,19,MERIDA,759.5,746.34,13.17,0
2020-11-30,20,MERIDA,593.88,598.05,-4.17,0
2020-11-30,21,MERIDA,790.65,785,5.65,0
2020-11-30,22,MERIDA,756.06,755.81,.25,0
2020-11-30,23,MERIDA,605.56,607.83,-2.27,0
2020-11-30,24,MERIDA,559.57,556.3,3.28,0
2020-11-30,1,MINAS,506.08,487.1,18.98,0
2020-11-30,2,MINAS,475.68,462.35,14.23,-.9
2020-11-30,3,MINAS,460.72,451.26,12.55,-3.09
2020-11-30,4,MINAS,455,444.36,12.65,-2.01
2020-11-30,5,MINAS,459.14,446.42,14.8,-2.08
2020-11-30,6,MINAS,469.3,456.29,16.24,-3.24
2020-11-30,7,MINAS,495.06,475.15,19.91,0
2020-11-30,8,MINAS,531.91,506.41,25.51,0
2020-11-30,9,MINAS,526.13,503.91,22.13,.08
2020-11-30,10,MINAS,540.85,519.7,28.45,-7.3
2020-11-30,11,MINAS,548.02,522.5,31.84,-6.31
2020-11-30,12,MINAS,557.63,527.72,33.65,-3.74
2020-11-30,13,MINAS,550.26,515.88,34.37,0
2020-11-30,14,MINAS,574.19,538.61,37.78,-2.2
2020-11-30,15,MINAS,584.01,551.63,37.52,-5.14
2020-11-30,16,MINAS,596.79,565.45,38.14,-6.8
2020-11-30,17,MINAS,618.15,576.97,41.18,0
2020-11-30,18,MINAS,687.14,640.52,46.63,0
2020-11-30,19,MINAS,802.11,746.34,55.78,0
2020-11-30,20,MINAS,657.15,598.05,59.1,0
2020-11-30,21,MINAS,860.68,785,75.69,0
2020-11-30,22,MINAS,832.7,755.81,76.89,0
2020-11-30,23,MINAS,667.71,607.83,59.88,0
2020-11-30,24,MINAS,599.5,556.3,43.2,0
2020-11-30,1,MONCLOVA,418.56,487.1,-68.54,0
2020-11-30,2,MONCLOVA,391.02,462.35,-67.09,-4.24
2020-11-30,3,MONCLOVA,373.54,451.26,-63.18,-14.55
2020-11-30,4,MONCLOVA,374.07,444.36,-60.84,-9.45
2020-11-30,5,MONCLOVA,374.94,446.42,-61.68,-9.81
2020-11-30,6,MONCLOVA,376.81,456.29,-64.63,-14.85
2020-11-30,7,MONCLOVA,412.35,475.15,-62.8,0
2020-11-30,8,MONCLOVA,434.91,506.41,-71.5,0
2020-11-30,9,MONCLOVA,424.2,503.91,-76.65,-3.07
2020-11-30,10,MONCLOVA,377.2,519.7,-65.85,-76.65
2020-11-30,11,MONCLOVA,378.68,522.5,-66.4,-77.42
2020-11-30,12,MONCLOVA,413.24,527.72,-70.21,-44.27
2020-11-30,13,MONCLOVA,449.58,515.88,-66.31,0
2020-11-30,14,MONCLOVA,462.92,538.61,-66.79,-8.91
2020-11-30,15,MONCLOVA,460.43,551.63,-70.43,-20.76
2020-11-30,16,MONCLOVA,461.27,565.45,-76.68,-27.5
2020-11-30,17,MONCLOVA,507.78,576.97,-69.19,0
2020-11-30,18,MONCLOVA,575.74,640.52,-64.77,0
2020-11-30,19,MONCLOVA,676.98,746.34,-69.36,0
2020-11-30,20,MONCLOVA,548.1,598.05,-49.95,0
2020-11-30,21,MONCLOVA,704.55,785,-80.45,0
2020-11-30,22,MONCLOVA,685.49,755.81,-70.32,0
2020-11-30,23,MONCLOVA,547.77,607.83,-60.06,0
2020-11-30,24,MONCLOVA,499.92,556.3,-56.38,0
2020-11-30,1,MONTEMORELOS,429.45,487.1,-57.65,0
2020-11-30,2,MONTEMORELOS,402.08,462.35,-55.22,-5.05
2020-11-30,3,MONTEMORELOS,382.29,451.26,-51.63,-17.33
2020-11-30,4,MONTEMORELOS,382.83,444.36,-50.26,-11.26
2020-11-30,5,MONTEMORELOS,384.44,446.42,-50.33,-11.65
2020-11-30,6,MONTEMORELOS,385.23,456.29,-53.48,-17.59
2020-11-30,7,MONTEMORELOS,422.18,475.15,-52.97,0
2020-11-30,8,MONTEMORELOS,446.56,506.41,-59.85,0
2020-11-30,9,MONTEMORELOS,436.19,503.91,-65.01,-2.71
2020-11-30,10,MONTEMORELOS,390.73,519.7,-53.49,-75.48
2020-11-30,11,MONTEMORELOS,392.46,522.5,-53.75,-76.29
2020-11-30,12,MONTEMORELOS,426.4,527.72,-58.11,-43.2
2020-11-30,13,MONTEMORELOS,461.87,515.88,-54.01,0
2020-11-30,14,MONTEMORELOS,473.79,538.61,-54.63,-10.2
2020-11-30,15,MONTEMORELOS,471.74,551.63,-56.16,-23.73
2020-11-30,16,MONTEMORELOS,472.73,565.45,-61.28,-31.44
2020-11-30,17,MONTEMORELOS,522.84,576.97,-54.14,0
2020-11-30,18,MONTEMORELOS,591.95,640.52,-48.57,0
2020-11-30,19,MONTEMORELOS,693.99,746.34,-52.35,0
2020-11-30,20,MONTEMORELOS,561.03,598.05,-37.02,0
2020-11-30,21,MONTEMORELOS,723.92,785,-61.08,0
2020-11-30,22,MONTEMORELOS,702.35,755.81,-53.46,0
2020-11-30,23,MONTEMORELOS,561.68,607.83,-46.16,0
2020-11-30,24,MONTEMORELOS,512.59,556.3,-43.7,0
2020-11-30,1,MONTERREY,422.34,487.1,-64.76,0
2020-11-30,2,MONTERREY,395.71,462.35,-62.18,-4.46
2020-11-30,3,MONTERREY,377.8,451.26,-58.19,-15.27
2020-11-30,4,MONTERREY,377.79,444.36,-56.65,-9.92
2020-11-30,5,MONTERREY,379.28,446.42,-56.84,-10.3
2020-11-30,6,MONTERREY,380.29,456.29,-60.42,-15.59
2020-11-30,7,MONTERREY,415.35,475.15,-59.8,0
2020-11-30,8,MONTERREY,438.78,506.41,-67.62,0
2020-11-30,9,MONTERREY,427.31,503.91,-73.57,-3.04
2020-11-30,10,MONTERREY,379.94,519.7,-61.41,-78.35
2020-11-30,11,MONTERREY,381.27,522.5,-62.05,-79.18
2020-11-30,12,MONTERREY,416.85,527.72,-66.13,-44.74
2020-11-30,13,MONTERREY,454.3,515.88,-61.58,0
2020-11-30,14,MONTERREY,467.23,538.61,-62.14,-9.24
2020-11-30,15,MONTERREY,465.95,551.63,-64.14,-21.54
2020-11-30,16,MONTERREY,467.46,565.45,-69.45,-28.54
2020-11-30,17,MONTERREY,515.05,576.97,-61.92,0
2020-11-30,18,MONTERREY,583.33,640.52,-57.19,0
2020-11-30,19,MONTERREY,682.49,746.34,-63.85,0
2020-11-30,20,MONTERREY,552.06,598.05,-45.99,0
2020-11-30,21,MONTERREY,712.12,785,-72.88,0
2020-11-30,22,MONTERREY,691.73,755.81,-64.08,0
2020-11-30,23,MONTERREY,553.88,607.83,-53.95,0
2020-11-30,24,MONTERREY,505.82,556.3,-50.48,0
2020-11-30,1,MORELIA,503.53,487.1,16.43,0
2020-11-30,2,MORELIA,475.23,462.35,13.19,-.31
2020-11-30,3,MORELIA,462.42,451.26,12.21,-1.05
2020-11-30,4,MORELIA,455.33,444.36,11.65,-.68
2020-11-30,5,MORELIA,457.42,446.42,11.71,-.71
2020-11-30,6,MORELIA,467.51,456.29,12.33,-1.11
2020-11-30,7,MORELIA,490.98,475.15,15.83,0
2020-11-30,8,MORELIA,525.89,506.41,19.48,0
2020-11-30,9,MORELIA,524.74,503.91,20.73,.09
2020-11-30,10,MORELIA,541.27,519.7,23.3,-1.73
2020-11-30,11,MORELIA,546.33,522.5,25.37,-1.54
2020-11-30,12,MORELIA,554.31,527.72,27.24,-.65
2020-11-30,13,MORELIA,543.44,515.88,27.56,0
2020-11-30,14,MORELIA,569.71,538.61,30.14,.96
2020-11-30,15,MORELIA,584.78,551.63,30.9,2.25
2020-11-30,16,MORELIA,599.58,565.45,31.17,2.97
2020-11-30,17,MORELIA,607.56,576.97,30.59,0
2020-11-30,18,MORELIA,671.58,640.52,31.06,0
2020-11-30,19,MORELIA,785.2,746.34,38.86,0
2020-11-30,20,MORELIA,632.6,598.05,34.55,0
2020-11-30,21,MORELIA,829.97,785,44.97,0
2020-11-30,22,MORELIA,798.4,755.81,42.59,0
2020-11-30,23,MORELIA,641.97,607.83,34.14,0
2020-11-30,24,MORELIA,583.85,556.3,27.55,0
2020-11-30,1,MORELOS,519.37,487.1,32.27,0
2020-11-30,2,MORELOS,488.6,462.35,26.09,.16
2020-11-30,3,MORELOS,474.39,451.26,22.58,.55
2020-11-30,4,MORELOS,465.83,444.36,21.12,.36
2020-11-30,5,MORELOS,468.21,446.42,21.42,.37
2020-11-30,6,MORELOS,479.28,456.29,22.37,.61
2020-11-30,7,MORELOS,498.64,475.15,23.49,0
2020-11-30,8,MORELOS,530.07,506.41,23.67,0
2020-11-30,9,MORELOS,530.62,503.91,26.83,-.13
2020-11-30,10,MORELOS,546.2,519.7,26.31,.19
2020-11-30,11,MORELOS,549.2,522.5,26.35,.35
2020-11-30,12,MORELOS,558.53,527.72,29.13,1.69
2020-11-30,13,MORELOS,544.32,515.88,28.44,0
2020-11-30,14,MORELOS,581.41,538.61,33.51,9.29
2020-11-30,15,MORELOS,608.38,551.63,35.11,21.65
2020-11-30,16,MORELOS,628.63,565.45,34.51,28.67
2020-11-30,17,MORELOS,609.08,576.97,32.11,0
2020-11-30,18,MORELOS,669.91,640.52,29.4,0
2020-11-30,19,MORELOS,786.88,746.34,40.55,0
2020-11-30,20,MORELOS,625.31,598.05,27.26,0
2020-11-30,21,MORELOS,826.73,785,41.73,0
2020-11-30,22,MORELOS,792.68,755.81,36.87,0
2020-11-30,23,MORELOS,636.21,607.83,28.37,0
2020-11-30,24,MORELOS,580.31,556.3,24.01,0
2020-11-30,1,MOTUL TIZIMIN,523.73,487.1,36.63,0
2020-11-30,2,MOTUL TIZIMIN,489.26,462.35,26.68,.24
2020-11-30,3,MOTUL TIZIMIN,473.65,451.26,21.59,.81
2020-11-30,4,MOTUL TIZIMIN,470.71,444.36,25.83,.52
2020-11-30,5,MOTUL TIZIMIN,473.26,446.42,26.3,.55
2020-11-30,6,MOTUL TIZIMIN,479.82,456.29,22.65,.88
2020-11-30,7,MOTUL TIZIMIN,491.72,475.15,16.57,0
2020-11-30,8,MOTUL TIZIMIN,513.85,506.41,7.44,0
2020-11-30,9,MOTUL TIZIMIN,521.11,503.91,17.35,-.15
2020-11-30,10,MOTUL TIZIMIN,525.84,519.7,5.7,.45
2020-11-30,11,MOTUL TIZIMIN,520.16,522.5,-2.94,.61
2020-11-30,12,MOTUL TIZIMIN,514.13,527.72,-15.67,2.08
2020-11-30,13,MOTUL TIZIMIN,501.62,515.88,-14.27,0
2020-11-30,14,MOTUL TIZIMIN,544.2,538.61,-5.31,10.89
2020-11-30,15,MOTUL TIZIMIN,571.47,551.63,-5.55,25.39
2020-11-30,16,MOTUL TIZIMIN,587.84,565.45,-11.24,33.62
2020-11-30,17,MOTUL TIZIMIN,570.2,576.97,-6.77,0
2020-11-30,18,MOTUL TIZIMIN,619.67,640.52,-20.85,0
2020-11-30,19,MOTUL TIZIMIN,723.65,746.34,-22.68,0
2020-11-30,20,MOTUL TIZIMIN,564.68,598.05,-33.37,0
2020-11-30,21,MOTUL TIZIMIN,752.26,785,-32.74,0
2020-11-30,22,MOTUL TIZIMIN,719.5,755.81,-36.31,0
2020-11-30,23,MOTUL TIZIMIN,576.55,607.83,-31.29,0
2020-11-30,24,MOTUL TIZIMIN,535.41,556.3,-20.89,0
2020-11-30,1,NAVOJOA,407.38,487.1,-79.72,0
2020-11-30,2,NAVOJOA,382.29,462.35,-77.9,-2.16
2020-11-30,3,NAVOJOA,367.63,451.26,-76.23,-7.4
2020-11-30,4,NAVOJOA,368.84,444.36,-70.71,-4.8
2020-11-30,5,NAVOJOA,367.16,446.42,-74.28,-4.98
2020-11-30,6,NAVOJOA,373.56,456.29,-75.13,-7.6
2020-11-30,7,NAVOJOA,398.26,475.15,-76.89,0
2020-11-30,8,NAVOJOA,399.94,506.41,-106.47,0
2020-11-30,9,NAVOJOA,386.31,503.91,-116.46,-1.14
2020-11-30,10,NAVOJOA,381.07,519.7,-104.7,-33.92
2020-11-30,11,NAVOJOA,381.42,522.5,-107.41,-33.66
2020-11-30,12,NAVOJOA,402.12,527.72,-106.25,-19.34
2020-11-30,13,NAVOJOA,404.31,515.88,-111.58,0
2020-11-30,14,NAVOJOA,423.91,538.61,-109.67,-5.04
2020-11-30,15,NAVOJOA,431.47,551.63,-108.42,-11.74
2020-11-30,16,NAVOJOA,429.38,565.45,-120.52,-15.55
2020-11-30,17,NAVOJOA,455.88,576.97,-121.09,0
2020-11-30,18,NAVOJOA,522.95,640.52,-117.57,0
2020-11-30,19,NAVOJOA,629.41,746.34,-116.93,0
2020-11-30,20,NAVOJOA,518.52,598.05,-79.53,0
2020-11-30,21,NAVOJOA,669.83,785,-115.17,0
2020-11-30,22,NAVOJOA,656.97,755.81,-98.83,0
2020-11-30,23,NAVOJOA,525.08,607.83,-82.75,0
2020-11-30,24,NAVOJOA,479.49,556.3,-76.8,0
2020-11-30,1,NOGALES,411.54,487.1,-75.56,0
2020-11-30,2,NOGALES,382.4,462.35,-77.35,-2.6
2020-11-30,3,NOGALES,368.12,451.26,-74.22,-8.92
2020-11-30,4,NOGALES,372.69,444.36,-65.87,-5.79
2020-11-30,5,NOGALES,369.88,446.42,-70.51,-6.03
2020-11-30,6,NOGALES,379.3,456.29,-67.82,-9.17
2020-11-30,7,NOGALES,406.97,475.15,-68.18,0
2020-11-30,8,NOGALES,409.03,506.41,-97.38,0
2020-11-30,9,NOGALES,402.06,503.91,-100.31,-1.55
2020-11-30,10,NOGALES,371.11,519.7,-106.43,-42.16
2020-11-30,11,NOGALES,367.39,522.5,-113.03,-42.08
2020-11-30,12,NOGALES,394.61,527.72,-108.94,-24.17
2020-11-30,13,NOGALES,398.61,515.88,-117.27,0
2020-11-30,14,NOGALES,412.85,538.61,-119.99,-5.77
2020-11-30,15,NOGALES,418.8,551.63,-119.37,-13.46
2020-11-30,16,NOGALES,413.07,565.45,-134.56,-17.82
2020-11-30,17,NOGALES,445.05,576.97,-131.92,0
2020-11-30,18,NOGALES,514.33,640.52,-126.19,0
2020-11-30,19,NOGALES,646.53,746.34,-99.81,0
2020-11-30,20,NOGALES,529.07,598.05,-68.98,0
2020-11-30,21,NOGALES,680.48,785,-104.52,0
2020-11-30,22,NOGALES,669.34,755.81,-86.47,0
2020-11-30,23,NOGALES,535.14,607.83,-72.7,0
2020-11-30,24,NOGALES,487.7,556.3,-68.6,0
2020-11-30,1,NUEVO LAREDO,416.9,487.1,-70.2,0
2020-11-30,2,NUEVO LAREDO,387.91,462.35,-70.21,-4.24
2020-11-30,3,NUEVO LAREDO,370.07,451.26,-66.67,-14.52
2020-11-30,4,NUEVO LAREDO,371.62,444.36,-63.31,-9.43
2020-11-30,5,NUEVO LAREDO,371.86,446.42,-64.77,-9.79
2020-11-30,6,NUEVO LAREDO,373.66,456.29,-67.81,-14.83
2020-11-30,7,NUEVO LAREDO,409.79,475.15,-65.37,0
2020-11-30,8,NUEVO LAREDO,431.99,506.41,-74.42,0
2020-11-30,9,NUEVO LAREDO,422.47,503.91,-78.45,-3
2020-11-30,10,NUEVO LAREDO,376.12,519.7,-67.82,-75.76
2020-11-30,11,NUEVO LAREDO,377.85,522.5,-68.12,-76.53
2020-11-30,12,NUEVO LAREDO,408.68,527.72,-72.19,-46.85
2020-11-30,13,NUEVO LAREDO,447.04,515.88,-68.84,0
2020-11-30,14,NUEVO LAREDO,460.21,538.61,-69.54,-8.87
2020-11-30,15,NUEVO LAREDO,457.82,551.63,-73.15,-20.67
2020-11-30,16,NUEVO LAREDO,458.05,565.45,-80.02,-27.37
2020-11-30,17,NUEVO LAREDO,503.93,576.97,-73.04,0
2020-11-30,18,NUEVO LAREDO,572.03,640.52,-68.49,0
2020-11-30,19,NUEVO LAREDO,676.76,746.34,-69.57,0
2020-11-30,20,NUEVO LAREDO,548.34,598.05,-49.71,0
2020-11-30,21,NUEVO LAREDO,703.12,785,-81.88,0
2020-11-30,22,NUEVO LAREDO,685.15,755.81,-70.66,0
2020-11-30,23,NUEVO LAREDO,545.78,607.83,-62.05,0
2020-11-30,24,NUEVO LAREDO,497.18,556.3,-59.12,0
2020-11-30,1,OAXACA,528.82,487.1,41.72,0
2020-11-30,2,OAXACA,492.26,462.35,29.67,.23
2020-11-30,3,OAXACA,474.75,451.26,22.69,.8
2020-11-30,4,OAXACA,465.57,444.36,20.7,.52
2020-11-30,5,OAXACA,469.03,446.42,22.06,.54
2020-11-30,6,OAXACA,481.14,456.29,23.98,.87
2020-11-30,7,OAXACA,497.49,475.15,22.33,0
2020-11-30,8,OAXACA,529.1,506.41,22.7,0
2020-11-30,9,OAXACA,530.89,503.91,27.13,-.15
2020-11-30,10,OAXACA,545.88,519.7,25.74,.44
2020-11-30,11,OAXACA,545.76,522.5,22.67,.6
2020-11-30,12,OAXACA,555.21,527.72,25.4,2.1
2020-11-30,13,OAXACA,540.21,515.88,24.32,0
2020-11-30,14,OAXACA,583.77,538.61,34.17,10.99
2020-11-30,15,OAXACA,614.41,551.63,37.16,25.63
2020-11-30,16,OAXACA,636.39,565.45,37.01,33.94
2020-11-30,17,OAXACA,615.51,576.97,38.54,0
2020-11-30,18,OAXACA,676.93,640.52,36.42,0
2020-11-30,19,OAXACA,800.61,746.34,54.27,0
2020-11-30,20,OAXACA,634.78,598.05,36.73,0
2020-11-30,21,OAXACA,840.42,785,55.42,0
2020-11-30,22,OAXACA,803.41,755.81,47.6,0
2020-11-30,23,OAXACA,642.32,607.83,34.49,0
2020-11-30,24,OAXACA,584.48,556.3,28.19,0
2020-11-30,1,OBREGON,406.7,487.1,-80.4,0
2020-11-30,2,OBREGON,381.56,462.35,-78.59,-2.19
2020-11-30,3,OBREGON,367,451.26,-76.74,-7.52
2020-11-30,4,OBREGON,368.74,444.36,-70.74,-4.88
2020-11-30,5,OBREGON,366.81,446.42,-74.55,-5.06
2020-11-30,6,OBREGON,373.5,456.29,-75.07,-7.72
2020-11-30,7,OBREGON,398.05,475.15,-77.1,0
2020-11-30,8,OBREGON,398.43,506.41,-107.98,0
2020-11-30,9,OBREGON,386.25,503.91,-116.49,-1.17
2020-11-30,10,OBREGON,380.3,519.7,-104.73,-34.67
2020-11-30,11,OBREGON,380.38,522.5,-107.7,-34.42
2020-11-30,12,OBREGON,402,527.72,-105.94,-19.78
2020-11-30,13,OBREGON,403.58,515.88,-112.31,0
2020-11-30,14,OBREGON,421.49,538.61,-112.03,-5.1
2020-11-30,15,OBREGON,429.43,551.63,-110.32,-11.88
2020-11-30,16,OBREGON,427.22,565.45,-122.49,-15.74
2020-11-30,17,OBREGON,454.03,576.97,-122.95,0
2020-11-30,18,OBREGON,519.26,640.52,-121.26,0
2020-11-30,19,OBREGON,626.54,746.34,-119.79,0
2020-11-30,20,OBREGON,512.29,598.05,-85.76,0
2020-11-30,21,OBREGON,661.22,785,-123.77,0
2020-11-30,22,OBREGON,649.39,755.81,-106.42,0
2020-11-30,23,OBREGON,519.33,607.83,-88.5,0
2020-11-30,24,OBREGON,474.41,556.3,-81.88,0
2020-11-30,1,ORIZABA,511.07,487.1,23.97,0
2020-11-30,2,ORIZABA,478.44,462.35,15.84,.24
2020-11-30,3,ORIZABA,462.57,451.26,10.48,.83
2020-11-30,4,ORIZABA,453.78,444.36,8.88,.54
2020-11-30,5,ORIZABA,456.67,446.42,9.69,.56
2020-11-30,6,ORIZABA,467.77,456.29,10.57,.91
2020-11-30,7,ORIZABA,483.83,475.15,8.68,0
2020-11-30,8,ORIZABA,515.58,506.41,9.17,0
2020-11-30,9,ORIZABA,516.59,503.91,12.83,-.16
2020-11-30,10,ORIZABA,531.15,519.7,10.98,.47
2020-11-30,11,ORIZABA,531.88,522.5,8.76,.63
2020-11-30,12,ORIZABA,541.24,527.72,11.4,2.12
2020-11-30,13,ORIZABA,526.49,515.88,10.61,0
2020-11-30,14,ORIZABA,567.22,538.61,17.56,11.04
2020-11-30,15,ORIZABA,596.78,551.63,19.42,25.74
2020-11-30,16,ORIZABA,618.73,565.45,19.19,34.09
2020-11-30,17,ORIZABA,596.63,576.97,19.66,0
2020-11-30,18,ORIZABA,655.82,640.52,15.3,0
2020-11-30,19,ORIZABA,767.48,746.34,21.15,0
2020-11-30,20,ORIZABA,608.15,598.05,10.1,0
2020-11-30,21,ORIZABA,804.7,785,19.7,0
2020-11-30,22,ORIZABA,772.04,755.81,16.23,0
2020-11-30,23,ORIZABA,620.22,607.83,12.39,0
2020-11-30,24,ORIZABA,566.9,556.3,10.6,0
2020-11-30,1,PIEDRAS NEGRAS,418.24,487.1,-68.86,0
2020-11-30,2,PIEDRAS NEGRAS,388.14,462.35,-70.01,-4.2
2020-11-30,3,PIEDRAS NEGRAS,370.05,451.26,-66.8,-14.4
2020-11-30,4,PIEDRAS NEGRAS,371.59,444.36,-63.42,-9.36
2020-11-30,5,PIEDRAS NEGRAS,371.58,446.42,-65.13,-9.71
2020-11-30,6,PIEDRAS NEGRAS,372.93,456.29,-68.66,-14.71
2020-11-30,7,PIEDRAS NEGRAS,409.49,475.15,-65.66,0
2020-11-30,8,PIEDRAS NEGRAS,429.97,506.41,-76.44,0
2020-11-30,9,PIEDRAS NEGRAS,421.09,503.91,-79.83,-2.99
2020-11-30,10,PIEDRAS NEGRAS,374.54,519.7,-69.82,-75.34
2020-11-30,11,PIEDRAS NEGRAS,376.42,522.5,-69.99,-76.09
2020-11-30,12,PIEDRAS NEGRAS,409.99,527.72,-73.49,-44.24
2020-11-30,13,PIEDRAS NEGRAS,445.25,515.88,-70.63,0
2020-11-30,14,PIEDRAS NEGRAS,459.34,538.61,-70.45,-8.82
2020-11-30,15,PIEDRAS NEGRAS,457.08,551.63,-74,-20.56
2020-11-30,16,PIEDRAS NEGRAS,457.21,565.45,-81.01,-27.23
2020-11-30,17,PIEDRAS NEGRAS,503.05,576.97,-73.92,0
2020-11-30,18,PIEDRAS NEGRAS,571.27,640.52,-69.25,0
2020-11-30,19,PIEDRAS NEGRAS,674.69,746.34,-71.65,0
2020-11-30,20,PIEDRAS NEGRAS,546.02,598.05,-52.03,0
2020-11-30,21,PIEDRAS NEGRAS,698.73,785,-86.27,0
2020-11-30,22,PIEDRAS NEGRAS,679.6,755.81,-76.21,0
2020-11-30,23,PIEDRAS NEGRAS,538.74,607.83,-69.1,0
2020-11-30,24,PIEDRAS NEGRAS,489.8,556.3,-66.49,0
2020-11-30,1,POZA RICA,489.84,487.1,2.74,0
2020-11-30,2,POZA RICA,464.11,462.35,1.31,.45
2020-11-30,3,POZA RICA,452.53,451.26,-.28,1.55
2020-11-30,4,POZA RICA,444.55,444.36,-.81,1.01
2020-11-30,5,POZA RICA,446.57,446.42,-.9,1.05
2020-11-30,6,POZA RICA,457.34,456.29,-.58,1.64
2020-11-30,7,POZA RICA,473.04,475.15,-2.11,0
2020-11-30,8,POZA RICA,502.69,506.41,-3.72,0
2020-11-30,9,POZA RICA,501.44,503.91,-2.21,-.27
2020-11-30,10,POZA RICA,516.7,519.7,-4.25,1.25
2020-11-30,11,POZA RICA,520.25,522.5,-3.68,1.44
2020-11-30,12,POZA RICA,532.19,527.72,1.07,3.4
2020-11-30,13,POZA RICA,516.56,515.88,.68,0
2020-11-30,14,POZA RICA,556.68,538.61,1.65,16.43
2020-11-30,15,POZA RICA,589.22,551.63,-.59,38.18
2020-11-30,16,POZA RICA,615.67,565.45,-.8,51.02
2020-11-30,17,POZA RICA,575.25,576.97,-1.72,0
2020-11-30,18,POZA RICA,636.98,640.52,-3.54,0
2020-11-30,19,POZA RICA,743.47,746.34,-2.87,0
2020-11-30,20,POZA RICA,591.93,598.05,-6.12,0
2020-11-30,21,POZA RICA,777.51,785,-7.49,0
2020-11-30,22,POZA RICA,745.32,755.81,-10.49,0
2020-11-30,23,POZA RICA,598.06,607.83,-9.77,0
2020-11-30,24,POZA RICA,547.24,556.3,-9.06,0
2020-11-30,1,PUEBLA,510.73,487.1,23.63,0
2020-11-30,2,PUEBLA,480.38,462.35,17.8,.23
2020-11-30,3,PUEBLA,465.92,451.26,13.89,.77
2020-11-30,4,PUEBLA,457.28,444.36,12.42,.5
2020-11-30,5,PUEBLA,459.49,446.42,12.55,.52
2020-11-30,6,PUEBLA,471.54,456.29,14.4,.85
2020-11-30,7,PUEBLA,489.28,475.15,14.12,0
2020-11-30,8,PUEBLA,520.12,506.41,13.71,0
2020-11-30,9,PUEBLA,520.83,503.91,17.06,-.15
2020-11-30,10,PUEBLA,535.83,519.7,15.7,.43
2020-11-30,11,PUEBLA,538.33,522.5,15.25,.59
2020-11-30,12,PUEBLA,547.67,527.72,17.92,2.03
2020-11-30,13,PUEBLA,533.03,515.88,17.15,0
2020-11-30,14,PUEBLA,571.51,538.61,22.29,10.62
2020-11-30,15,PUEBLA,599.92,551.63,23.55,24.74
2020-11-30,16,PUEBLA,622.13,565.45,23.91,32.77
2020-11-30,17,PUEBLA,600.88,576.97,23.92,0
2020-11-30,18,PUEBLA,661.69,640.52,21.17,0
2020-11-30,19,PUEBLA,772.93,746.34,26.6,0
2020-11-30,20,PUEBLA,613.2,598.05,15.15,0
2020-11-30,21,PUEBLA,808.85,785,23.86,0
2020-11-30,22,PUEBLA,775.6,755.81,19.79,0
2020-11-30,23,PUEBLA,623.74,607.83,15.91,0
2020-11-30,24,PUEBLA,570.36,556.3,14.07,0
2020-11-30,1,QUERETARO,489.62,487.1,2.52,0
2020-11-30,2,QUERETARO,464.01,462.35,1.74,-.08
2020-11-30,3,QUERETARO,452.47,451.26,1.49,-.28
2020-11-30,4,QUERETARO,445.83,444.36,1.65,-.18
2020-11-30,5,QUERETARO,448.14,446.42,1.9,-.19
2020-11-30,6,QUERETARO,458.63,456.29,2.62,-.28
2020-11-30,7,QUERETARO,479.43,475.15,4.28,0
2020-11-30,8,QUERETARO,511.76,506.41,5.35,0
2020-11-30,9,QUERETARO,509.49,503.91,5.53,.05
2020-11-30,10,QUERETARO,524.7,519.7,5.07,-.06
2020-11-30,11,QUERETARO,526.79,522.5,4.3,-.01
2020-11-30,12,QUERETARO,532.28,527.72,4.56,.01
2020-11-30,13,QUERETARO,519.82,515.88,3.93,0
2020-11-30,14,QUERETARO,542.18,538.61,3.6,-.04
2020-11-30,15,QUERETARO,554.6,551.63,3.07,-.1
2020-11-30,16,QUERETARO,568.58,565.45,3.25,-.12
2020-11-30,17,QUERETARO,581.97,576.97,5,0
2020-11-30,18,QUERETARO,647.48,640.52,6.97,0
2020-11-30,19,QUERETARO,755.94,746.34,9.61,0
2020-11-30,20,QUERETARO,605.7,598.05,7.65,0
2020-11-30,21,QUERETARO,794.16,785,9.16,0
2020-11-30,22,QUERETARO,763.76,755.81,7.95,0
2020-11-30,23,QUERETARO,613,607.83,5.16,0
2020-11-30,24,QUERETARO,561.85,556.3,5.56,0
2020-11-30,1,REYNOSA,391.08,487.1,-96.03,0
2020-11-30,2,REYNOSA,367.81,462.35,-90.1,-4.44
2020-11-30,3,REYNOSA,354.35,451.26,-81.69,-15.22
2020-11-30,4,REYNOSA,354.86,444.36,-79.61,-9.89
2020-11-30,5,REYNOSA,356.58,446.42,-79.58,-10.26
2020-11-30,6,REYNOSA,355.02,456.29,-85.74,-15.53
2020-11-30,7,REYNOSA,390.45,475.15,-84.7,0
2020-11-30,8,REYNOSA,409.88,506.41,-96.53,0
2020-11-30,9,REYNOSA,396.56,503.91,-104.31,-3.04
2020-11-30,10,REYNOSA,353.75,519.7,-87.74,-78.21
2020-11-30,11,REYNOSA,355.55,522.5,-87.92,-79.03
2020-11-30,12,REYNOSA,366.61,527.72,-97.75,-63.36
2020-11-30,13,REYNOSA,423.73,515.88,-92.16,0
2020-11-30,14,REYNOSA,436.45,538.61,-93.02,-9.15
2020-11-30,15,REYNOSA,438.44,551.63,-91.87,-21.32
2020-11-30,16,REYNOSA,438.05,565.45,-99.17,-28.23
2020-11-30,17,REYNOSA,495.2,576.97,-81.77,0
2020-11-30,18,REYNOSA,564.61,640.52,-75.91,0
2020-11-30,19,REYNOSA,658.22,746.34,-88.11,0
2020-11-30,20,REYNOSA,528.31,598.05,-69.74,0
2020-11-30,21,REYNOSA,679.67,785,-105.33,0
2020-11-30,22,REYNOSA,658.26,755.81,-97.54,0
2020-11-30,23,REYNOSA,525.27,607.83,-82.56,0
2020-11-30,24,REYNOSA,479.05,556.3,-77.25,0
2020-11-30,1,RIVIERA MAYA,540.86,487.1,53.76,0
2020-11-30,2,RIVIERA MAYA,503.65,462.35,41.06,.24
2020-11-30,3,RIVIERA MAYA,486.3,451.26,34.23,.81
2020-11-30,4,RIVIERA MAYA,480.92,444.36,36.04,.52
2020-11-30,5,RIVIERA MAYA,483.38,446.42,36.41,.55
2020-11-30,6,RIVIERA MAYA,490.64,456.29,33.47,.88
2020-11-30,7,RIVIERA MAYA,503.6,475.15,28.45,0
2020-11-30,8,RIVIERA MAYA,529.14,506.41,22.74,0
2020-11-30,9,RIVIERA MAYA,536.35,503.91,32.59,-.15
2020-11-30,10,RIVIERA MAYA,548.89,519.7,28.74,.45
2020-11-30,11,RIVIERA MAYA,546.47,522.5,23.37,.61
2020-11-30,12,RIVIERA MAYA,549.3,527.72,19.5,2.08
2020-11-30,13,RIVIERA MAYA,536.51,515.88,20.62,0
2020-11-30,14,RIVIERA MAYA,583.99,538.61,34.49,10.89
2020-11-30,15,RIVIERA MAYA,612.63,551.63,35.61,25.39
2020-11-30,16,RIVIERA MAYA,629.76,565.45,30.69,33.62
2020-11-30,17,RIVIERA MAYA,613.07,576.97,36.1,0
2020-11-30,18,RIVIERA MAYA,665.43,640.52,24.91,0
2020-11-30,19,RIVIERA MAYA,776.91,746.34,30.57,0
2020-11-30,20,RIVIERA MAYA,607.89,598.05,9.84,0
2020-11-30,21,RIVIERA MAYA,809.03,785,24.04,0
2020-11-30,22,RIVIERA MAYA,773.7,755.81,17.89,0
2020-11-30,23,RIVIERA MAYA,620.37,607.83,12.54,0
2020-11-30,24,RIVIERA MAYA,574.56,556.3,18.27,0
2020-11-30,1,SABINAS,415.65,487.1,-71.45,0
2020-11-30,2,SABINAS,387.11,462.35,-71.03,-4.22
2020-11-30,3,SABINAS,369.42,451.26,-67.39,-14.45
2020-11-30,4,SABINAS,370.71,444.36,-64.26,-9.39
2020-11-30,5,SABINAS,371.12,446.42,-65.56,-9.74
2020-11-30,6,SABINAS,372.9,456.29,-68.64,-14.75
2020-11-30,7,SABINAS,408.76,475.15,-66.39,0
2020-11-30,8,SABINAS,430.65,506.41,-75.76,0
2020-11-30,9,SABINAS,420.95,503.91,-79.95,-3.01
2020-11-30,10,SABINAS,374.47,519.7,-69.51,-75.72
2020-11-30,11,SABINAS,376.17,522.5,-69.86,-76.48
2020-11-30,12,SABINAS,409.94,527.72,-73.53,-44.25
2020-11-30,13,SABINAS,445.65,515.88,-70.24,0
2020-11-30,14,SABINAS,459,538.61,-70.77,-8.85
2020-11-30,15,SABINAS,456.48,551.63,-74.53,-20.62
2020-11-30,16,SABINAS,456.91,565.45,-81.23,-27.31
2020-11-30,17,SABINAS,502.78,576.97,-74.19,0
2020-11-30,18,SABINAS,570.48,640.52,-70.04,0
2020-11-30,19,SABINAS,673.45,746.34,-72.88,0
2020-11-30,20,SABINAS,545.61,598.05,-52.44,0
2020-11-30,21,SABINAS,699.37,785,-85.63,0
2020-11-30,22,SABINAS,681.28,755.81,-74.53,0
2020-11-30,23,SABINAS,542.85,607.83,-64.98,0
2020-11-30,24,SABINAS,494.67,556.3,-61.62,0
2020-11-30,1,SALTILLO,428.69,487.1,-58.41,0
2020-11-30,2,SALTILLO,401.91,462.35,-56.44,-4
2020-11-30,3,SALTILLO,384.59,451.26,-52.97,-13.71
2020-11-30,4,SALTILLO,384.13,444.36,-51.33,-8.89
2020-11-30,5,SALTILLO,385.86,446.42,-51.33,-9.23
2020-11-30,6,SALTILLO,387.6,456.29,-54.7,-13.99
2020-11-30,7,SALTILLO,421.34,475.15,-53.81,0
2020-11-30,8,SALTILLO,445.41,506.41,-60.99,0
2020-11-30,9,SALTILLO,432.87,503.91,-67.71,-3.34
2020-11-30,10,SALTILLO,385.7,519.7,-56.5,-77.51
2020-11-30,11,SALTILLO,386.91,522.5,-57.28,-78.31
2020-11-30,12,SALTILLO,421.63,527.72,-61.83,-44.25
2020-11-30,13,SALTILLO,458.38,515.88,-57.5,0
2020-11-30,14,SALTILLO,471.98,538.61,-58.04,-8.59
2020-11-30,15,SALTILLO,471.5,551.63,-60.11,-20.02
2020-11-30,16,SALTILLO,473.65,565.45,-65.28,-26.52
2020-11-30,17,SALTILLO,519.19,576.97,-57.78,0
2020-11-30,18,SALTILLO,589.17,640.52,-51.35,0
2020-11-30,19,SALTILLO,690.43,746.34,-55.9,0
2020-11-30,20,SALTILLO,559.26,598.05,-38.79,0
2020-11-30,21,SALTILLO,722.15,785,-62.85,0
2020-11-30,22,SALTILLO,700.92,755.81,-54.89,0
2020-11-30,23,SALTILLO,561.53,607.83,-46.31,0
2020-11-30,24,SALTILLO,512.82,556.3,-43.48,0
2020-11-30,1,SALVATIERRA,496.42,487.1,9.32,0
2020-11-30,2,SALVATIERRA,469.68,462.35,7.58,-.25
2020-11-30,3,SALVATIERRA,457.57,451.26,7.16,-.86
2020-11-30,4,SALVATIERRA,450.75,444.36,6.95,-.55
2020-11-30,5,SALVATIERRA,453.02,446.42,7.18,-.57
2020-11-30,6,SALVATIERRA,463.04,456.29,7.65,-.9
2020-11-30,7,SALVATIERRA,485.46,475.15,10.31,0
2020-11-30,8,SALVATIERRA,519.75,506.41,13.34,0
2020-11-30,9,SALVATIERRA,518.26,503.91,14.23,.11
2020-11-30,10,SALVATIERRA,535.26,519.7,16.55,-.99
2020-11-30,11,SALVATIERRA,539,522.5,17.49,-.98
2020-11-30,12,SALVATIERRA,545.38,527.72,18.17,-.52
2020-11-30,13,SALVATIERRA,534.26,515.88,18.38,0
2020-11-30,14,SALVATIERRA,558.27,538.61,19.78,-.12
2020-11-30,15,SALVATIERRA,571.63,551.63,20.28,-.28
2020-11-30,16,SALVATIERRA,585.4,565.45,20.31,-.35
2020-11-30,17,SALVATIERRA,597.61,576.97,20.64,0
2020-11-30,18,SALVATIERRA,662.97,640.52,22.45,0
2020-11-30,19,SALVATIERRA,774.1,746.34,27.77,0
2020-11-30,20,SALVATIERRA,623.86,598.05,25.81,0
2020-11-30,21,SALVATIERRA,819,785,34,0
2020-11-30,22,SALVATIERRA,787.97,755.81,32.17,0
2020-11-30,23,SALVATIERRA,632.27,607.83,24.44,0
2020-11-30,24,SALVATIERRA,575.35,556.3,19.05,0
2020-11-30,1,SAN CRISTOBAL,544.27,487.1,57.17,0
2020-11-30,2,SAN CRISTOBAL,505.2,462.35,42.62,.24
2020-11-30,3,SAN CRISTOBAL,486.22,451.26,34.15,.81
2020-11-30,4,SAN CRISTOBAL,476.85,444.36,31.97,.52
2020-11-30,5,SAN CRISTOBAL,480.4,446.42,33.44,.54
2020-11-30,6,SAN CRISTOBAL,492.92,456.29,35.75,.88
2020-11-30,7,SAN CRISTOBAL,508.61,475.15,33.46,0
2020-11-30,8,SAN CRISTOBAL,537.23,506.41,30.82,0
2020-11-30,9,SAN CRISTOBAL,538.78,503.91,35.02,-.15
2020-11-30,10,SAN CRISTOBAL,551.54,519.7,31.39,.45
2020-11-30,11,SAN CRISTOBAL,548.32,522.5,25.22,.6
2020-11-30,12,SAN CRISTOBAL,556.4,527.72,26.6,2.08
2020-11-30,13,SAN CRISTOBAL,540.01,515.88,24.13,0
2020-11-30,14,SAN CRISTOBAL,589.26,538.61,39.76,10.89
2020-11-30,15,SAN CRISTOBAL,620.83,551.63,43.82,25.39
2020-11-30,16,SAN CRISTOBAL,642.85,565.45,43.78,33.62
2020-11-30,17,SAN CRISTOBAL,629.06,576.97,52.09,0
2020-11-30,18,SAN CRISTOBAL,695.83,640.52,55.32,0
2020-11-30,19,SAN CRISTOBAL,829.92,746.34,83.59,0
2020-11-30,20,SAN CRISTOBAL,652.14,598.05,54.09,0
2020-11-30,21,SAN CRISTOBAL,867.82,785,82.82,0
2020-11-30,22,SAN CRISTOBAL,827.59,755.81,71.78,0
2020-11-30,23,SAN CRISTOBAL,660.02,607.83,52.19,0
2020-11-30,24,SAN CRISTOBAL,599.96,556.3,43.66,0
2020-11-30,1,SAN JUAN DEL RIO,500.97,487.1,13.87,0
2020-11-30,2,SAN JUAN DEL RIO,474.15,462.35,11.81,0
2020-11-30,3,SAN JUAN DEL RIO,461.92,451.26,10.67,-.01
2020-11-30,4,SAN JUAN DEL RIO,454.74,444.36,10.39,-.01
2020-11-30,5,SAN JUAN DEL RIO,457.47,446.42,11.05,-.01
2020-11-30,6,SAN JUAN DEL RIO,468.76,456.29,12.46,.01
2020-11-30,7,SAN JUAN DEL RIO,489.41,475.15,14.26,0
2020-11-30,8,SAN JUAN DEL RIO,518.63,506.41,12.23,0
2020-11-30,9,SAN JUAN DEL RIO,516.28,503.91,12.37,0
2020-11-30,10,SAN JUAN DEL RIO,531.82,519.7,12.1,.02
2020-11-30,11,SAN JUAN DEL RIO,535.7,522.5,13.11,.09
2020-11-30,12,SAN JUAN DEL RIO,542.54,527.72,14.38,.44
2020-11-30,13,SAN JUAN DEL RIO,528.59,515.88,12.71,0
2020-11-30,14,SAN JUAN DEL RIO,551.76,538.61,10.8,2.36
2020-11-30,15,SAN JUAN DEL RIO,564.98,551.63,7.87,5.48
2020-11-30,16,SAN JUAN DEL RIO,580.5,565.45,7.76,7.29
2020-11-30,17,SAN JUAN DEL RIO,588.33,576.97,11.36,0
2020-11-30,18,SAN JUAN DEL RIO,645.34,640.52,4.82,0
2020-11-30,19,SAN JUAN DEL RIO,752.83,746.34,6.5,0
2020-11-30,20,SAN JUAN DEL RIO,601.22,598.05,3.18,0
2020-11-30,21,SAN JUAN DEL RIO,788.76,785,3.77,0
2020-11-30,22,SAN JUAN DEL RIO,757.27,755.81,1.46,0
2020-11-30,23,SAN JUAN DEL RIO,607.77,607.83,-.06,0
2020-11-30,24,SAN JUAN DEL RIO,563.4,556.3,7.11,0
2020-11-30,1,SAN LUIS POTOSI,475.29,487.1,-11.81,0
2020-11-30,2,SAN LUIS POTOSI,450.47,462.35,-11.57,-.31
2020-11-30,3,SAN LUIS POTOSI,439.67,451.26,-10.54,-1.06
2020-11-30,4,SAN LUIS POTOSI,434.06,444.36,-9.61,-.69
2020-11-30,5,SAN LUIS POTOSI,436.12,446.42,-9.59,-.71
2020-11-30,6,SAN LUIS POTOSI,445.25,456.29,-9.94,-1.1
2020-11-30,7,SAN LUIS POTOSI,465.35,475.15,-9.81,0
2020-11-30,8,SAN LUIS POTOSI,496.25,506.41,-10.15,0
2020-11-30,9,SAN LUIS POTOSI,490.94,503.91,-13.21,.24
2020-11-30,10,SAN LUIS POTOSI,506.75,519.7,-13.22,.27
2020-11-30,11,SAN LUIS POTOSI,509.36,522.5,-13.7,.56
2020-11-30,12,SAN LUIS POTOSI,511.98,527.72,-15.08,-.66
2020-11-30,13,SAN LUIS POTOSI,501.34,515.88,-14.54,0
2020-11-30,14,SAN LUIS POTOSI,516.93,538.61,-15.39,-6.29
2020-11-30,15,SAN LUIS POTOSI,521.12,551.63,-15.85,-14.66
2020-11-30,16,SAN LUIS POTOSI,528.8,565.45,-17.23,-19.41
2020-11-30,17,SAN LUIS POTOSI,561.2,576.97,-15.77,0
2020-11-30,18,SAN LUIS POTOSI,630.97,640.52,-9.55,0
2020-11-30,19,SAN LUIS POTOSI,733.22,746.34,-13.11,0
2020-11-30,20,SAN LUIS POTOSI,590.13,598.05,-7.92,0
2020-11-30,21,SAN LUIS POTOSI,772.5,785,-12.5,0
2020-11-30,22,SAN LUIS POTOSI,746.51,755.81,-9.3,0
2020-11-30,23,SAN LUIS POTOSI,600.95,607.83,-6.88,0
2020-11-30,24,SAN LUIS POTOSI,550.17,556.3,-6.13,0
2020-11-30,1,SAN MARTIN,510.13,487.1,23.03,0
2020-11-30,2,SAN MARTIN,479.99,462.35,17.42,.22
2020-11-30,3,SAN MARTIN,466.01,451.26,13.99,.76
2020-11-30,4,SAN MARTIN,457.68,444.36,12.83,.49
2020-11-30,5,SAN MARTIN,459.68,446.42,12.75,.51
2020-11-30,6,SAN MARTIN,471.47,456.29,14.34,.83
2020-11-30,7,SAN MARTIN,489.59,475.15,14.44,0
2020-11-30,8,SAN MARTIN,520.53,506.41,14.12,0
2020-11-30,9,SAN MARTIN,521.27,503.91,17.5,-.15
2020-11-30,10,SAN MARTIN,536.67,519.7,16.55,.43
2020-11-30,11,SAN MARTIN,539.07,522.5,16,.58
2020-11-30,12,SAN MARTIN,548.29,527.72,18.57,2
2020-11-30,13,SAN MARTIN,533.71,515.88,17.83,0
2020-11-30,14,SAN MARTIN,571.42,538.61,22.33,10.48
2020-11-30,15,SAN MARTIN,599.51,551.63,23.46,24.43
2020-11-30,16,SAN MARTIN,621.51,565.45,23.71,32.35
2020-11-30,17,SAN MARTIN,600.8,576.97,23.83,0
2020-11-30,18,SAN MARTIN,662.45,640.52,21.93,0
2020-11-30,19,SAN MARTIN,773.26,746.34,26.92,0
2020-11-30,20,SAN MARTIN,613.7,598.05,15.65,0
2020-11-30,21,SAN MARTIN,808.47,785,23.47,0
2020-11-30,22,SAN MARTIN,775.36,755.81,19.55,0
2020-11-30,23,SAN MARTIN,623.37,607.83,15.53,0
2020-11-30,24,SAN MARTIN,570.1,556.3,13.8,0
2020-11-30,1,TAMPICO,460.04,487.1,-27.06,0
2020-11-30,2,TAMPICO,440.34,462.35,-22.71,.71
2020-11-30,3,TAMPICO,432.22,451.26,-21.41,2.37
2020-11-30,4,TAMPICO,424.98,444.36,-20.93,1.56
2020-11-30,5,TAMPICO,426.76,446.42,-21.26,1.6
2020-11-30,6,TAMPICO,436.48,456.29,-22.24,2.42
2020-11-30,7,TAMPICO,448.08,475.15,-27.07,0
2020-11-30,8,TAMPICO,475.44,506.41,-30.97,0
2020-11-30,9,TAMPICO,469.72,503.91,-33.67,-.53
2020-11-30,10,TAMPICO,487.95,519.7,-34.66,2.91
2020-11-30,11,TAMPICO,492.57,522.5,-33.08,3.16
2020-11-30,12,TAMPICO,493.34,527.72,-32.72,-1.66
2020-11-30,13,TAMPICO,484.3,515.88,-31.58,0
2020-11-30,14,TAMPICO,486.64,538.61,-32.73,-19.24
2020-11-30,15,TAMPICO,472.28,551.63,-34.68,-44.66
2020-11-30,16,TAMPICO,471.27,565.45,-35.22,-58.96
2020-11-30,17,TAMPICO,537.53,576.97,-39.44,0
2020-11-30,18,TAMPICO,599.92,640.52,-40.6,0
2020-11-30,19,TAMPICO,697.95,746.34,-48.39,0
2020-11-30,20,TAMPICO,558.24,598.05,-39.81,0
2020-11-30,21,TAMPICO,731.74,785,-53.26,0
2020-11-30,22,TAMPICO,704.98,755.81,-50.83,0
2020-11-30,23,TAMPICO,568.12,607.83,-39.72,0
2020-11-30,24,TAMPICO,520.2,556.3,-36.1,0
2020-11-30,1,TAPACHULA,528.69,487.1,41.59,0
2020-11-30,2,TAPACHULA,489.99,462.35,27.41,.24
2020-11-30,3,TAPACHULA,471.27,451.26,19.21,.81
2020-11-30,4,TAPACHULA,460.28,444.36,15.4,.52
2020-11-30,5,TAPACHULA,463.28,446.42,16.31,.54
2020-11-30,6,TAPACHULA,473.22,456.29,16.05,.88
2020-11-30,7,TAPACHULA,487.28,475.15,12.12,0
2020-11-30,8,TAPACHULA,515.45,506.41,9.04,0
2020-11-30,9,TAPACHULA,518.47,503.91,14.71,-.15
2020-11-30,10,TAPACHULA,531.26,519.7,11.12,.45
2020-11-30,11,TAPACHULA,528.44,522.5,5.34,.6
2020-11-30,12,TAPACHULA,537.29,527.72,7.5,2.08
2020-11-30,13,TAPACHULA,522.92,515.88,7.04,0
2020-11-30,14,TAPACHULA,571.9,538.61,22.4,10.89
2020-11-30,15,TAPACHULA,603.23,551.63,26.22,25.38
2020-11-30,16,TAPACHULA,623.07,565.45,24,33.62
2020-11-30,17,TAPACHULA,606.46,576.97,29.49,0
2020-11-30,18,TAPACHULA,665.92,640.52,25.4,0
2020-11-30,19,TAPACHULA,786.05,746.34,39.71,0
2020-11-30,20,TAPACHULA,616.32,598.05,18.27,0
2020-11-30,21,TAPACHULA,822.87,785,37.88,0
2020-11-30,22,TAPACHULA,785.31,755.81,29.5,0
2020-11-30,23,TAPACHULA,632.96,607.83,25.13,0
2020-11-30,24,TAPACHULA,577.93,556.3,21.63,0
2020-11-30,1,TECAMACHALCO,511.2,487.1,24.1,0
2020-11-30,2,TECAMACHALCO,480.19,462.35,17.6,.24
2020-11-30,3,TECAMACHALCO,465.33,451.26,13.27,.81
2020-11-30,4,TECAMACHALCO,456.79,444.36,11.91,.53
2020-11-30,5,TECAMACHALCO,459.42,446.42,12.45,.55
2020-11-30,6,TECAMACHALCO,471.02,456.29,13.84,.88
2020-11-30,7,TECAMACHALCO,488.65,475.15,13.5,0
2020-11-30,8,TECAMACHALCO,520.89,506.41,14.48,0
2020-11-30,9,TECAMACHALCO,522.41,503.91,18.65,-.16
2020-11-30,10,TECAMACHALCO,537.7,519.7,17.53,.48
2020-11-30,11,TECAMACHALCO,539.06,522.5,15.93,.63
2020-11-30,12,TECAMACHALCO,549.24,527.72,19.4,2.12
2020-11-30,13,TECAMACHALCO,534.38,515.88,18.49,0
2020-11-30,14,TECAMACHALCO,573.22,538.61,23.55,11.05
2020-11-30,15,TECAMACHALCO,602.56,551.63,25.14,25.79
2020-11-30,16,TECAMACHALCO,624.73,565.45,25.2,34.08
2020-11-30,17,TECAMACHALCO,601.92,576.97,24.95,0
2020-11-30,18,TECAMACHALCO,663.27,640.52,22.75,0
2020-11-30,19,TECAMACHALCO,776.18,746.34,29.85,0
2020-11-30,20,TECAMACHALCO,615.45,598.05,17.41,0
2020-11-30,21,TECAMACHALCO,811.43,785,26.43,0
2020-11-30,22,TECAMACHALCO,776.89,755.81,21.08,0
2020-11-30,23,TECAMACHALCO,623.86,607.83,16.03,0
2020-11-30,24,TECAMACHALCO,569.98,556.3,13.69,0
2020-11-30,1,TEHUACAN,522.78,487.1,35.68,0
2020-11-30,2,TEHUACAN,490.93,462.35,28.35,.24
2020-11-30,3,TEHUACAN,475.16,451.26,23.09,.81
2020-11-30,4,TEHUACAN,466.51,444.36,21.62,.53
2020-11-30,5,TEHUACAN,469.44,446.42,22.47,.55
2020-11-30,6,TEHUACAN,481.07,456.29,23.9,.88
2020-11-30,7,TEHUACAN,498.89,475.15,23.74,0
2020-11-30,8,TEHUACAN,532.72,506.41,26.31,0
2020-11-30,9,TEHUACAN,534.12,503.91,30.36,-.15
2020-11-30,10,TEHUACAN,549.33,519.7,29.18,.45
2020-11-30,11,TEHUACAN,550.55,522.5,27.45,.61
2020-11-30,12,TEHUACAN,560.9,527.72,31.1,2.08
2020-11-30,13,TEHUACAN,545.8,515.88,29.92,0
2020-11-30,14,TEHUACAN,586.15,538.61,36.67,10.87
2020-11-30,15,TEHUACAN,615.67,551.63,38.71,25.34
2020-11-30,16,TEHUACAN,637.98,565.45,38.97,33.55
2020-11-30,17,TEHUACAN,615.92,576.97,38.95,0
2020-11-30,18,TEHUACAN,677.85,640.52,37.33,0
2020-11-30,19,TEHUACAN,792.89,746.34,46.55,0
2020-11-30,20,TEHUACAN,627.86,598.05,29.82,0
2020-11-30,21,TEHUACAN,828.32,785,43.32,0
2020-11-30,22,TEHUACAN,793.19,755.81,37.38,0
2020-11-30,23,TEHUACAN,636.37,607.83,28.54,0
2020-11-30,24,TEHUACAN,581.38,556.3,25.09,0
2020-11-30,1,TEHUANTEPEC,512.71,487.1,25.61,0
2020-11-30,2,TEHUANTEPEC,467.56,462.35,4.97,.23
2020-11-30,3,TEHUANTEPEC,445.37,451.26,-6.68,.8
2020-11-30,4,TEHUANTEPEC,435.89,444.36,-8.99,.52
2020-11-30,5,TEHUANTEPEC,444.5,446.42,-2.46,.54
2020-11-30,6,TEHUANTEPEC,452.41,456.29,-4.76,.87
2020-11-30,7,TEHUANTEPEC,460.37,475.15,-14.78,0
2020-11-30,8,TEHUANTEPEC,486.06,506.41,-20.35,0
2020-11-30,9,TEHUANTEPEC,490.2,503.91,-13.56,-.15
2020-11-30,10,TEHUANTEPEC,501.41,519.7,-18.72,.44
2020-11-30,11,TEHUANTEPEC,495.14,522.5,-27.95,.6
2020-11-30,12,TEHUANTEPEC,503.69,527.72,-26.1,2.07
2020-11-30,13,TEHUANTEPEC,488.06,515.88,-27.82,0
2020-11-30,14,TEHUANTEPEC,534.09,538.61,-15.38,10.86
2020-11-30,15,TEHUANTEPEC,571.83,551.63,-5.11,25.31
2020-11-30,16,TEHUANTEPEC,595.81,565.45,-3.16,33.53
2020-11-30,17,TEHUANTEPEC,572.84,576.97,-4.13,0
2020-11-30,18,TEHUANTEPEC,626.56,640.52,-13.96,0
2020-11-30,19,TEHUANTEPEC,741.11,746.34,-5.23,0
2020-11-30,20,TEHUANTEPEC,587.78,598.05,-10.27,0
2020-11-30,21,TEHUANTEPEC,787,785,2,0
2020-11-30,22,TEHUANTEPEC,760.02,755.81,4.22,0
2020-11-30,23,TEHUANTEPEC,613.65,607.83,5.82,0
2020-11-30,24,TEHUANTEPEC,561.57,556.3,5.27,0
2020-11-30,1,TEPIC VALLARTA,489.43,487.1,2.33,0
2020-11-30,2,TEPIC VALLARTA,460.62,462.35,-.48,-1.24
2020-11-30,3,TEPIC VALLARTA,445.83,451.26,-1.17,-4.26
2020-11-30,4,TEPIC VALLARTA,441.36,444.36,-.24,-2.77
2020-11-30,5,TEPIC VALLARTA,442.5,446.42,-1.06,-2.87
2020-11-30,6,TEPIC VALLARTA,449.83,456.29,-2.04,-4.42
2020-11-30,7,TEPIC VALLARTA,475.4,475.15,.25,0
2020-11-30,8,TEPIC VALLARTA,503,506.41,-3.4,0
2020-11-30,9,TEPIC VALLARTA,495.09,503.91,-8.6,-.22
2020-11-30,10,TEPIC VALLARTA,504.68,519.7,-.92,-14.1
2020-11-30,11,TEPIC VALLARTA,510.43,522.5,1.23,-13.29
2020-11-30,12,TEPIC VALLARTA,522.62,527.72,2.63,-7.73
2020-11-30,13,TEPIC VALLARTA,518.46,515.88,2.58,0
2020-11-30,14,TEPIC VALLARTA,539.92,538.61,4.43,-3.12
2020-11-30,15,TEPIC VALLARTA,549.99,551.63,5.63,-7.27
2020-11-30,16,TEPIC VALLARTA,560.16,565.45,4.34,-9.63
2020-11-30,17,TEPIC VALLARTA,578.18,576.97,1.22,0
2020-11-30,18,TEPIC VALLARTA,639.07,640.52,-1.45,0
2020-11-30,19,TEPIC VALLARTA,738.89,746.34,-7.44,0
2020-11-30,20,TEPIC VALLARTA,611.81,598.05,13.76,0
2020-11-30,21,TEPIC VALLARTA,801.37,785,16.37,0
2020-11-30,22,TEPIC VALLARTA,784.88,755.81,29.07,0
2020-11-30,23,TEPIC VALLARTA,635.3,607.83,27.47,0
2020-11-30,24,TEPIC VALLARTA,575.88,556.3,19.58,0
2020-11-30,1,TEZIUTLAN,499,487.1,11.9,0
2020-11-30,2,TEZIUTLAN,472.59,462.35,9.88,.36
2020-11-30,3,TEZIUTLAN,459.68,451.26,7.21,1.22
2020-11-30,4,TEZIUTLAN,451.54,444.36,6.39,.79
2020-11-30,5,TEZIUTLAN,453.96,446.42,6.71,.82
2020-11-30,6,TEZIUTLAN,464.75,456.29,7.17,1.29
2020-11-30,7,TEZIUTLAN,480.4,475.15,5.25,0
2020-11-30,8,TEZIUTLAN,511.12,506.41,4.72,0
2020-11-30,9,TEZIUTLAN,510.41,503.91,6.71,-.21
2020-11-30,10,TEZIUTLAN,524.65,519.7,4.08,.87
2020-11-30,11,TEZIUTLAN,527.29,522.5,3.75,1.04
2020-11-30,12,TEZIUTLAN,539.1,527.72,8.47,2.91
2020-11-30,13,TEZIUTLAN,523.29,515.88,7.41,0
2020-11-30,14,TEZIUTLAN,561.16,538.61,7.91,14.64
2020-11-30,15,TEZIUTLAN,593.95,551.63,8.19,34.13
2020-11-30,16,TEZIUTLAN,619.98,565.45,9.33,45.2
2020-11-30,17,TEZIUTLAN,586.16,576.97,9.19,0
2020-11-30,18,TEZIUTLAN,649.21,640.52,8.69,0
2020-11-30,19,TEZIUTLAN,760.68,746.34,14.34,0
2020-11-30,20,TEZIUTLAN,605.84,598.05,7.79,0
2020-11-30,21,TEZIUTLAN,795.7,785,10.7,0
2020-11-30,22,TEZIUTLAN,760.59,755.81,4.78,0
2020-11-30,23,TEZIUTLAN,610.37,607.83,2.53,0
2020-11-30,24,TEZIUTLAN,557.97,556.3,1.68,0
2020-11-30,1,TICUL,540.34,487.1,53.24,0
2020-11-30,2,TICUL,502.19,462.35,39.6,.24
2020-11-30,3,TICUL,483.75,451.26,31.68,.81
2020-11-30,4,TICUL,476.7,444.36,31.82,.52
2020-11-30,5,TICUL,478.94,446.42,31.98,.55
2020-11-30,6,TICUL,487.15,456.29,29.97,.88
2020-11-30,7,TICUL,499.74,475.15,24.59,0
2020-11-30,8,TICUL,525.61,506.41,19.2,0
2020-11-30,9,TICUL,529.25,503.91,25.49,-.15
2020-11-30,10,TICUL,541.95,519.7,21.81,.45
2020-11-30,11,TICUL,537.49,522.5,14.38,.61
2020-11-30,12,TICUL,541.5,527.72,11.7,2.08
2020-11-30,13,TICUL,527.87,515.88,11.98,0
2020-11-30,14,TICUL,576.26,538.61,26.76,10.89
2020-11-30,15,TICUL,607.76,551.63,30.74,25.39
2020-11-30,16,TICUL,625.85,565.45,26.77,33.62
2020-11-30,17,TICUL,609.9,576.97,32.93,0
2020-11-30,18,TICUL,666.25,640.52,25.73,0
2020-11-30,19,TICUL,780.06,746.34,33.73,0
2020-11-30,20,TICUL,610.89,598.05,12.85,0
2020-11-30,21,TICUL,813.34,785,28.34,0
2020-11-30,22,TICUL,777.22,755.81,21.41,0
2020-11-30,23,TICUL,622.52,607.83,14.69,0
2020-11-30,24,TICUL,574.07,556.3,17.78,0
2020-11-30,1,TLAXCALA,509.18,487.1,22.08,0
2020-11-30,2,TLAXCALA,479.63,462.35,17.04,.24
2020-11-30,3,TLAXCALA,465.39,451.26,13.31,.82
2020-11-30,4,TLAXCALA,457.13,444.36,12.24,.53
2020-11-30,5,TLAXCALA,459.57,446.42,12.59,.56
2020-11-30,6,TLAXCALA,471.37,456.29,14.18,.9
2020-11-30,7,TLAXCALA,489.49,475.15,14.34,0
2020-11-30,8,TLAXCALA,520.64,506.41,14.23,0
2020-11-30,9,TLAXCALA,520.74,503.91,16.98,-.16
2020-11-30,10,TLAXCALA,535.31,519.7,15.12,.49
2020-11-30,11,TLAXCALA,537.69,522.5,14.54,.65
2020-11-30,12,TLAXCALA,547.94,527.72,18.09,2.13
2020-11-30,13,TLAXCALA,532.74,515.88,16.86,0
2020-11-30,14,TLAXCALA,569.87,538.61,20.19,11.07
2020-11-30,15,TLAXCALA,598.46,551.63,21,25.83
2020-11-30,16,TLAXCALA,621.73,565.45,22.12,34.16
2020-11-30,17,TLAXCALA,599.27,576.97,22.31,0
2020-11-30,18,TLAXCALA,661.85,640.52,21.33,0
2020-11-30,19,TLAXCALA,774.02,746.34,27.69,0
2020-11-30,20,TLAXCALA,614.5,598.05,16.45,0
2020-11-30,21,TLAXCALA,808.85,785,23.85,0
2020-11-30,22,TLAXCALA,774.93,755.81,19.12,0
2020-11-30,23,TLAXCALA,622.87,607.83,15.03,0
2020-11-30,24,TLAXCALA,570.38,556.3,14.08,0
2020-11-30,1,TUXTLA,522.54,487.1,35.44,0
2020-11-30,2,TUXTLA,484.92,462.35,22.33,.24
2020-11-30,3,TUXTLA,466.61,451.26,14.55,.81
2020-11-30,4,TUXTLA,456.97,444.36,12.09,.52
2020-11-30,5,TUXTLA,459.94,446.42,12.97,.54
2020-11-30,6,TUXTLA,470.29,456.29,13.12,.88
2020-11-30,7,TUXTLA,484.13,475.15,8.97,0
2020-11-30,8,TUXTLA,512.19,506.41,5.78,0
2020-11-30,9,TUXTLA,514.8,503.91,11.04,-.15
2020-11-30,10,TUXTLA,527.46,519.7,7.31,.45
2020-11-30,11,TUXTLA,524.45,522.5,1.34,.6
2020-11-30,12,TUXTLA,533.42,527.72,3.62,2.08
2020-11-30,13,TUXTLA,519.02,515.88,3.14,0
2020-11-30,14,TUXTLA,568.09,538.61,18.59,10.89
2020-11-30,15,TUXTLA,598.87,551.63,21.85,25.38
2020-11-30,16,TUXTLA,618.3,565.45,19.23,33.62
2020-11-30,17,TUXTLA,600.29,576.97,23.32,0
2020-11-30,18,TUXTLA,656.07,640.52,15.55,0
2020-11-30,19,TUXTLA,772.82,746.34,26.48,0
2020-11-30,20,TUXTLA,606.81,598.05,8.76,0
2020-11-30,21,TUXTLA,812.3,785,27.3,0
2020-11-30,22,TUXTLA,779.8,755.81,23.99,0
2020-11-30,23,TUXTLA,626.99,607.83,19.16,0
2020-11-30,24,TUXTLA,573.76,556.3,17.47,0
2020-11-30,1,URUAPAN,502.39,487.1,15.29,0
2020-11-30,2,URUAPAN,474.14,462.35,12.24,-.45
2020-11-30,3,URUAPAN,461.22,451.26,11.5,-1.54
2020-11-30,4,URUAPAN,454.38,444.36,11.02,-1
2020-11-30,5,URUAPAN,456.3,446.42,10.93,-1.04
2020-11-30,6,URUAPAN,465.69,456.29,11.08,-1.68
2020-11-30,7,URUAPAN,489.89,475.15,14.74,0
2020-11-30,8,URUAPAN,525.28,506.41,18.87,0
2020-11-30,9,URUAPAN,523.81,503.91,19.77,.13
2020-11-30,10,URUAPAN,539.82,519.7,22.74,-2.62
2020-11-30,11,URUAPAN,545.56,522.5,25.36,-2.3
2020-11-30,12,URUAPAN,553.69,527.72,27.24,-1.27
2020-11-30,13,URUAPAN,543.71,515.88,27.83,0
2020-11-30,14,URUAPAN,568.68,538.61,30.38,-.32
2020-11-30,15,URUAPAN,581.77,551.63,30.88,-.74
2020-11-30,16,URUAPAN,595.7,565.45,31.23,-.98
2020-11-30,17,URUAPAN,607.61,576.97,30.64,0
2020-11-30,18,URUAPAN,671.17,640.52,30.65,0
2020-11-30,19,URUAPAN,783.84,746.34,37.5,0
2020-11-30,20,URUAPAN,632.8,598.05,34.75,0
2020-11-30,21,URUAPAN,829.95,785,44.96,0
2020-11-30,22,URUAPAN,799.27,755.81,43.46,0
2020-11-30,23,URUAPAN,643.03,607.83,35.2,0
2020-11-30,24,URUAPAN,584.89,556.3,28.59,0
2020-11-30,1,VDM CENTRO,511.87,487.1,24.77,0
2020-11-30,2,VDM CENTRO,482.61,462.35,20.09,.17
2020-11-30,3,VDM CENTRO,469.23,451.26,17.38,.59
2020-11-30,4,VDM CENTRO,461.01,444.36,16.27,.39
2020-11-30,5,VDM CENTRO,463.35,446.42,16.52,.4
2020-11-30,6,VDM CENTRO,475.6,456.29,18.63,.68
2020-11-30,7,VDM CENTRO,495.28,475.15,20.13,0
2020-11-30,8,VDM CENTRO,527.44,506.41,21.04,0
2020-11-30,9,VDM CENTRO,528.07,503.91,24.28,-.12
2020-11-30,10,VDM CENTRO,544.16,519.7,24.21,.26
2020-11-30,11,VDM CENTRO,547.91,522.5,25.01,.41
2020-11-30,12,VDM CENTRO,556.79,527.72,27.41,1.66
2020-11-30,13,VDM CENTRO,542.38,515.88,26.5,0
2020-11-30,14,VDM CENTRO,577.16,538.61,29.66,8.89
2020-11-30,15,VDM CENTRO,603.14,551.63,30.79,20.72
2020-11-30,16,VDM CENTRO,624.38,565.45,31.46,27.47
2020-11-30,17,VDM CENTRO,608.19,576.97,31.22,0
2020-11-30,18,VDM CENTRO,671.18,640.52,30.66,0
2020-11-30,19,VDM CENTRO,782.69,746.34,36.36,0
2020-11-30,20,VDM CENTRO,621.65,598.05,23.6,0
2020-11-30,21,VDM CENTRO,816.45,785,31.46,0
2020-11-30,22,VDM CENTRO,783.47,755.81,27.66,0
2020-11-30,23,VDM CENTRO,629.38,607.83,21.54,0
2020-11-30,24,VDM CENTRO,575.62,556.3,19.32,0
2020-11-30,1,VDM NORTE,511.05,487.1,23.95,0
2020-11-30,2,VDM NORTE,481.96,462.35,19.44,.17
2020-11-30,3,VDM NORTE,468.76,451.26,16.92,.58
2020-11-30,4,VDM NORTE,460.62,444.36,15.89,.37
2020-11-30,5,VDM NORTE,463.05,446.42,16.24,.39
2020-11-30,6,VDM NORTE,475.17,456.29,18.22,.66
2020-11-30,7,VDM NORTE,494.92,475.15,19.77,0
2020-11-30,8,VDM NORTE,526.87,506.41,20.46,0
2020-11-30,9,VDM NORTE,527.23,503.91,23.44,-.12
2020-11-30,10,VDM NORTE,543.14,519.7,23.2,.24
2020-11-30,11,VDM NORTE,546.77,522.5,23.89,.39
2020-11-30,12,VDM NORTE,555.47,527.72,26.14,1.61
2020-11-30,13,VDM NORTE,541.09,515.88,25.21,0
2020-11-30,14,VDM NORTE,575.28,538.61,28.02,8.65
2020-11-30,15,VDM NORTE,600.79,551.63,29,20.17
2020-11-30,16,VDM NORTE,621.96,565.45,29.79,26.72
2020-11-30,17,VDM NORTE,606.59,576.97,29.62,0
2020-11-30,18,VDM NORTE,669.19,640.52,28.67,0
2020-11-30,19,VDM NORTE,780,746.34,33.66,0
2020-11-30,20,VDM NORTE,619.77,598.05,21.72,0
2020-11-30,21,VDM NORTE,813.88,785,28.88,0
2020-11-30,22,VDM NORTE,781.18,755.81,25.37,0
2020-11-30,23,VDM NORTE,627.9,607.83,20.07,0
2020-11-30,24,VDM NORTE,575.13,556.3,18.83,0
2020-11-30,1,VDM SUR,514.85,487.1,27.75,0
2020-11-30,2,VDM SUR,485.43,462.35,22.93,.16
2020-11-30,3,VDM SUR,472.07,451.26,20.27,.55
2020-11-30,4,VDM SUR,463.82,444.36,19.11,.36
2020-11-30,5,VDM SUR,466.19,446.42,19.4,.37
2020-11-30,6,VDM SUR,478.41,456.29,21.48,.64
2020-11-30,7,VDM SUR,498.3,475.15,23.15,0
2020-11-30,8,VDM SUR,530.82,506.41,24.41,0
2020-11-30,9,VDM SUR,531.37,503.91,27.57,-.12
2020-11-30,10,VDM SUR,547.37,519.7,27.47,.2
2020-11-30,11,VDM SUR,551.1,522.5,28.26,.35
2020-11-30,12,VDM SUR,560.05,527.72,30.73,1.6
2020-11-30,13,VDM SUR,545.66,515.88,29.78,0
2020-11-30,14,VDM SUR,580.39,538.61,33.08,8.7
2020-11-30,15,VDM SUR,606.19,551.63,34.29,20.28
2020-11-30,16,VDM SUR,627.33,565.45,35.01,26.87
2020-11-30,17,VDM SUR,611.7,576.97,34.73,0
2020-11-30,18,VDM SUR,674.66,640.52,34.14,0
2020-11-30,19,VDM SUR,787.64,746.34,41.31,0
2020-11-30,20,VDM SUR,626.15,598.05,28.11,0
2020-11-30,21,VDM SUR,823,785,38,0
2020-11-30,22,VDM SUR,789.49,755.81,33.68,0
2020-11-30,23,VDM SUR,634.35,607.83,26.51,0
2020-11-30,24,VDM SUR,579.97,556.3,23.67,0
2020-11-30,1,VERACRUZ,505.93,487.1,18.83,0
2020-11-30,2,VERACRUZ,474.59,462.35,11.97,.28
2020-11-30,3,VERACRUZ,459.46,451.26,7.25,.95
2020-11-30,4,VERACRUZ,450.33,444.36,5.36,.62
2020-11-30,5,VERACRUZ,452.88,446.42,5.81,.64
2020-11-30,6,VERACRUZ,463.61,456.29,6.3,1.02
2020-11-30,7,VERACRUZ,479.63,475.15,4.47,0
2020-11-30,8,VERACRUZ,511.99,506.41,5.58,0
2020-11-30,9,VERACRUZ,512.8,503.91,9.05,-.17
2020-11-30,10,VERACRUZ,527.96,519.7,7.7,.55
2020-11-30,11,VERACRUZ,528.76,522.5,5.55,.71
2020-11-30,12,VERACRUZ,538.18,527.72,8.16,2.3
2020-11-30,13,VERACRUZ,523.39,515.88,7.51,0
2020-11-30,14,VERACRUZ,563.72,538.61,13.23,11.88
2020-11-30,15,VERACRUZ,594.28,551.63,14.97,27.69
2020-11-30,16,VERACRUZ,616.18,565.45,14.08,36.66
2020-11-30,17,VERACRUZ,591.14,576.97,14.17,0
2020-11-30,18,VERACRUZ,650.59,640.52,10.08,0
2020-11-30,19,VERACRUZ,761.12,746.34,14.78,0
2020-11-30,20,VERACRUZ,603.62,598.05,5.57,0
2020-11-30,21,VERACRUZ,798.45,785,13.45,0
2020-11-30,22,VERACRUZ,765.09,755.81,9.28,0
2020-11-30,23,VERACRUZ,612.39,607.83,4.56,0
2020-11-30,24,VERACRUZ,559.7,556.3,3.41,0
2020-11-30,1,VICTORIA,442.19,487.1,-44.91,0
2020-11-30,2,VICTORIA,413.51,462.35,-41.93,-6.91
2020-11-30,3,VICTORIA,388.45,451.26,-39.14,-23.67
2020-11-30,4,VICTORIA,390.39,444.36,-38.59,-15.38
2020-11-30,5,VICTORIA,391.15,446.42,-39.31,-15.96
2020-11-30,6,VICTORIA,391.07,456.29,-41.1,-24.12
2020-11-30,7,VICTORIA,430.73,475.15,-44.42,0
2020-11-30,8,VICTORIA,456.01,506.41,-50.4,0
2020-11-30,9,VICTORIA,448.27,503.91,-54.01,-1.63
2020-11-30,10,VICTORIA,474.95,519.7,-49.65,4.9
2020-11-30,11,VICTORIA,477.33,522.5,-50.45,5.28
2020-11-30,12,VICTORIA,477.93,527.72,-49.66,-.13
2020-11-30,13,VICTORIA,469.69,515.88,-46.19,0
2020-11-30,14,VICTORIA,477.2,538.61,-46.75,-14.66
2020-11-30,15,VICTORIA,469.22,551.63,-48.24,-34.16
2020-11-30,16,VICTORIA,471.26,565.45,-48.94,-45.25
2020-11-30,17,VICTORIA,526.84,576.97,-50.13,0
2020-11-30,18,VICTORIA,592.25,640.52,-48.27,0
2020-11-30,19,VICTORIA,693.1,746.34,-53.24,0
2020-11-30,20,VICTORIA,556.83,598.05,-41.22,0
2020-11-30,21,VICTORIA,729.26,785,-55.73,0
2020-11-30,22,VICTORIA,704.88,755.81,-50.93,0
2020-11-30,23,VICTORIA,567.28,607.83,-40.56,0
2020-11-30,24,VICTORIA,518.19,556.3,-38.11,0
2020-11-30,1,VILLAHERMOSA,522.16,487.1,35.06,0
2020-11-30,2,VILLAHERMOSA,484.29,462.35,21.7,.24
2020-11-30,3,VILLAHERMOSA,465.57,451.26,13.5,.81
2020-11-30,4,VILLAHERMOSA,456.37,444.36,11.49,.52
2020-11-30,5,VILLAHERMOSA,458.79,446.42,11.82,.55
2020-11-30,6,VILLAHERMOSA,468.55,456.29,11.37,.88
2020-11-30,7,VILLAHERMOSA,481.17,475.15,6.02,0
2020-11-30,8,VILLAHERMOSA,508.38,506.41,1.97,0
2020-11-30,9,VILLAHERMOSA,511.53,503.91,7.77,-.15
2020-11-30,10,VILLAHERMOSA,524.06,519.7,3.91,.45
2020-11-30,11,VILLAHERMOSA,521.22,522.5,-1.89,.61
2020-11-30,12,VILLAHERMOSA,530.12,527.72,.32,2.08
2020-11-30,13,VILLAHERMOSA,516.33,515.88,.45,0
2020-11-30,14,VILLAHERMOSA,564.6,538.61,15.09,10.89
2020-11-30,15,VILLAHERMOSA,593.53,551.63,16.52,25.39
2020-11-30,16,VILLAHERMOSA,611.77,565.45,12.69,33.62
2020-11-30,17,VILLAHERMOSA,593.94,576.97,16.97,0
2020-11-30,18,VILLAHERMOSA,647.55,640.52,7.03,0
2020-11-30,19,VILLAHERMOSA,761.51,746.34,15.17,0
2020-11-30,20,VILLAHERMOSA,598.5,598.05,.46,0
2020-11-30,21,VILLAHERMOSA,800.02,785,15.03,0
2020-11-30,22,VILLAHERMOSA,767.94,755.81,12.13,0
2020-11-30,23,VILLAHERMOSA,617.35,607.83,9.52,0
2020-11-30,24,VILLAHERMOSA,566.82,556.3,10.52,0
2020-11-30,1,XALAPA,505.67,487.1,18.58,0
2020-11-30,2,XALAPA,477.2,462.35,14.52,.34
2020-11-30,3,XALAPA,462.87,451.26,10.46,1.15
2020-11-30,4,XALAPA,454.3,444.36,9.2,.75
2020-11-30,5,XALAPA,456.75,446.42,9.56,.78
2020-11-30,6,XALAPA,467.98,456.29,10.47,1.22
2020-11-30,7,XALAPA,485.31,475.15,10.16,0
2020-11-30,8,XALAPA,516.62,506.41,10.21,0
2020-11-30,9,XALAPA,516.27,503.91,12.56,-.2
2020-11-30,10,XALAPA,530.55,519.7,10.05,.8
2020-11-30,11,XALAPA,533.15,522.5,9.69,.97
2020-11-30,12,XALAPA,545.75,527.72,15.26,2.77
2020-11-30,13,XALAPA,529.41,515.88,13.52,0
2020-11-30,14,XALAPA,566.85,538.61,14.27,13.98
2020-11-30,15,XALAPA,598.74,551.63,14.51,32.61
2020-11-30,16,XALAPA,624.23,565.45,15.55,43.24
2020-11-30,17,XALAPA,593.02,576.97,16.05,0
2020-11-30,18,XALAPA,657.04,640.52,16.52,0
2020-11-30,19,XALAPA,771.7,746.34,25.36,0
2020-11-30,20,XALAPA,613.82,598.05,15.77,0
2020-11-30,21,XALAPA,806.73,785,21.73,0
2020-11-30,22,XALAPA,770.54,755.81,14.73,0
2020-11-30,23,XALAPA,618.06,607.83,10.23,0
2020-11-30,24,XALAPA,565.05,556.3,8.76,0
2020-11-30,1,ZACAPU,499.79,487.1,12.69,0
2020-11-30,2,ZACAPU,472.06,462.35,10.17,-.46
2020-11-30,3,ZACAPU,459.54,451.26,9.86,-1.58
2020-11-30,4,ZACAPU,452.93,444.36,9.6,-1.02
2020-11-30,5,ZACAPU,454.9,446.42,9.55,-1.07
2020-11-30,6,ZACAPU,464.25,456.29,9.67,-1.71
2020-11-30,7,ZACAPU,488.18,475.15,13.03,0
2020-11-30,8,ZACAPU,522.25,506.41,15.84,0
2020-11-30,9,ZACAPU,519.64,503.91,15.59,.14
2020-11-30,10,ZACAPU,534.56,519.7,17.52,-2.65
2020-11-30,11,ZACAPU,539.69,522.5,19.52,-2.33
2020-11-30,12,ZACAPU,547.66,527.72,21.25,-1.3
2020-11-30,13,ZACAPU,537.67,515.88,21.79,0
2020-11-30,14,ZACAPU,561.85,538.61,23.66,-.42
2020-11-30,15,ZACAPU,574.61,551.63,23.96,-.97
2020-11-30,16,ZACAPU,588.74,565.45,24.58,-1.29
2020-11-30,17,ZACAPU,600.82,576.97,23.85,0
2020-11-30,18,ZACAPU,664.24,640.52,23.72,0
2020-11-30,19,ZACAPU,775.41,746.34,29.08,0
2020-11-30,20,ZACAPU,625.22,598.05,27.17,0
2020-11-30,21,ZACAPU,820.82,785,35.82,0
2020-11-30,22,ZACAPU,790.61,755.81,34.8,0
2020-11-30,23,ZACAPU,637.21,607.83,29.37,0
2020-11-30,24,ZACAPU,580.69,556.3,24.39,0
2020-11-30,1,ZACATECAS,490.63,487.1,3.53,0
2020-11-30,2,ZACATECAS,462.72,462.35,1.45,-1.08
2020-11-30,3,ZACATECAS,449.86,451.26,2.29,-3.69
2020-11-30,4,ZACATECAS,444.81,444.36,2.85,-2.4
2020-11-30,5,ZACATECAS,446.84,446.42,2.91,-2.48
2020-11-30,6,ZACATECAS,454.79,456.29,2.31,-3.81
2020-11-30,7,ZACATECAS,479.91,475.15,4.76,0
2020-11-30,8,ZACATECAS,510.44,506.41,4.03,0
2020-11-30,9,ZACATECAS,503.07,503.91,-1.26,.42
2020-11-30,10,ZACATECAS,516.99,519.7,2,-4.71
2020-11-30,11,ZACATECAS,520.94,522.5,2.78,-4.34
2020-11-30,12,ZACATECAS,526.53,527.72,1.77,-2.97
2020-11-30,13,ZACATECAS,519.21,515.88,3.33,0
2020-11-30,14,ZACATECAS,537.51,538.61,3.56,-4.65
2020-11-30,15,ZACATECAS,544.22,551.63,3.43,-10.84
2020-11-30,16,ZACATECAS,553.77,565.45,2.69,-14.36
2020-11-30,17,ZACATECAS,583.82,576.97,6.85,0
2020-11-30,18,ZACATECAS,657.94,640.52,17.43,0
2020-11-30,19,ZACATECAS,770.25,746.34,23.92,0
2020-11-30,20,ZACATECAS,625.51,598.05,27.46,0
2020-11-30,21,ZACATECAS,816.11,785,31.12,0
2020-11-30,22,ZACATECAS,788.73,755.81,32.92,0
2020-11-30,23,ZACATECAS,632.62,607.83,24.78,0
2020-11-30,24,ZACATECAS,574.77,556.3,18.47,0
2020-11-30,1,ZAMORA,501.1,487.1,14,0
2020-11-30,2,ZAMORA,472.96,462.35,11.16,-.54
2020-11-30,3,ZAMORA,460.08,451.26,10.67,-1.85
2020-11-30,4,ZAMORA,453.72,444.36,10.56,-1.2
2020-11-30,5,ZAMORA,455.66,446.42,10.49,-1.25
2020-11-30,6,ZAMORA,464.96,456.29,10.66,-1.99
2020-11-30,7,ZAMORA,489.81,475.15,14.66,0
2020-11-30,8,ZAMORA,524.86,506.41,18.46,0
2020-11-30,9,ZAMORA,522.53,503.91,18.47,.15
2020-11-30,10,ZAMORA,538.02,519.7,21.56,-3.24
2020-11-30,11,ZAMORA,543.58,522.5,23.86,-2.78
2020-11-30,12,ZAMORA,551.52,527.72,25.41,-1.6
2020-11-30,13,ZAMORA,541.41,515.88,25.52,0
2020-11-30,14,ZAMORA,565.87,538.61,28.02,-.77
2020-11-30,15,ZAMORA,578.16,551.63,28.32,-1.79
2020-11-30,16,ZAMORA,591.65,565.45,28.57,-2.36
2020-11-30,17,ZAMORA,605.16,576.97,28.19,0
2020-11-30,18,ZAMORA,668.8,640.52,28.28,0
2020-11-30,19,ZAMORA,779,746.34,32.67,0
2020-11-30,20,ZAMORA,629.55,598.05,31.5,0
2020-11-30,21,ZAMORA,826.09,785,41.09,0
2020-11-30,22,ZAMORA,797.2,755.81,41.39,0
2020-11-30,23,ZAMORA,642.15,607.83,34.32,0
2020-11-30,24,ZAMORA,584.63,556.3,28.34,0
2020-11-30,1,ZAPOTLAN,493.43,487.1,6.33,0
2020-11-30,2,ZAPOTLAN,465.29,462.35,3.78,-.84
2020-11-30,3,ZAPOTLAN,451.72,451.26,3.33,-2.88
2020-11-30,4,ZAPOTLAN,446.06,444.36,3.57,-1.87
2020-11-30,5,ZAPOTLAN,447.66,446.42,3.17,-1.94
2020-11-30,6,ZAPOTLAN,456.25,456.29,2.99,-3.03
2020-11-30,7,ZAPOTLAN,481.43,475.15,6.28,0
2020-11-30,8,ZAPOTLAN,515.81,506.41,9.4,0
2020-11-30,9,ZAPOTLAN,513.56,503.91,9.53,.12
2020-11-30,10,ZAPOTLAN,527.98,519.7,14.52,-6.23
2020-11-30,11,ZAPOTLAN,534.42,522.5,17.13,-5.21
2020-11-30,12,ZAPOTLAN,543.08,527.72,18.46,-3.1
2020-11-30,13,ZAPOTLAN,534.7,515.88,18.82,0
2020-11-30,14,ZAPOTLAN,557.18,538.61,20.51,-1.95
2020-11-30,15,ZAPOTLAN,568.04,551.63,20.95,-4.53
2020-11-30,16,ZAPOTLAN,579.16,565.45,19.71,-6
2020-11-30,17,ZAPOTLAN,596.1,576.97,19.13,0
2020-11-30,18,ZAPOTLAN,659.57,640.52,19.05,0
2020-11-30,19,ZAPOTLAN,765.22,746.34,18.89,0
2020-11-30,20,ZAPOTLAN,622.59,598.05,24.54,0
2020-11-30,21,ZAPOTLAN,816.04,785,31.04,0
2020-11-30,22,ZAPOTLAN,790.81,755.81,35,0
2020-11-30,23,ZAPOTLAN,637.51,607.83,29.67,0
2020-11-30,24,ZAPOTLAN,579.8,556.3,23.5,0
2020-11-30,1,ZIHUATANEJO,527.02,487.1,39.92,0
2020-11-30,2,ZIHUATANEJO,496.72,462.35,34.47,-.11
2020-11-30,3,ZIHUATANEJO,483.76,451.26,32.87,-.37
2020-11-30,4,ZIHUATANEJO,475.26,444.36,31.14,-.24
2020-11-30,5,ZIHUATANEJO,476.76,446.42,30.6,-.26
2020-11-30,6,ZIHUATANEJO,484.79,456.29,29.08,-.59
2020-11-30,7,ZIHUATANEJO,507.47,475.15,32.32,0
2020-11-30,8,ZIHUATANEJO,543.98,506.41,37.58,0
2020-11-30,9,ZIHUATANEJO,541.42,503.91,37.53,-.03
2020-11-30,10,ZIHUATANEJO,555.73,519.7,37.22,-1.19
2020-11-30,11,ZIHUATANEJO,562.53,522.5,40.94,-.91
2020-11-30,12,ZIHUATANEJO,572.44,527.72,44.33,.39
2020-11-30,13,ZIHUATANEJO,560.74,515.88,44.86,0
2020-11-30,14,ZIHUATANEJO,593.41,538.61,49.05,5.75
2020-11-30,15,ZIHUATANEJO,614.52,551.63,49.48,13.41
2020-11-30,16,ZIHUATANEJO,631.43,565.45,48.25,17.74
2020-11-30,17,ZIHUATANEJO,618.14,576.97,41.17,0
2020-11-30,18,ZIHUATANEJO,676.64,640.52,36.12,0
2020-11-30,19,ZIHUATANEJO,798.42,746.34,52.09,0
2020-11-30,20,ZIHUATANEJO,637.13,598.05,39.08,0
2020-11-30,21,ZIHUATANEJO,844.45,785,59.45,0
2020-11-30,22,ZIHUATANEJO,810.98,755.81,55.18,0
2020-11-30,23,ZIHUATANEJO,656.22,607.83,48.39,0
2020-11-30,24,ZIHUATANEJO,600.52,556.3,44.22,0
